1381289059 264474
1381289059 314843
1381289059 366703
1381289059 416334
1381289059 468222
1381289059 519658
1381289059 570311
1381289059 623402
1381289059 675099
1381289059 726924
1381289059 780166
1381289059 831746
1381289059 884874
1381289059 937357
1381289059 989775
1381289060 41437
1381289060 94303
1381289060 148130
1381289060 202272
1381289060 256105
1381289060 309210
1381289060 597142
1381289060 977959
1381289061 314576
1381289061 605264
1381289061 846417
1381289062 135226
1381289062 470241
1381289062 760984
1381289063 194261
1381289063 627655
1381289063 731301
1381289063 788574
1381289063 844392
1381289063 901026
1381289063 958484
1381289064 15447
1381289064 71403
1381289064 127737
1381289064 183206
1381289064 239180
1381289064 294905
1381289064 539038
1381289064 874055
1381289065 117720
1381289065 360317
1381289065 746335
1381289066 79613
1381289066 231287
1381289066 479534
1381289066 581660
1381289066 640243
1381289066 697396
1381289066 756008
1381289066 814293
1381289066 872991
1381289066 930783
1381289066 991671
1381289067 49936
1381289067 108330
1381289067 168526
1381289067 227880
1381289067 286708
1381289067 621492
1381289067 865466
1381289068 202399
1381289068 537503
1381289068 871935
1381289069 25473
1381289069 230999
1381289069 567886
1381289069 859114
1381289069 919373
1381289069 982734
1381289070 44871
1381289070 107381
1381289070 170020
1381289070 232710
1381289070 294571
1381289070 630953
1381289070 877430
1381289071 76885
1381289071 320291
1381289071 613805
1381289071 859994
1381289071 922385
1381289071 985682
1381289072 48458
1381289072 110630
1381289072 174426
1381289072 239841
1381289072 307319
1381289072 636451
1381289072 935817
1381289073 272428
1381289073 560324
1381289073 625653
1381289073 689301
1381289073 754704
1381289073 819636
1381289073 887186
1381289073 953510
1381289074 18574
1381289074 82846
1381289074 148343
1381289074 212903
1381289074 279416
1381289074 426047
1381289074 760954
1381289074 967869
1381289075 216286
1381289075 463129
1381289075 751137
1381289076 43882
1381289076 332374
1381289076 660724
1381289076 733938
1381289076 802608
1381289076 869184
1381289076 937491
1381289077 4761
1381289077 71787
1381289077 139805
1381289077 207201
1381289077 276988
1381289077 386399
1381289077 638363
1381289077 883623
1381289078 259228
1381289078 505921
1381289078 803165
1381289079 135069
1381289079 298184
1381289079 457120
1381289079 526342
1381289079 595462
1381289079 666567
1381289079 737648
1381289079 807810
1381289079 876471
1381289079 949173
1381289080 21567
1381289080 91778
1381289080 163934
1381289080 235358
1381289080 307016
1381289080 610579
1381289080 936791
1381289081 228914
1381289081 660160
1381289081 937855
1381289082 267926
1381289082 468110
1381289082 546741
1381289082 618945
1381289082 691547
1381289082 763861
1381289082 836966
1381289082 910210
1381289082 985303
1381289083 58230
1381289083 129912
1381289083 203570
1381289083 276294
1381289083 391053
1381289083 676165
1381289084 105662
1381289084 442151
1381289084 779228
1381289085 204460
1381289085 318070
1381289085 569464
1381289085 644632
1381289085 718677
1381289085 794186
1381289085 870219
1381289085 946328
1381289086 23371
1381289086 98826
1381289086 174195
1381289086 249779
1381289086 325029
1381289086 647641
1381289086 810053
1381289087 66919
1381289087 315087
1381289087 653727
1381289087 893944
1381289088 155545
1381289088 367235
1381289088 656260
1381289088 733504
1381289088 811816
1381289088 890011
1381289088 967204
1381289089 44541
1381289089 122778
1381289089 200277
1381289089 279417
1381289089 519406
1381289089 818216
1381289090 78827
1381289090 416665
1381289090 753279
1381289090 870160
1381289090 950498
1381289091 30200
1381289091 109138
1381289091 187337
1381289091 267563
1381289091 420862
1381289091 681239
1381289092 6470
1381289092 183398
1381289092 509249
1381289092 687059
1381289092 939663
1381289093 21787
1381289093 103582
1381289093 185371
1381289093 265933
1381289093 386204
1381289093 673738
1381289093 974119
1381289094 225702
1381289094 440726
1381289094 524103
1381289094 606674
1381289094 689656
1381289094 773849
1381289094 856493
1381289094 939447
1381289095 23452
1381289095 106255
1381289095 190772
1381289095 274180
1381289095 395357
1381289095 612334
1381289095 853510
1381289096 21033
1381289096 238697
1381289096 536284
1381289096 955103
1381289097 123220
1381289097 449175
1381289097 677847
1381289097 968717
1381289098 53774
1381289098 138466
1381289098 224154
1381289098 309631
1381289098 646487
1381289098 897290
1381289099 67568
1381289099 153575
1381289099 242889
1381289099 327764
1381289099 617377
1381289099 919951
1381289100 174086
1381289100 261922
1381289100 431068
1381289100 686140
1381289100 773548
1381289100 863897
1381289100 952580
1381289101 38088
1381289101 125771
1381289101 215463
1381289101 303382
1381289101 461414
1381289101 727995
1381289101 983627
1381289102 201262
1381289102 525191
1381289102 745909
1381289103 83035
1381289103 173515
1381289103 262019
1381289103 386964
1381289103 770246
1381289103 860330
1381289103 949344
1381289104 40643
1381289104 133963
1381289104 224350
1381289104 315028
1381289104 569931
1381289104 823883
1381289105 80760
1381289105 336079
1381289105 678229
1381289105 770545
1381289105 864971
1381289105 956592
1381289106 50865
1381289106 142239
1381289106 234201
1381289106 326861
1381289106 585651
1381289106 842167
1381289107 245950
1381289107 502681
1381289107 771400
1381289107 866608
1381289107 958597
1381289108 53554
1381289108 147949
1381289108 242417
1381289108 335424
1381289108 588790
1381289108 765803
1381289109 20257
1381289109 277056
1381289109 663088
1381289109 789541
1381289109 886501
1381289109 981940
1381289110 78264
1381289110 173381
1381289110 270951
1381289110 397670
1381289110 543827
1381289110 785231
1381289110 961356
1381289111 203007
1381289111 539526
1381289111 862306
1381289112 167181
1381289112 265106
1381289112 426049
1381289112 701814
1381289112 799599
1381289112 897939
1381289112 996522
1381289113 94074
1381289113 192984
1381289113 292168
1381289113 422103
1381289113 726191
1381289114 14552
1381289114 290096
1381289114 629397
1381289114 760978
1381289114 858783
1381289114 958361
1381289115 59548
1381289115 159385
1381289115 259484
1381289115 420886
1381289115 619316
1381289115 905822
1381289116 332355
1381289116 588968
1381289116 769004
1381289116 869717
1381289116 969762
1381289117 71816
1381289117 172173
1381289117 273024
1381289117 374415
1381289117 694448
1381289118 32637
1381289118 402934
1381289118 603735
1381289118 706048
1381289118 807416
1381289118 908423
1381289119 10514
1381289119 113768
1381289119 216088
1381289119 319345
1381289119 497992
1381289119 880697
1381289120 187917
1381289120 525427
1381289120 719907
1381289120 841476
1381289120 945375
1381289121 50763
1381289121 154952
1381289121 258994
1381289121 394944
1381289121 703121
1381289122 20819
1381289122 330284
1381289122 591510
1381289122 698006
1381289122 803335
1381289122 909255
1381289123 15207
1381289123 121342
1381289123 228855
1381289123 333425
1381289123 743086
1381289123 973546
1381289124 216802
1381289124 581174
1381289124 707650
1381289124 815217
1381289124 920940
1381289125 29704
1381289125 137525
1381289125 245579
1381289125 385700
1381289125 749364
1381289126 108030
1381289126 397104
1381289126 634330
1381289126 742691
1381289126 851761
1381289126 960769
1381289127 72091
1381289127 180324
1381289127 288438
1381289127 454515
1381289127 735199
1381289128 72125
1381289128 408409
1381289128 667137
1381289128 777471
1381289128 887721
1381289128 998240
1381289129 109010
1381289129 221264
1381289129 331562
1381289129 644937
1381289129 988065
1381289130 342546
1381289130 454902
1381289130 568825
1381289130 680569
1381289130 793588
1381289130 905064
1381289131 18243
1381289131 129803
1381289131 243666
1381289131 358054
1381289131 696509
1381289132 34233
1381289132 296850
1381289132 531649
1381289132 896527
1381289133 106524
1381289133 298214
1381289133 534134
1381289133 649948
1381289133 763615
1381289133 876675
1381289133 991646
1381289134 106121
1381289134 221523
1381289134 335347
1381289134 600196
1381289134 910493
1381289135 248727
1381289135 610662
1381289135 725280
1381289135 841323
1381289135 957161
1381289136 76278
1381289136 191518
1381289136 307505
1381289136 474391
1381289136 738287
1381289137 22927
1381289137 335969
1381289137 602172
1381289137 890433
1381289138 7517
1381289138 125514
1381289138 241738
1381289138 359344
1381289138 697093
1381289138 937369
1381289139 201098
1381289139 342389
1381289139 609370
1381289139 727965
1381289139 846848
1381289139 965147
1381289140 85916
1381289140 206176
1381289140 325275
1381289140 591418
1381289140 855212
1381289141 119532
1381289141 456550
1381289141 722059
1381289141 842655
1381289141 961895
1381289142 82391
1381289142 204049
1381289142 323335
1381289142 564928
1381289142 845939
1381289143 136756
1381289143 375679
1381289143 644957
1381289143 766400
1381289143 887939
1381289144 11196
1381289144 133589
1381289144 255542
1381289144 450057
1381289144 789738
1381289145 152059
1381289145 394374
1381289145 589935
1381289145 713799
1381289145 836536
1381289145 961056
1381289146 84045
1381289146 208204
1381289146 331432
1381289146 503251
1381289146 771139
1381289147 135315
1381289147 473145
1381289147 740630
1381289147 863460
1381289147 991085
1381289148 116389
1381289148 241942
1381289148 365579
1381289148 491390
1381289148 757296
1381289149 68177
1381289149 359172
1381289149 696644
1381289149 821401
1381289149 946293
1381289150 75085
1381289150 201682
1381289150 328750
1381289150 455225
1381289150 769615
1381289151 85865
1381289151 446950
1381289151 598447
1381289151 724888
1381289151 851768
1381289151 978347
1381289152 108182
1381289152 236800
1381289152 362204
1381289152 533325
1381289152 943725
1381289153 281814
1381289153 620924
1381289153 770307
1381289153 898382
1381289154 29813
1381289154 158520
1381289154 286313
1381289154 414919
1381289154 586057
1381289154 881082
1381289155 220131
1381289155 536795
1381289155 827585
1381289155 957340
1381289156 88060
1381289156 219536
1381289156 348864
1381289156 524321
1381289156 750640
1381289157 61718
1381289157 356161
1381289157 626231
1381289157 759085
1381289157 890652
1381289158 21430
1381289158 155702
1381289158 289408
1381289158 421633
1381289158 663685
1381289158 980497
1381289159 231498
1381289159 500719
1381289159 775403
1381289160 45839
1381289160 178911
1381289160 310470
1381289160 444980
1381289160 715059
1381289161 55339
1381289161 188539
1381289161 323248
1381289161 458730
1381289161 843620
1381289162 46428
1381289162 180842
1381289162 315331
1381289162 448457
1381289162 806450
1381289163 81180
1381289163 217245
1381289163 353265
1381289163 527671
1381289163 762222
1381289164 3749
1381289164 236290
1381289164 477843
1381289164 644442
1381289164 781607
1381289164 918335
1381289165 54936
1381289165 194144
1381289165 331654
1381289165 469722
1381289165 807681
1381289166 81246
1381289166 401398
1381289166 757652
1381289166 894897
1381289167 32211
1381289167 170585
1381289167 309252
1381289167 446269
1381289167 717331
1381289168 5480
1381289168 328297
1381289168 596531
1381289168 737876
1381289168 877803
1381289169 18846
1381289169 159082
1381289169 300541
1381289169 441023
1381289169 717112
1381289169 958879
1381289170 246289
1381289170 585507
1381289170 811724
1381289171 84538
1381289171 225723
1381289171 365293
1381289171 573113
1381289171 843750
1381289172 115993
1381289172 260041
1381289172 401965
1381289172 608320
1381289172 948293
1381289173 91970
1381289173 235597
1381289173 377197
1381289173 552910
1381289173 858520
1381289174 149613
1381289174 341351
1381289174 521203
1381289174 822476
1381289174 966902
1381289175 110601
1381289175 254268
1381289175 397576
1381289175 684132
1381289176 73046
1381289176 217393
1381289176 361122
1381289176 504887
1381289176 779090
1381289177 113560
1381289177 258162
1381289177 401804
1381289177 611990
1381289177 952045
1381289178 99160
1381289178 246148
1381289178 391367
1381289178 568820
1381289178 842866
1381289179 86219
1381289179 377893
1381289179 633933
1381289179 782962
1381289179 928162
1381289180 75589
1381289180 225169
1381289180 372690
1381289180 558555
1381289180 866373
1381289181 180891
1381289181 528759
1381289181 675380
1381289181 822326
1381289181 968860
1381289182 114785
1381289182 262223
1381289182 403534
1381289182 669437
1381289182 903364
1381289183 145691
1381289183 442045
1381289183 681255
1381289183 905251
1381289184 175945
1381289184 437448
1381289184 585731
1381289184 733539
1381289184 888904
1381289185 56940
1381289185 210462
1381289185 375183
1381289185 629531
1381289185 927642
1381289186 289538
1381289186 572447
1381289186 828673
1381289186 992068
1381289187 141115
1381289187 289972
1381289187 439165
1381289187 612702
1381289187 849439
1381289188 129698
1381289188 394067
1381289188 710294
1381289188 856551
1381289189 6257
1381289189 154338
1381289189 299382
1381289189 447856
1381289189 759801
1381289190 40651
1381289190 371624
1381289190 519524
1381289190 794688
1381289190 941010
1381289191 88084
1381289191 236183
1381289191 382804
1381289191 532339
1381289191 915784
1381289192 248928
1381289192 401157
1381289192 609213
1381289192 823429
1381289192 971435
1381289193 121042
1381289193 268959
1381289193 419621
1381289193 715501
1381289194 22119
1381289194 290042
1381289194 510527
1381289194 754691
1381289194 907542
1381289195 66831
1381289195 220231
1381289195 369425
1381289195 532911
1381289195 789510
1381289196 115469
1381289196 382183
1381289196 609753
1381289196 866872
1381289197 17454
1381289197 170751
1381289197 322660
1381289197 474337
1381289197 740742
1381289198 117294
1381289198 271524
1381289198 423866
1381289198 598961
1381289198 905105
1381289199 175116
1381289199 329205
1381289199 541133
1381289199 814124
1381289199 967943
1381289200 123099
1381289200 277296
1381289200 430014
1381289200 640255
1381289200 966729
1381289201 247075
1381289201 449913
1381289201 718325
1381289201 876493
1381289202 34132
1381289202 193519
1381289202 352589
1381289202 517860
1381289202 835063
1381289203 116040
1381289203 341929
1381289203 657586
1381289203 808393
1381289203 969103
1381289204 133320
1381289204 295192
1381289204 458778
1381289204 679322
1381289205 63658
1381289205 340043
1381289205 616320
1381289205 777537
1381289205 934062
1381289206 94431
1381289206 258100
1381289206 417528
1381289206 690649
1381289206 956386
1381289207 276744
1381289207 561106
1381289207 734140
1381289207 898430
1381289208 66159
1381289208 235446
1381289208 400278
1381289208 566579
1381289208 847179
1381289209 296695
1381289209 569727
1381289209 738002
1381289209 905189
1381289210 73466
1381289210 243279
1381289210 415650
1381289210 604613
1381289210 927004
1381289211 212446
1381289211 600881
1381289211 778831
1381289211 944829
1381289212 116505
1381289212 287409
1381289212 456881
1381289212 760385
1381289212 987115
1381289213 264031
1381289213 653297
1381289213 824004
1381289213 995007
1381289214 166496
1381289214 339208
1381289214 510562
1381289214 797119
1381289215 136258
1381289215 429693
1381289215 705175
1381289215 875968
1381289216 47857
1381289216 222179
1381289216 392440
1381289216 621276
1381289216 915975
1381289217 202613
1381289217 530088
1381289217 759631
1381289217 934226
1381289218 107338
1381289218 280125
1381289218 452228
1381289218 697489
1381289218 974117
1381289219 218995
1381289219 601389
1381289219 776659
1381289219 949168
1381289220 124456
1381289220 298689
1381289220 474491
1381289220 698648
1381289221 33218
1381289221 330395
1381289221 601882
1381289221 885202
1381289222 61484
1381289222 236164
1381289222 415578
1381289222 645839
1381289222 938083
1381289223 270309
1381289223 445635
1381289223 633876
1381289223 958301
1381289224 137033
1381289224 313411
1381289224 491246
1381289224 721634
1381289225 53372
1381289225 350520
1381289225 528915
1381289225 816048
1381289225 994023
1381289226 173405
1381289226 357413
1381289226 543933
1381289226 824822
1381289227 163784
1381289227 454011
1381289227 639663
1381289227 921610
1381289228 103207
1381289228 283038
1381289228 462951
1381289228 707083
1381289229 47510
1381289229 270240
1381289229 451333
1381289229 685542
1381289230 23773
1381289230 203448
1381289230 382643
1381289230 566654
1381289230 851855
1381289231 98605
1381289231 432524
1381289231 671078
1381289231 856956
1381289232 38729
1381289232 224107
1381289232 410243
1381289232 599530
1381289232 942242
1381289233 179752
1381289233 562051
1381289233 749513
1381289233 931551
1381289234 113892
1381289234 298567
1381289234 481501
1381289234 777634
1381289235 118493
1381289235 453413
1381289235 695086
1381289235 877632
1381289236 60925
1381289236 249431
1381289236 433784
1381289236 673863
1381289236 919616
1381289237 157424
1381289237 441259
1381289237 784986
1381289238 74746
1381289238 260214
1381289238 445611
1381289238 685413
1381289238 974494
1381289239 264664
1381289239 451381
1381289239 644008
1381289239 978481
1381289240 164967
1381289240 350659
1381289240 536584
1381289240 877558
1381289241 168750
1381289241 356736
1381289241 544154
1381289241 788053
1381289242 121625
1381289242 312341
1381289242 502009
1381289242 793676
1381289243 79358
1381289243 268308
1381289243 455360
1381289243 691967
1381289243 988876
1381289244 272430
1381289244 461098
1381289244 705858
1381289244 942113
1381289245 135241
1381289245 320953
1381289245 510805
1381289245 848769
1381289246 140065
1381289246 432065
1381289246 672907
1381289246 862326
1381289247 53130
1381289247 243321
1381289247 431459
1381289247 672506
1381289247 913801
1381289248 248242
1381289248 487124
1381289248 827906
1381289249 22396
1381289249 213731
1381289249 404649
1381289249 597795
1381289249 935783
1381289250 179010
1381289250 469404
1381289250 710108
1381289250 998134
1381289251 190319
1381289251 383174
1381289251 575157
1381289251 910630
