 1381290379 522375
9 1381290388 198413
10 1381290392 205093
11 1381290402 238809
12 1381290419 279362
13 1381290422 287700
14 1381290439 359316
15 1381290442 372210
16 1381290459 416470
17 1381290463 429207
18 1381290480 484880
19 1381290484 506160
20 1381290501 537518
21 1381290511 570242
22 1381290515 582447
23 1381290535 643817
24 1381290539 667185
25 1381290558 730318
26 1381290562 746017
27 1381290581 810099
28 1381290586 825134
29 1381290603 889690
30 1381290606 907455
31 1381290623 985926
32 1381290635 31339
33 1381290638 39882
34 1381290654 102911
35 1381290658 113614
36 1381290674 168460
37 1381290684 206045
38 1381290688 218612
39 1381290704 269991
40 1381290708 281923
41 1381290724 342847
42 1381290728 356874
43 1381290745 417898
44 1381290755 430529
45 1381290759 445079
46 1381290775 476423
47 1381290779 491242
48 1381290793 536032
49 1381290803 562274
50 1381290817 613747
51 1381290821 634441
52 1381290837 695693
53 1381290841 715643
54 1381290858 793932
55 1381290868 829246
56 1381290878 856863
57 1381290888 895544
58 1381290895 921342
59 1381290909 962347
60 1381290913 975609
61 1381290931 30828
62 1381290941 56163
63 1381290951 84645
64 1381290962 118568
65 1381290966 127480
66 1381290982 177650
67 1381290992 210319
68 1381291003 250339
69 1381291013 274232
70 1381291024 316994
71 1381291034 348126
72 1381291038 362070
73 1381291055 415472
74 1381291065 444190
75 1381291076 483169
76 1381291087 522746
77 1381291097 560455
78 1381291108 597747
79 1381291112 614834
80 1381291129 662709
81 1381291140 700455
82 1381291150 746473
83 1381291155 767456
84 1381291172 802277
85 1381291183 843103
86 1381291193 876462
87 1381291204 920788
88 1381291208 934972
89 1381291227 941
90 1381291231 10599
91 1381291248 73342
92 1381291259 120413
93 1381291269 161884
94 1381291280 209831
95 1381291290 241749
96 1381291301 286988
97 1381291312 311038
98 1381291322 356035
99 1381291333 386337
100 1381291344 415737
101 1381291354 450701
102 1381291364 478355
103 1381291374 522842
104 1381291385 560140
105 1381291396 591392
106 1381291407 632634
107 1381291418 669506
108 1381291429 727840
109 1381291440 765055
110 1381291451 792848
111 1381291462 833678
112 1381291472 856359
113 1381291483 901691
114 1381291495 940636
115 1381291505 981475
116 1381291513 18927
117 1381291527 69935
118 1381291531 88181
119 1381291548 151218
120 1381291552 162134
121 1381291569 230574
122 1381291580 265451
123 1381291591 301521
124 1381291602 343313
125 1381291613 375814
126 1381291623 412823
127 1381291628 433847
128 1381291645 501386
129 1381291652 521567
130 1381291667 564680
131 1381291678 587724
132 1381291688 614150
133 1381291699 650659
134 1381291710 695998
135 1381291718 720060
136 1381291732 750791
137 1381291742 772552
138 1381291753 818093
139 1381291758 839644
140 1381291776 891898
141 1381291786 911507
142 1381291797 941910
143 1381291808 967552
144 1381291819 997926
145 1381291831 24373
146 1381291842 63479
147 1381291853 113515
148 1381291864 149471
149 1381291874 200347
150 1381291885 237074
151 1381291896 267984
152 1381291907 303312
153 1381291917 337837
154 1381291928 369398
155 1381291939 403608
156 1381291950 435104
157 1381291961 460102
158 1381291972 508264
159 1381291983 541015
160 1381291994 573924
161 1381292005 616553
162 1381292016 640527
163 1381292027 689729
164 1381292038 713096
165 1381292049 742613
166 1381292060 785344
167 1381292071 822658
168 1381292082 871219
169 1381292093 892992
170 1381292105 923876
171 1381292116 964590
172 1381292128 8167
173 1381292139 43528
174 1381292150 75952
175 1381292161 112734
176 1381292173 149153
177 1381292184 188639
178 1381292196 229511
179 1381292207 265291
180 1381292218 297843
181 1381292228 317990
182 1381292239 352955
183 1381292251 390156
184 1381292262 424016
185 1381292273 456125
186 1381292284 504209
187 1381292294 537087
188 1381292305 579824
189 1381292316 621945
190 1381292327 667959
191 1381292339 716092
192 1381292350 760550
193 1381292362 808275
194 1381292373 841753
195 1381292384 880766
196 1381292395 918255
197 1381292406 959577
198 1381292418 2753
199 1381292430 59105
200 1381292442 107121
201 1381292453 141882
202 1381292465 185734
203 1381292476 239111
204 1381292488 275632
205 1381292500 301060
206 1381292511 334004
207 1381292522 374079
208 1381292534 421144
209 1381292545 454948
210 1381292556 494584
211 1381292568 543221
212 1381292579 567635
213 1381292591 606911
214 1381292602 644500
215 1381292613 678253
216 1381292623 713894
217 1381292635 755143
218 1381292646 789657
219 1381292657 852024
220 1381292669 880938
221 1381292680 930553
222 1381292691 966498
223 1381292703 10425
224 1381292714 36019
225 1381292725 69043
226 1381292738 126166
227 1381292750 179086
228 1381292762 216156
229 1381292774 264110
230 1381292785 299031
231 1381292797 338767
232 1381292809 377711
233 1381292820 403532
234 1381292832 439045
235 1381292844 482188
236 1381292856 517091
237 1381292867 549434
238 1381292879 591744
239 1381292890 624920
240 1381292901 666634
241 1381292912 705003
242 1381292924 759993
243 1381292935 790006
244 1381292945 835669
245 1381292957 882193
246 1381292969 919888
247 1381292980 959456
248 1381292991 992103
249 1381293004 39247
250 1381293015 90058
251 1381293028 153323
252 1381293039 190164
253 1381293050 222825
254 1381293062 265423
255 1381293073 315348
256 1381293085 349537
257 1381293096 396289
258 1381293107 426452
259 1381293118 465153
260 1381293130 499146
261 1381293141 541973
262 1381293153 586459
263 1381293165 633614
264 1381293176 671683
265 1381293188 714850
266 1381293200 771090
267 1381293211 798463
268 1381293222 850806
269 1381293234 893922
270 1381293246 924775
271 1381293257 971939
272 1381293269 17311
273 1381293280 65390
274 1381293292 107334
275 1381293303 157545
276 1381293315 208730
277 1381293326 240850
278 1381293338 286150
279 1381293350 335964
280 1381293362 382340
281 1381293373 418274
282 1381293384 450411
283 1381293396 480236
284 1381293408 516549
285 1381293420 557413
286 1381293431 601482
287 1381293443 652559
288 1381293455 685569
289 1381293467 727937
290 1381293479 772830
291 1381293490 808813
292 1381293502 846816
293 1381293514 908026
294 1381293527 957177
295 1381293538 998086
296 1381293551 42576
297 1381293564 88399
298 1381293576 135392
299 1381293588 170112
300 1381293600 208012
301 1381293613 253224
302 1381293626 312759
303 1381293637 344404
304 1381293650 383330
305 1381293662 420729
306 1381293674 459155
307 1381293687 496137
308 1381293700 536717
309 1381293712 577499
310 1381293725 633423
311 1381293736 679702
312 1381293748 729028
313 1381293759 766740
314 1381293771 795954
315 1381293782 842040
316 1381293794 890705
317 1381293806 934210
318 1381293817 967528
319 1381293830 2770
320 1381293841 42241
321 1381293853 91013
322 1381293865 128831
323 1381293878 169472
324 1381293891 223488
325 1381293903 267487
326 1381293915 306785
327 1381293927 350942
328 1381293939 398034
329 1381293952 449082
330 1381293964 496741
331 1381293976 540290
332 1381293989 577835
333 1381294000 629046
334 1381294012 669204
335 1381294025 709919
336 1381294038 761164
337 1381294050 809009
338 1381294062 847401
339 1381294075 915535
340 1381294088 952395
341 1381294100 6182
342 1381294112 44363
343 1381294126 116151
344 1381294138 158036
345 1381294150 200634
346 1381294163 254541
347 1381294175 304188
348 1381294188 350069
349 1381294200 395026
350 1381294212 437668
351 1381294224 479494
352 1381294236 532550
353 1381294248 581217
354 1381294261 637015
355 1381294274 683931
356 1381294286 729192
357 1381294297 776642
358 1381294309 825665
359 1381294322 880373
360 1381294335 917569
361 1381294347 961487
362 1381294359 4683
363 1381294373 65010
364 1381294386 124030
365 1381294398 152353
366 1381294411 216096
367 1381294423 259215
368 1381294435 297172
369 1381294447 350137
370 1381294461 404514
371 1381294473 460106
372 1381294486 504994
373 1381294499 540395
374 1381294512 579346
375 1381294524 598990
376 1381294536 655570
377 1381294550 696847
378 1381294563 747284
379 1381294575 795102
380 1381294589 838933
381 1381294603 890545
382 1381294615 932831
383 1381294631 987550
384 1381294645 26428
385 1381294657 57227
386 1381294669 114541
387 1381294681 172757
388 1381294693 215631
389 1381294705 254147
390 1381294718 308446
391 1381294730 357477
392 1381294743 412469
393 1381294757 466763
394 1381294769 506416
395 1381294784 562693
396 1381294796 618010
397 1381294809 663917
398 1381294823 713516
399 1381294835 753595
400 1381294849 800035
401 1381294862 846656
402 1381294876 890276
403 1381294889 944573
404 1381294902 986259
405 1381294918 28771
406 1381294932 78863
407 1381294945 122546
408 1381294959 171884
409 1381294972 226016
410 1381294985 274864
411 1381294997 310419
412 1381295010 352328
413 1381295024 413566
414 1381295037 461644
415 1381295052 510634
416 1381295066 567233
417 1381295081 638729
418 1381295094 671305
419 1381295108 711735
420 1381295120 764993
421 1381295135 829950
422 1381295149 869973
423 1381295162 924482
424 1381295176 987618
425 1381295191 50606
426 1381295204 90130
427 1381295217 133626
428 1381295230 181043
429 1381295244 237912
430 1381295257 294837
431 1381295271 357963
432 1381295285 416086
433 1381295298 455607
434 1381295313 510311
435 1381295326 560137
436 1381295338 611861
437 1381295352 648254
438 1381295367 701031
439 1381295381 743154
440 1381295394 794732
441 1381295406 830070
442 1381295420 870119
443 1381295433 906535
444 1381295447 956090
445 1381295461 7973
446 1381295474 61990
447 1381295488 110217
448 1381295503 172691
449 1381295516 222959
450 1381295529 270189
451 1381295543 328919
452 1381295557 380433
453 1381295569 436644
454 1381295582 489235
455 1381295597 533008
456 1381295609 588829
457 1381295622 635256
458 1381295635 690121
459 1381295648 748858
460 1381295661 811082
461 1381295676 862246
462 1381295694 936594
463 1381295708 988489
464 1381295724 40770
465 1381295740 103246
466 1381295755 163148
467 1381295771 218638
468 1381295786 251738
469 1381295805 318137
470 1381295820 366095
471 1381295835 424501
472 1381295851 493510
473 1381295866 543999
474 1381295881 597338
475 1381295895 646608
476 1381295914 718430
477 1381295931 773313
478 1381295946 827780
479 1381295961 899636
480 1381295980 975832
481 1381295998 21109
482 1381296013 78050
483 1381296029 131132
484 1381296046 191840
485 1381296061 253099
486 1381296076 338351
487 1381296091 396937
488 1381296106 459768
489 1381296121 512480
490 1381296138 570075
491 1381296153 619167
492 1381296168 678661
493 1381296183 725643
494 1381296199 786574
495 1381296214 858747
496 1381296229 912884
497 1381296244 978776
498 1381296259 40426
499 1381296275 97387
500 1381296292 159048
501 1381296308 218761
502 1381296323 288215
503 1381296338 341476
504 1381296356 416814
505 1381296371 469149
506 1381296388 526574
507 1381296403 594260
508 1381296421 670093
509 1381296436 726836
510 1381296455 804732
511 1381296470 856493
512 1381296488 925572
513 1381296505 986142
514 1381296524 60939
515 1381296539 114546
516 1381296556 187760
517 1381296572 249433
518 1381296588 320688
519 1381296603 364184
520 1381296620 431920
521 1381296636 493841
522 1381296655 571576
523 1381296670 630924
524 1381296686 690013
525 1381296703 744165
526 1381296721 813667
527 1381296738 889594
528 1381296754 954593
529 1381296773 7638
530 1381296788 49171
531 1381296804 115811
532 1381296819 181872
533 1381296837 243531
534 1381296854 305737
535 1381296870 370521
536 1381296886 424903
537 1381296901 476503
538 1381296917 530847
539 1381296933 590063
540 1381296950 652255
541 1381296966 719112
542 1381296983 781096
543 1381296998 834114
544 1381297013 887334
545 1381297028 961593
546 1381297046 22547
547 1381297061 67944
548 1381297077 119793
549 1381297094 181563
550 1381297109 228417
551 1381297126 305661
552 1381297140 364638
553 1381297155 421632
554 1381297169 465298
555 1381297188 542767
556 1381297203 600672
557 1381297218 642312
558 1381297232 713034
559 1381297249 793476
560 1381297266 857586
561 1381297280 912473
562 1381297295 983315
563 1381297311 33715
564 1381297326 88262
565 1381297342 149467
566 1381297359 208735
567 1381297374 272748
568 1381297389 332260
569 1381297404 385984
570 1381297420 446972
571 1381297435 507973
572 1381297450 557685
573 1381297468 635171
574 1381297483 700775
575 1381297497 744436
576 1381297512 803490
577 1381297525 856193
578 1381297544 927387
579 1381297561 985834
580 1381297577 39359
581 1381297592 94422
582 1381297607 140982
583 1381297622 185688
584 1381297637 236775
585 1381297655 308909
586 1381297670 381751
587 1381297685 445128
588 1381297700 515696
589 1381297715 563288
590 1381297731 616533
591 1381297748 684773
592 1381297761 733016
593 1381297780 821521
594 1381297798 877905
595 1381297813 924929
596 1381297828 987985
597 1381297846 70937
598 1381297862 126021
599 1381297879 180195
600 1381297899 255532
601 1381297914 315941
602 1381297929 367575
603 1381297944 432242
604 1381297960 491602
605 1381297975 541851
606 1381297993 604278
607 1381298008 662716
608 1381298024 731993
609 1381298041 783235
610 1381298059 848066
611 1381298077 916873
612 1381298092 956273
613 1381298111 11198
614 1381298129 53488
615 1381298144 104113
616 1381298160 149280
617 1381298175 202344
618 1381298191 249790
619 1381298209 315916
620 1381298227 381628
621 1381298242 419631
622 1381298258 476171
623 1381298276 551968
624 1381298291 595630
625 1381298309 647417
626 1381298325 701497
627 1381298341 765497
628 1381298356 819992
629 1381298372 896949
630 1381298388 961227
631 1381298404 4567
632 1381298420 43262
633 1381298436 109881
634 1381298454 182258
635 1381298472 251531
636 1381298487 296098
637 1381298503 348983
638 1381298519 390864
639 1381298534 452874
640 1381298550 514819
641 1381298566 567039
642 1381298582 617862
643 1381298597 680623
644 1381298613 739477
645 1381298631 803306
646 1381298647 857716
647 1381298665 927435
648 1381298680 983020
649 1381298697 28141
650 1381298713 60141
651 1381298736 137173
652 1381298751 181290
653 1381298767 261229
654 1381298785 310890
655 1381298801 352203
656 1381298817 407390
657 1381298835 483097
658 1381298853 538799
659 1381298869 590828
660 1381298885 642388
661 1381298901 700284
662 1381298917 757086
663 1381298933 819066
664 1381298951 886352
665 1381298967 941795
666 1381298983 993393
667 1381299002 70007
668 1381299018 118581
669 1381299034 162256
670 1381299053 220069
671 1381299069 281445
672 1381299085 348074
673 1381299100 402438
674 1381299116 457339
675 1381299137 535844
676 1381299153 594369
677 1381299169 659708
678 1381299187 734492
679 1381299203 795345
680 1381299221 861913
681 1381299240 923973
682 1381299256 979341
683 1381299273 37188
684 1381299289 101180
685 1381299307 156327
686 1381299323 207835
687 1381299339 267083
688 1381299355 316518
689 1381299374 405912
690 1381299390 461301
691 1381299413 546963
692 1381299429 608885
693 1381299445 668042
694 1381299461 719936
695 1381299477 783208
696 1381299493 828540
697 1381299512 899517
698 1381299528 962268
699 1381299545 10671
700 1381299561 61445
701 1381299580 127278
702 1381299598 182905
703 1381299617 260309
704 1381299635 323131
705 1381299654 368386
706 1381299670 443835
707 1381299686 494467
708 1381299704 545320
709 1381299720 592279
710 1381299739 677032
711 1381299755 727047
712 1381299773 808823
713 1381299789 860648
714 1381299808 928895
715 1381299826 992647
716 1381299843 56914
717 1381299859 117684
718 1381299876 182126
719 1381299889 229645
720 1381299910 315087
721 1381299929 378965
722 1381299945 447618
723 1381299963 513848
724 1381299980 566916
725 1381299996 626978
726 1381300012 692594
727 1381300031 755055
728 1381300047 807310
729 1381300066 879036
730 1381300082 939956
731 1381300099 4909
732 1381300120 76356
733 1381300137 137391
734 1381300153 207227
735 1381300171 281057
736 1381300188 353097
737 1381300207 421654
738 1381300223 499681
739 1381300239 555693
740 1381300255 623126
741 1381300274 695614
742 1381300293 783492
743 1381300312 847230
744 1381300328 907727
745 1381300347 977570
746 1381300364 34388
747 1381300386 120347
748 1381300402 193685
749 1381300421 271913
750 1381300437 344591
751 1381300453 414262
752 1381300473 472510
753 1381300489 539332
754 1381300505 598481
755 1381300522 662733
756 1381300538 716922
757 1381300554 782766
758 1381300571 853124
759 1381300587 921601
760 1381300607 1560
761 1381300624 69612
762 1381300643 155425
763 1381300662 228179
764 1381300678 284074
765 1381300694 350817
766 1381300711 422160
767 1381300727 491417
768 1381300743 544343
769 1381300760 612899
770 1381300777 665100
771 1381300796 739760
772 1381300812 808765
773 1381300829 877000
774 1381300845 952931
775 1381300862 28213
776 1381300879 68137
777 1381300895 136521
778 1381300911 192293
779 1381300928 254503
780 1381300944 312865
781 1381300963 379664
782 1381300980 436573
783 1381300996 508676
784 1381301013 584276
785 1381301030 656677
786 1381301046 724019
787 1381301063 812591
788 1381301080 869343
789 1381301096 925999
790 1381301113 992989
791 1381301130 46599
792 1381301147 110056
793 1381301163 163125
794 1381301179 236831
795 1381301196 294625
796 1381301212 356043
797 1381301229 409545
798 1381301248 481431
799 1381301264 549283
800 1381301281 606710
801 1381301298 666529
802 1381301317 756793
803 1381301336 821837
804 1381301352 871440
805 1381301372 955957
806 1381301389 27790
807 1381301405 68433
808 1381301424 141028
809 1381301441 219441
810 1381301457 279123
811 1381301477 348500
812 1381301493 405544
813 1381301509 451453
814 1381301526 496152
815 1381301542 548165
816 1381301559 610876
817 1381301578 675208
818 1381301595 733445
819 1381301611 793917
820 1381301628 877350
821 1381301644 918336
822 1381301661 979031
823 1381301681 59811
824 1381301698 102245
825 1381301715 159374
826 1381301731 210792
827 1381301751 309169
828 1381301767 690772
829 1381301784 73438
830 1381301801 141555
831 1381301820 197449
832 1381301840 558841
833 1381301857 607003
834 1381301873 659825
835 1381301890 724841
836 1381301907 793233
837 1381301924 853067
838 1381301940 929234
839 1381301957 989155
840 1381301978 72053
841 1381301995 130947
842 1381302014 210302
843 1381302034 282851
844 1381302051 334020
845 1381302071 410735
846 1381302088 469452
847 1381302108 542681
848 1381302125 896351
849 1381302142 980797
850 1381302159 44547
851 1381302176 181840
852 1381302193 252120
853 1381302213 322942
854 1381302233 392651
855 1381302253 442467
856 1381302273 508971
857 1381302290 562639
858 1381302307 620425
859 1381302327 708800
860 1381302347 785624
861 1381302364 849695
862 1381302384 925999
863 1381302405 14886
864 1381302422 82881
865 1381302442 137505
866 1381302461 207746
867 1381302482 287022
868 1381302501 347941
869 1381302518 415804
870 1381302538 478611
871 1381302558 552371
872 1381302575 628379
873 1381302593 691538
874 1381302609 754968
875 1381302629 830701
876 1381302650 907451
877 1381302667 979668
878 1381302684 350185
879 1381302704 420068
880 1381302724 712525
881 1381302742 775151
882 1381302759 836154
883 1381302779 912419
884 1381302797 345984
885 1381302814 404471
886 1381302834 481349
887 1381302854 542230
888 1381302872 636149
889 1381302889 667160
890 1381302906 719131
891 1381302926 778631
892 1381302947 857960
893 1381302967 931071
894 1381302984 994282
895 1381303003 61186
896 1381303020 119837
897 1381303037 175346
898 1381303057 254927
899 1381303078 344804
900 1381303098 417101
901 1381303119 498717
902 1381303139 568487
903 1381303156 624986
904 1381303174 686456
905 1381303191 749203
906 1381303208 797431
907 1381303225 862988
908 1381303246 949890
909 1381303264 24111
910 1381303282 103240
911 1381303299 435092
912 1381303316 505182
913 1381303334 586242
914 1381303351 649038
915 1381303368 693670
916 1381303386 752263
917 1381303403 802442
918 1381303420 871932
919 1381303441 935263
920 1381303463 2505
921 1381303483 92446
922 1381303501 164707
923 1381303522 230591
924 1381303542 300879
925 1381303560 349488
926 1381303577 401220
927 1381303598 474239
928 1381303618 527437
929 1381303639 846856
930 1381303656 907018
931 1381303674 972448
932 1381303692 29435
933 1381303710 91298
934 1381303730 178816
935 1381303748 231653
936 1381303765 289984
937 1381303786 380327
938 1381303804 420939
939 1381303821 464859
940 1381303839 531526
941 1381303860 605452
942 1381303878 652394
943 1381303898 719470
944 1381303916 786031
945 1381303933 857078
946 1381303954 909624
947 1381303973 234436
948 1381303990 298648
949 1381304007 645448
950 1381304025 756743
951 1381304043 809011
952 1381304060 868720
953 1381304082 964381
954 1381304104 42680
955 1381304125 136998
956 1381304139 178728
957 1381304160 250719
958 1381304178 303586
959 1381304199 379541
960 1381304218 448700
961 1381304241 527646
962 1381304264 596023
963 1381304287 684655
964 1381304307 740019
965 1381304330 835430
966 1381304349 905935
967 1381304373 5469
968 1381304393 199765
969 1381304412 250872
970 1381304431 321988
971 1381304451 395883
972 1381304470 443029
973 1381304493 540170
974 1381304513 599897
975 1381304532 670167
976 1381304551 757797
977 1381304571 830090
978 1381304590 890497
979 1381304613 960452
980 1381304638 64764
981 1381304657 125613
982 1381304677 201739
983 1381304700 300383
984 1381304724 383091
985 1381304743 455111
986 1381304763 559200
987 1381304786 626472
988 1381304805 688763
989 1381304829 794957
990 1381304848 851681
991 1381304872 147896
992 1381304892 211690
993 1381304912 277165
994 1381304931 334483
995 1381304950 401049
996 1381304970 472721
