1381290388 137888
1381290391 427005
1381290401 624920
1381290418 325245
1381290421 903954
1381290438 646012
1381290442 320030
1381290459 229719
1381290462 756845
1381290479 870243
1381290483 737495
1381290501 95641
1381290511 397177
1381290515 293097
1381290534 633671
1381290538 837968
1381290558 350980
1381290562 503846
1381290581 651783
1381290585 818150
1381290602 941451
1381290606 705599
1381290623 630544
1381290634 87260
1381290637 790804
1381290653 857267
1381290657 252231
1381290673 546283
1381290683 496270
1381290687 396392
1381290703 934778
1381290707 436314
1381290723 581787
1381290727 361368
1381290744 361759
1381290754 632994
1381290758 438947
1381290775 355852
1381290779 183175
1381290792 734398
1381290803 398543
1381290817 52354
1381290820 809607
1381290837 642252
1381290841 524442
1381290858 281626
1381290867 948251
1381290878 39569
1381290888 655726
1381290895 767729
1381290909 173597
1381290913 333781
1381290930 59652
1381290940 608911
1381290951 7596
1381290961 609886
1381290965 422671
1381290981 530030
1381290992 48132
1381291002 461521
1381291013 215650
1381291023 369189
1381291033 498007
1381291037 394539
1381291054 858596
1381291065 290296
1381291075 878499
1381291086 509345
1381291097 117823
1381291107 562215
1381291111 835715
1381291128 961652
1381291139 720940
1381291150 635139
1381291154 977103
1381291172 79036
1381291182 844561
1381291193 797443
1381291204 485104
1381291208 851889
1381291226 18548
1381291230 308221
1381291247 678293
1381291258 606896
1381291268 603993
1381291279 522350
1381291290 163516
1381291300 850761
1381291311 562991
1381291321 962458
1381291332 922193
1381291343 442098
1381291353 879344
1381291364 408069
1381291374 431961
1381291384 960852
1381291395 763766
1381291406 713730
1381291417 998743
1381291428 945486
1381291439 947158
1381291450 976565
1381291461 940692
1381291472 796307
1381291483 830156
1381291494 982178
1381291505 609536
1381291512 862775
1381291526 562229
1381291530 895107
1381291547 137762
1381291551 549929
1381291568 731171
1381291579 797086
1381291590 407293
1381291601 624811
1381291612 398699
1381291623 341630
1381291627 956429
1381291644 630207
1381291652 170609
1381291666 521851
1381291677 852267
1381291688 343375
1381291698 986817
1381291710 64388
1381291717 711555
1381291731 750730
1381291742 309800
1381291753 520217
1381291758 209872
1381291776 232542
1381291786 756740
1381291797 728680
1381291808 491739
1381291819 390459
1381291830 434430
1381291841 211420
1381291852 256311
1381291863 98629
1381291873 867221
1381291884 697550
1381291895 537488
1381291906 287833
1381291917 140587
1381291927 847354
1381291938 671731
1381291949 865309
1381291961 16726
1381291971 709870
1381291982 618016
1381291993 564052
1381292005 167594
1381292016 407950
1381292027 506165
1381292038 250709
1381292049 267640
1381292060 66088
1381292070 906695
1381292082 302227
1381292093 669237
1381292105 100387
1381292116 435831
1381292127 707318
1381292138 662955
1381292149 437299
1381292160 805790
1381292172 119300
1381292183 446266
1381292195 534083
1381292206 529015
1381292217 286662
1381292228 207736
1381292239 56983
1381292250 512909
1381292261 837145
1381292272 661046
1381292283 595765
1381292294 452605
1381292304 733254
1381292316 336187
1381292327 199813
1381292338 733651
1381292349 803396
1381292361 946443
1381292373 324205
1381292384 260596
1381292395 397454
1381292406 299136
1381292417 517481
1381292429 677659
1381292441 179905
1381292452 716842
1381292464 135375
1381292476 96491
1381292487 536185
1381292499 560600
1381292510 902319
1381292522 323400
1381292533 535485
1381292544 779397
1381292556 199516
1381292567 576534
1381292579 84797
1381292590 558555
1381292601 849895
1381292612 897115
1381292623 207282
1381292635 59559
1381292646 418788
1381292657 716174
1381292668 841712
1381292680 26320
1381292691 96538
1381292702 393447
1381292713 751808
1381292724 755675
1381292737 331447
1381292749 233536
1381292761 476070
1381292773 358577
1381292785 20936
1381292797 3201
1381292808 481666
1381292820 251843
1381292831 753922
1381292843 450691
1381292855 911224
1381292866 909294
1381292878 573266
1381292889 655376
1381292900 645724
1381292912 408538
1381292923 723646
1381292934 775621
1381292944 999175
1381292957 56128
1381292968 945802
1381292980 27331
1381292991 877276
1381293003 855501
1381293014 972845
1381293027 150975
1381293038 611087
1381293049 724559
1381293061 360746
1381293072 931811
1381293084 437578
1381293095 415449
1381293107 376269
1381293118 417162
1381293129 465914
1381293141 386623
1381293152 783250
1381293164 949592
1381293176 409295
1381293187 850625
1381293200 103520
1381293211 342468
1381293222 612801
1381293233 920043
1381293246 18969
1381293257 543956
1381293268 869527
1381293279 413203
1381293291 586134
1381293302 815730
1381293314 263527
1381293325 603670
1381293338 228129
1381293350 3095
1381293361 433324
1381293372 882262
1381293384 191259
1381293395 809898
1381293408 148679
1381293419 642981
1381293431 31689
1381293442 653008
1381293455 135114
1381293466 794764
1381293479 205014
1381293490 751631
1381293502 316656
1381293514 787838
1381293526 968975
1381293538 585825
1381293550 461436
1381293563 469392
1381293575 373174
1381293587 493128
1381293599 633285
1381293613 57342
1381293625 602975
1381293637 186978
1381293650 114064
1381293661 659270
1381293674 291456
1381293687 6750
1381293699 618519
1381293712 142600
1381293724 601319
1381293736 277599
1381293747 856718
1381293759 497300
1381293771 76410
1381293782 724538
1381293794 305464
1381293805 946511
1381293817 542662
1381293829 216594
1381293840 850941
1381293852 488201
1381293864 398726
1381293877 269736
1381293890 569443
1381293902 254844
1381293915 77052
1381293926 799527
1381293938 613485
1381293952 346967
1381293964 69996
1381293975 843873
1381293988 664893
1381294000 365049
1381294012 370817
1381294025 5666
1381294038 55542
1381294049 842640
1381294062 586165
1381294075 350745
1381294087 940059
1381294099 494603
1381294111 466507
1381294125 195989
1381294138 5597
1381294149 792278
1381294162 775668
1381294174 502073
1381294187 494397
1381294199 488953
1381294212 339179
1381294224 192217
1381294236 284577
1381294248 207996
1381294261 48199
1381294274 1872
1381294285 707647
1381294297 612692
1381294309 518890
1381294322 398989
1381294335 368276
1381294347 247172
1381294358 267899
1381294372 689322
1381294385 930356
1381294397 869470
1381294411 3046
1381294422 947025
1381294434 786700
1381294447 81776
1381294460 415814
1381294472 494811
1381294485 622188
1381294498 667257
1381294511 808243
1381294523 738880
1381294536 105906
1381294549 897241
1381294563 285841
1381294575 315482
1381294589 681842
1381294602 968970
1381294615 77162
1381294631 20591
1381294644 290739
1381294656 328089
1381294668 388599
1381294680 498525
1381294692 693617
1381294704 722938
1381294718 100341
1381294730 191755
1381294742 399474
1381294756 590365
1381294769 171269
1381294783 510530
1381294795 822017
1381294809 605566
1381294822 868546
1381294835 313619
1381294848 976327
1381294862 298968
1381294875 917998
1381294889 369464
1381294902 118348
1381294917 616415
1381294931 794856
1381294944 886319
1381294959 103620
1381294971 805510
1381294984 404549
1381294997 165200
1381295009 957309
1381295024 328815
1381295037 341027
1381295051 727775
1381295066 231228
1381295080 904292
1381295094 499950
1381295107 660177
1381295120 474630
1381295134 795854
1381295149 201429
1381295162 196894
1381295176 559926
1381295190 928669
1381295203 808540
1381295216 788291
1381295229 767850
1381295243 866924
1381295256 718975
1381295270 835427
1381295285 193450
1381295298 142653
1381295312 643222
1381295325 562040
1381295338 317275
1381295352 479167
1381295366 749986
1381295381 40721
1381295393 757781
1381295406 379660
1381295420 729540
1381295433 667161
1381295447 870172
1381295460 674283
1381295473 559934
1381295488 48602
1381295502 524068
1381295515 454594
1381295528 584457
1381295543 219308
1381295556 444052
1381295569 297055
1381295581 902774
1381295596 482161
1381295609 473098
1381295622 421628
1381295635 443968
1381295648 528339
1381295661 543964
1381295676 19894
1381295694 207114
1381295708 913036
1381295723 632111
1381295739 771342
1381295754 314035
1381295770 906443
1381295785 836560
1381295804 600123
1381295819 442690
1381295834 373381
1381295850 954057
1381295866 230852
1381295881 349501
1381295894 959876
1381295913 818277
1381295930 785397
1381295946 39974
1381295961 222632
1381295979 992133
1381295996 961505
1381296012 138336
1381296028 986903
1381296045 823460
1381296060 958513
1381296076 84195
1381296090 968616
1381296105 938753
1381296121 53483
1381296137 844143
1381296153 406483
1381296168 517939
1381296183 617157
1381296198 824363
1381296213 970518
1381296228 965009
1381296244 52279
1381296258 940946
1381296274 406109
1381296292 89761
1381296307 456328
1381296322 699355
1381296338 121469
1381296355 375751
1381296370 738630
1381296388 3027
1381296403 500907
1381296420 669071
1381296436 64537
1381296455 285058
1381296470 596074
1381296488 225792
1381296505 703142
1381296523 128078
1381296538 707416
1381296556 78237
1381296571 799717
1381296587 273929
1381296602 417717
1381296619 755252
1381296635 457208
1381296655 20200
1381296670 533558
1381296686 76172
1381296703 570491
1381296721 123602
1381296738 603399
1381296754 385578
1381296772 148449
1381296787 769507
1381296803 377188
1381296819 59417
1381296836 643566
1381296854 134048
1381296869 939002
1381296885 636021
1381296901 234477
1381296916 867275
1381296932 646677
1381296950 306159
1381296966 637352
1381296983 501794
1381296998 315192
1381297013 136039
1381297028 331720
1381297045 183684
1381297060 151744
1381297076 955664
1381297093 670677
1381297108 408522
1381297125 331531
1381297139 981699
1381297154 651564
1381297169 382358
1381297188 182380
1381297202 932053
1381297217 618766
1381297232 378558
1381297249 172634
1381297266 197864
1381297280 822279
1381297295 679102
1381297310 498930
1381297325 192989
1381297341 908638
1381297358 917733
1381297373 653874
1381297388 539051
1381297403 406143
1381297420 347830
1381297435 192592
1381297450 356088
1381297467 598313
1381297482 716094
1381297497 578213
1381297512 664200
1381297525 504939
1381297544 525888
1381297561 767634
1381297576 830195
1381297591 744585
1381297606 848298
1381297622 24083
1381297637 26446
1381297654 349528
1381297669 538073
1381297684 751732
1381297699 961806
1381297715 468304
1381297730 745403
1381297747 928407
1381297761 153464
1381297780 589975
1381297797 983207
1381297813 341572
1381297828 545212
1381297846 19341
1381297861 342893
1381297878 609397
1381297898 335589
1381297913 710594
1381297928 917477
1381297944 283476
1381297959 913218
1381297975 463089
1381297993 1417
1381298008 445970
1381298023 962821
1381298041 588404
1381298059 368643
1381298077 332168
1381298092 792669
1381298110 630325
1381298128 417712
1381298143 982002
1381298159 572911
1381298175 69821
1381298190 696169
1381298208 656434
1381298226 673996
1381298242 281633
1381298257 871057
1381298275 861238
1381298291 483849
1381298309 340976
1381298325 200745
1381298340 827659
1381298356 425066
1381298372 242944
1381298388 147319
1381298403 908058
1381298419 596609
1381298435 362898
1381298453 362568
1381298471 243420
1381298486 937303
1381298502 687046
1381298518 443061
1381298534 189227
1381298550 33138
1381298565 860963
1381298581 659349
1381298597 470763
1381298613 212444
1381298631 147747
1381298646 856115
1381298664 901368
1381298680 889712
1381298696 600706
1381298712 369691
1381298735 251231
1381298751 2832
1381298766 774973
1381298785 115141
1381298801 35147
1381298816 921713
1381298835 128449
1381298853 352383
1381298869 225270
1381298885 191776
1381298901 214652
1381298917 189972
1381298933 141083
1381298951 464055
1381298967 301914
1381298983 273344
1381299001 747304
1381299017 877617
1381299034 73844
1381299052 386121
1381299068 360670
1381299084 375179
1381299100 306373
1381299116 193683
1381299137 96067
1381299153 170353
1381299169 49199
1381299187 433700
1381299203 378500
1381299221 602931
1381299240 75783
1381299256 154558
1381299272 419833
1381299288 564093
1381299307 73764
1381299322 994658
1381299339 40511
1381299355 156628
1381299373 661776
1381299389 611836
1381299413 116164
1381299429 214133
1381299445 195752
1381299461 338583
1381299477 412197
1381299493 437349
1381299512 16580
1381299528 242117
1381299544 312532
1381299560 458923
1381299579 203525
1381299597 727922
1381299616 349697
1381299635 157791
1381299653 737216
1381299669 819125
1381299685 976106
1381299704 398667
1381299720 234487
1381299738 833179
1381299754 981780
1381299773 652700
1381299789 621612
1381299808 171463
1381299826 875593
1381299842 963636
1381299859 13570
1381299875 325976
1381299888 956390
1381299910 27307
1381299928 761816
1381299944 804903
1381299963 392562
1381299979 537840
1381299995 925414
1381300011 997069
1381300030 846070
1381300046 985854
1381300065 871789
1381300082 151334
1381300098 469513
1381300119 780552
1381300136 154907
1381300152 387742
1381300171 114570
1381300187 555759
1381300206 452249
1381300222 728079
1381300238 970428
1381300255 363910
1381300274 367149
1381300293 166473
1381300312 37411
1381300328 498761
1381300347 511836
1381300363 730836
1381300385 209175
1381300401 696370
1381300420 630717
1381300436 975721
1381300453 289404
1381300472 429084
1381300488 951344
1381300505 368463
1381300521 748600
1381300538 176674
1381300554 629619
1381300571 71178
1381300587 487931
1381300606 669771
1381300623 76115
1381300642 198861
1381300661 287780
1381300677 512720
1381300694 25412
1381300710 466931
1381300726 973207
1381300743 475432
1381300759 866409
1381300776 642274
1381300795 938066
1381300812 439020
1381300828 912832
1381300845 414692
1381300861 875595
1381300878 235000
1381300894 629210
1381300911 127545
1381300927 673979
1381300944 47399
1381300963 259502
1381300979 763724
1381300996 185909
1381301013 32079
1381301029 713218
1381301046 434072
1381301063 217539
1381301079 911831
1381301096 482648
1381301113 33676
1381301129 639212
1381301146 222380
1381301162 605572
1381301179 75207
1381301195 607092
1381301211 878216
1381301228 403376
1381301247 642346
1381301264 351314
1381301281 41005
1381301297 666381
1381301317 69132
1381301336 243710
1381301352 625779
1381301371 936220
1381301388 601764
1381301404 782542
1381301424 10459
1381301440 499312
1381301456 971183
1381301476 304139
1381301492 663010
1381301509 49453
1381301525 585159
1381301542 193974
1381301558 928072
1381301578 421517
1381301594 886233
1381301611 389709
1381301628 45986
1381301644 766888
1381301661 355399
1381301680 900199
1381301697 674228
1381301714 143644
1381301730 770731
1381301750 387465
1381301767 135762
1381301783 883428
1381301800 687258
1381301820 129992
1381301839 902248
1381301856 667493
1381301873 332033
1381301889 936961
1381301906 868144
1381301923 841169
1381301940 581547
1381301957 422113
1381301977 268860
1381301994 503624
1381302014 135977
1381302033 874939
1381302050 794803
1381302070 875756
1381302087 906050
1381302108 4716
1381302124 978181
1381302141 998187
1381302158 954306
1381302175 972715
1381302192 761492
1381302212 597769
1381302232 641034
1381302252 723878
1381302272 709465
1381302289 822978
1381302306 906280
1381302327 156040
1381302347 238877
1381302364 108605
1381302384 238976
1381302404 275016
1381302421 204655
1381302441 275660
1381302461 147434
1381302481 250214
1381302501 176727
1381302518 310933
1381302538 338706
1381302558 397683
1381302575 460101
1381302592 733410
1381302609 697880
1381302629 691879
1381302649 984663
1381302666 944586
1381302683 964273
1381302704 254972
1381302724 587504
1381302741 778508
1381302759 35527
1381302779 430825
1381302796 717757
1381302813 965617
1381302834 269438
1381302854 423538
1381302871 728157
1381302889 41988
1381302906 279930
1381302926 661120
1381302947 132531
1381302967 590981
1381302984 860314
1381303002 137015
1381303019 441590
1381303036 733404
1381303057 181047
1381303077 650670
1381303098 162962
1381303118 734166
1381303139 184561
1381303156 333149
1381303173 744661
1381303191 123611
1381303208 478429
1381303225 773222
1381303246 394137
1381303263 608241
1381303281 201711
1381303298 739136
1381303316 69330
1381303333 567889
1381303351 17238
1381303368 441656
1381303385 861264
1381303403 283130
1381303420 643720
1381303441 278578
1381303462 105233
1381303482 907489
1381303500 495250
1381303521 255393
1381303542 115148
1381303559 611589
1381303577 155260
1381303598 20330
1381303618 453921
1381303639 195761
1381303656 749942
1381303674 212347
1381303691 608539
1381303709 115960
1381303730 85151
1381303747 631549
1381303765 233775
1381303786 106099
1381303803 687005
1381303821 419975
1381303839 221043
1381303860 75759
1381303877 721579
1381303898 500969
1381303915 982531
1381303933 621831
1381303954 571950
1381303972 306515
1381303989 979635
1381304007 566483
1381304025 411873
1381304042 931206
1381304060 771463
1381304081 975769
1381304103 248658
1381304124 579300
1381304138 888273
1381304159 986395
1381304177 622384
1381304198 904629
1381304218 55985
1381304241 262358
1381304264 209247
1381304287 310865
1381304306 889466
1381304330 88716
1381304349 412325
1381304372 627570
1381304392 298171
1381304411 808916
1381304431 122039
1381304450 560813
1381304470 83487
1381304493 376171
1381304512 585017
1381304531 982842
1381304551 460255
1381304571 31846
1381304590 542568
1381304613 860452
1381304637 230050
1381304656 753898
1381304676 493901
1381304700 123989
1381304723 474297
1381304743 111251
1381304762 636340
1381304785 973890
1381304805 593102
1381304828 837976
1381304848 531180
1381304872 27001
1381304891 703255
1381304911 473992
1381304930 637662
1381304950 244386
1381304969 974598
