1381329921 297712
1381329921 346639
1381329921 492221
1381329921 724111
1381329921 776303
1381329921 826221
1381329921 877402
1381329921 927057
1381329921 978083
1381329922 27194
1381329922 77656
1381329922 127513
1381329922 177758
1381329922 227962
1381329922 279071
1381329922 330384
1381329922 382806
1381329922 707472
1381329923 80330
1381329923 318532
1381329923 601752
1381329923 837616
1381329924 217654
1381329924 593876
1381329924 652625
1381329924 704384
1381329924 757347
1381329924 809886
1381329924 866334
1381329924 919719
1381329924 975298
1381329925 28689
1381329925 82453
1381329925 136568
1381329925 191968
1381329925 245930
1381329925 300850
1381329925 355866
1381329925 684313
1381329926 15878
1381329926 339714
1381329926 715344
1381329927 131903
1381329927 506019
1381329927 561691
1381329927 617168
1381329927 672185
1381329927 728472
1381329927 786045
1381329927 842941
1381329927 900740
1381329927 957817
1381329928 15493
1381329928 72845
1381329928 130689
1381329928 191050
1381329928 247550
1381329928 304442
1381329928 362155
1381329928 647673
1381329928 884957
1381329929 207941
1381329929 534218
1381329929 907301
1381329930 189482
1381329930 557932
1381329930 710641
1381329931 33264
1381329931 95199
1381329931 153350
1381329931 211780
1381329931 270694
1381329931 332727
1381329931 394185
1381329931 544141
1381329931 868747
1381329932 110789
1381329932 432316
1381329932 585276
1381329932 824119
1381329932 884966
1381329932 947007
1381329933 7435
1381329933 67968
1381329933 130167
1381329933 190936
1381329933 252438
1381329933 314191
1381329933 375449
1381329933 696842
1381329933 853433
1381329934 90127
1381329934 415349
1381329934 744133
1381329934 985070
1381329935 141702
1381329935 381553
1381329935 485469
1381329935 553673
1381329935 617187
1381329935 680665
1381329935 743329
1381329935 806886
1381329935 871245
1381329935 935214
1381329936 430
1381329936 66013
1381329936 129149
1381329936 194342
1381329936 257556
1381329936 321480
1381329936 386618
1381329936 719790
1381329936 961458
1381329937 200421
1381329937 443775
1381329937 900969
1381329938 146322
1381329938 388914
1381329938 718862
1381329938 964475
1381329939 151385
1381329939 223260
1381329939 289686
1381329939 356736
1381329939 599984
1381329939 841378
1381329940 87180
1381329940 194183
1381329940 260885
1381329940 327763
1381329940 394893
1381329940 678952
1381329940 883699
1381329941 166367
1381329941 280912
1381329941 350660
1381329941 510125
1381329941 840975
1381329941 910876
1381329941 978759
1381329942 47615
1381329942 119736
1381329942 188090
1381329942 257470
1381329942 325707
1381329942 396546
1381329942 640592
1381329942 961011
1381329943 214025
1381329943 633165
1381329943 875373
1381329943 946086
1381329944 16802
1381329944 87521
1381329944 159257
1381329944 229913
1381329944 301399
1381329944 372841
1381329944 664704
1381329944 991685
1381329945 355567
1381329945 514475
1381329945 718393
1381329945 875922
1381329945 947647
1381329946 21348
1381329946 94913
1381329946 167334
1381329946 240889
1381329946 313835
1381329946 385904
1381329946 628669
1381329946 865372
1381329947 152368
1381329947 394552
1381329947 640210
1381329947 878170
1381329948 124881
1381329948 206486
1381329948 282006
1381329948 356972
1381329948 516503
1381329948 806026
1381329949 90968
1381329949 164674
1381329949 238717
1381329949 315206
1381329949 390298
1381329949 715634
1381329950 6789
1381329950 118802
1381329950 194063
1381329950 271132
1381329950 347161
1381329950 552052
1381329950 796822
1381329951 114454
1381329951 236005
1381329951 312796
1381329951 388800
1381329951 718199
1381329951 963701
1381329952 40632
1381329952 117866
1381329952 195519
1381329952 273526
1381329952 351220
1381329952 511071
1381329952 753939
1381329953 34396
1381329953 373168
1381329953 571216
1381329953 650329
1381329953 728378
1381329953 807159
1381329953 885879
1381329953 968271
1381329954 48802
1381329954 128429
1381329954 207513
1381329954 287062
1381329954 366902
1381329954 517323
1381329954 819842
1381329955 144613
1381329955 505036
1381329955 798486
1381329956 166621
1381329956 248154
1381329956 331806
1381329956 413122
1381329956 745451
1381329956 990866
1381329957 72449
1381329957 154070
1381329957 236683
1381329957 317776
1381329957 401412
1381329957 733568
1381329957 984204
1381329958 313468
1381329958 399585
1381329958 564694
1381329958 811253
1381329958 894114
1381329958 977122
1381329959 60299
1381329959 143784
1381329959 227802
1381329959 312040
1381329959 395492
1381329959 560946
1381329959 809664
1381329960 133309
1381329960 427550
1381329960 689708
1381329960 973461
1381329961 58938
1381329961 144153
1381329961 229387
1381329961 314450
1381329961 399001
1381329961 692319
1381329961 974577
1381329962 306547
1381329962 391886
1381329962 637493
1381329962 725490
1381329962 812010
1381329962 897438
1381329962 983444
1381329963 71713
1381329963 159395
1381329963 247087
1381329963 334455
1381329963 424912
1381329963 816754
1381329963 996558
1381329964 372522
1381329964 655987
1381329964 890693
1381329965 154078
1381329965 243705
1381329965 332422
1381329965 420554
1381329965 746151
1381329965 998071
1381329966 87147
1381329966 178011
1381329966 267111
1381329966 357261
1381329966 527801
1381329966 859659
1381329967 158380
1381329967 280752
1381329967 368598
1381329967 539659
1381329967 789739
1381329968 37927
1381329968 130099
1381329968 221737
1381329968 314698
1381329968 405744
1381329968 639635
1381329968 857155
1381329969 157468
1381329969 408824
1381329969 567339
1381329969 739309
1381329969 925527
1381329970 18276
1381329970 110287
1381329970 204101
1381329970 297533
1381329970 390498
1381329970 515620
1381329970 809547
1381329971 58240
1381329971 307220
1381329971 598592
1381329971 723630
1381329971 817094
1381329971 912258
1381329972 8915
1381329972 102062
1381329972 194839
1381329972 288434
1381329972 384157
1381329972 513434
1381329972 806965
1381329973 136878
1381329973 541169
1381329973 851867
1381329974 38793
1381329974 134580
1381329974 230383
1381329974 326547
1381329974 421651
1381329974 670391
1381329974 982822
1381329975 229979
1381329975 422462
1381329975 580267
1381329975 755900
1381329975 947128
1381329976 44653
1381329976 139808
1381329976 236520
1381329976 333360
1381329976 431376
1381329976 589830
1381329976 855972
1381329977 184238
1381329977 481650
1381329977 659733
1381329977 758870
1381329977 860085
1381329977 961937
1381329978 61209
1381329978 161449
1381329978 260458
1381329978 359101
1381329978 458255
1381329978 798990
1381329979 67667
1381329979 390937
1381329979 700139
1381329979 970591
1381329980 69825
1381329980 171531
1381329980 272527
1381329980 376978
1381329980 476997
1381329980 803076
1381329981 128212
1381329981 379768
1381329981 482443
1381329981 735447
1381329981 837727
1381329981 941106
1381329982 43453
1381329982 145323
1381329982 249301
1381329982 351395
1381329982 453837
1381329982 707085
1381329982 958818
1381329983 213205
1381329983 523780
1381329983 793169
1381329984 45586
1381329984 149942
1381329984 253265
1381329984 355462
1381329984 460867
1381329984 713484
1381329985 69146
1381329985 294176
1381329985 399185
1381329985 531539
1381329985 833443
1381329985 938569
1381329986 45496
1381329986 149586
1381329986 257120
1381329986 361276
1381329986 494020
1381329986 935303
1381329987 171833
1381329987 399135
1381329987 625663
1381329987 732496
1381329987 840447
1381329987 951138
1381329988 58689
1381329988 164910
1381329988 274099
1381329988 379823
1381329988 485969
1381329988 768345
1381329989 42542
1381329989 443146
1381329989 699735
1381329989 980898
1381329990 90786
1381329990 197438
1381329990 309354
1381329990 416948
1381329990 527880
1381329990 854386
1381329991 135791
1381329991 436502
1381329991 601044
1381329991 802747
1381329991 912425
1381329992 23318
1381329992 134436
1381329992 244060
1381329992 354507
1381329992 465163
1381329992 769939
1381329993 126106
1381329993 381853
1381329993 634856
1381329993 746361
1381329993 856571
1381329993 969271
1381329994 80569
1381329994 191590
1381329994 300770
1381329994 411370
1381329994 597630
1381329994 925975
1381329995 226810
1381329995 482342
1381329995 766287
1381329996 23783
1381329996 137981
1381329996 250880
1381329996 362471
1381329996 475728
1381329996 804015
1381329997 112563
1381329997 296624
1381329997 507381
1381329997 644992
1381329997 779352
1381329997 892428
1381329998 7408
1381329998 121225
1381329998 235820
1381329998 351019
1381329998 466161
1381329998 748701
1381329999 73993
1381329999 328496
1381329999 632612
1381329999 911455
1381330000 27150
1381330000 141276
1381330000 255839
1381330000 373105
1381330000 490708
1381330000 793723
1381330001 121495
1381330001 404654
1381330001 544876
1381330001 780255
1381330001 896899
1381330002 14229
1381330002 131617
1381330002 249734
1381330002 367320
1381330002 484824
1381330002 739730
1381330003 67514
1381330003 303097
1381330003 582086
1381330003 837363
1381330003 956038
1381330004 74507
1381330004 193421
1381330004 314972
1381330004 432981
1381330004 623956
1381330004 998807
1381330005 235609
1381330005 497599
1381330005 665146
1381330005 783071
1381330005 903707
1381330006 24632
1381330006 146393
1381330006 265303
1381330006 386276
1381330006 552514
1381330006 880826
1381330007 95348
1381330007 473030
1381330007 756181
1381330007 994019
1381330008 140053
1381330008 264581
1381330008 384477
1381330008 503842
1381330008 740594
1381330008 955065
1381330009 214850
1381330009 526973
1381330009 694044
1381330009 845889
1381330009 968890
1381330010 91127
1381330010 218642
1381330010 342175
1381330010 465086
1381330010 653856
1381330011 6041
1381330011 264932
1381330011 591806
1381330011 850069
1381330011 974097
1381330012 98371
1381330012 221271
1381330012 346291
1381330012 471922
1381330012 756465
1381330013 82946
1381330013 368014
1381330013 583379
1381330013 730513
1381330013 881694
1381330014 5108
1381330014 130760
1381330014 255921
1381330014 380861
1381330014 507647
1381330014 767365
1381330015 70487
1381330015 381991
1381330015 686418
1381330015 834638
1381330015 964032
1381330016 92450
1381330016 219472
1381330016 347644
1381330016 475639
1381330016 671608
1381330016 977955
1381330017 260371
1381330017 587660
1381330017 850911
1381330017 979120
1381330018 108628
1381330018 238047
1381330018 368525
1381330018 499061
1381330018 785052
1381330019 111817
1381330019 397101
1381330019 593908
1381330019 743049
1381330019 935835
1381330020 93037
1381330020 221979
1381330020 352879
1381330020 483814
1381330020 716020
1381330021 42077
1381330021 342754
1381330021 537574
1381330021 762797
1381330021 896498
1381330022 29055
1381330022 159063
1381330022 292534
1381330022 424465
1381330022 556789
1381330022 866202
1381330023 105611
1381330023 329998
1381330023 659339
1381330023 942231
1381330024 74234
1381330024 205136
1381330024 336156
1381330024 471955
1381330024 651269
1381330024 980409
1381330025 309090
1381330025 460525
1381330025 612096
1381330025 921470
1381330026 60041
1381330026 194777
1381330026 327466
1381330026 465784
1381330026 620322
1381330026 995023
1381330027 244173
1381330027 509977
1381330027 682836
1381330027 928396
1381330028 64699
1381330028 203501
1381330028 338385
1381330028 473882
1381330028 736739
1381330029 31321
1381330029 297281
1381330029 469078
1381330029 688245
1381330029 872901
1381330030 11272
1381330030 152221
1381330030 290563
1381330030 427204
1381330030 612694
1381330030 924442
1381330031 219085
1381330031 513195
1381330031 701463
1381330031 914185
1381330032 54820
1381330032 193109
1381330032 330240
1381330032 466838
1381330032 622641
1381330032 905203
1381330033 250187
1381330033 513276
1381330033 816421
1381330033 950178
1381330034 92929
1381330034 234904
1381330034 371930
1381330034 513549
1381330034 760198
1381330035 91773
1381330035 429882
1381330035 584967
1381330035 822145
1381330035 962635
1381330036 101744
1381330036 243961
1381330036 387194
1381330036 530394
1381330036 704563
1381330037 75740
1381330037 341654
1381330037 676292
1381330037 866493
1381330038 10228
1381330038 149664
1381330038 291108
1381330038 430638
1381330038 590655
1381330038 842937
1381330039 228930
1381330039 508128
1381330039 663878
1381330039 898455
1381330040 41677
1381330040 184861
1381330040 326551
1381330040 473547
1381330040 616420
1381330040 886592
1381330041 150638
1381330041 447160
1381330041 655252
1381330041 970309
1381330042 117930
1381330042 267279
1381330042 411279
1381330042 555866
1381330042 807040
1381330043 132970
1381330043 410735
1381330043 559161
1381330043 814918
1381330043 974914
1381330044 120248
1381330044 265086
1381330044 411858
1381330044 558165
1381330044 810195
1381330045 194794
1381330045 462827
1381330045 637322
1381330045 876536
1381330046 40295
1381330046 188304
1381330046 337912
1381330046 484014
1381330046 678837
1381330046 990626
1381330047 253613
1381330047 546513
1381330047 739585
1381330047 914687
1381330048 96874
1381330048 242979
1381330048 391408
1381330048 540554
1381330048 700713
1381330048 981548
1381330049 297318
1381330049 578748
1381330049 831547
1381330049 982383
1381330050 131526
1381330050 278589
1381330050 428175
1381330050 578011
1381330050 876653
1381330051 181079
1381330051 483059
1381330051 708219
1381330051 870369
1381330052 57591
1381330052 209772
1381330052 361063
1381330052 513437
1381330052 676250
1381330052 955564
1381330053 224791
1381330053 545124
1381330053 812890
1381330053 966442
1381330054 118643
1381330054 271231
1381330054 419979
1381330054 578331
1381330054 820156
1381330055 159207
1381330055 472622
1381330055 709253
1381330055 875240
1381330056 111171
1381330056 264907
1381330056 417878
1381330056 576333
1381330056 801321
1381330057 80853
1381330057 295994
1381330057 621996
1381330057 778812
1381330057 990845
1381330058 230086
1381330058 386963
1381330058 541986
1381330058 711345
1381330058 978066
1381330059 257924
1381330059 479865
1381330059 744032
1381330059 966578
1381330060 122351
1381330060 278300
1381330060 438315
1381330060 593548
1381330060 864221
1381330061 185175
1381330061 422267
1381330061 686234
1381330061 854633
1381330062 50509
1381330062 206711
1381330062 363457
1381330062 523301
1381330062 693128
1381330062 961230
1381330063 281372
1381330063 619472
1381330063 788784
1381330063 994591
1381330064 152586
1381330064 316782
1381330064 477303
1381330064 638542
1381330064 901931
1381330065 239132
1381330065 566185
1381330065 737254
1381330065 955142
1381330066 153057
1381330066 314225
1381330066 475359
1381330066 636437
1381330066 915284
1381330067 240474
1381330067 504001
1381330067 674277
1381330067 899492
1381330068 161682
1381330068 322552
1381330068 483995
1381330068 647333
1381330068 923943
1381330069 187619
1381330069 458282
1381330069 621353
1381330069 791018
1381330070 108651
1381330070 268556
1381330070 429819
1381330070 594287
1381330070 764535
1381330071 192103
1381330071 357321
1381330071 524740
1381330071 702484
1381330072 60491
1381330072 246154
1381330072 504221
1381330072 666762
1381330072 899537
1381330073 174332
1381330073 339713
1381330073 508412
1381330073 671807
1381330073 897514
1381330074 266960
1381330074 439558
1381330074 608118
1381330074 781110
1381330075 62369
1381330075 323449
1381330075 602698
1381330075 775973
1381330076 44776
1381330076 209881
1381330076 373977
1381330076 540783
1381330076 719415
1381330076 984196
1381330077 358527
1381330077 544074
1381330077 759207
1381330078 31569
1381330078 204238
1381330078 375172
1381330078 545309
1381330078 719126
1381330079 84765
1381330079 309954
1381330079 544164
1381330079 804538
1381330079 984351
1381330080 196455
1381330080 365405
1381330080 533749
1381330080 701330
1381330080 929651
1381330081 302449
1381330081 579303
1381330081 754053
1381330081 969042
1381330082 192735
1381330082 456638
1381330082 626139
1381330082 802979
1381330083 32776
1381330083 310009
1381330083 588060
1381330083 766965
1381330084 38966
1381330084 211952
1381330084 385079
1381330084 554068
1381330084 730512
1381330085 42944
1381330085 321268
1381330085 598552
1381330085 822997
1381330086 758
1381330086 175034
1381330086 350576
1381330086 524172
1381330086 704084
1381330086 977192
1381330087 351609
1381330087 627217
1381330087 806707
1381330088 76610
1381330088 250488
1381330088 423694
1381330088 596474
1381330088 773946
1381330089 44039
1381330089 363519
1381330089 646583
1381330089 825327
1381330090 99341
1381330090 274870
1381330090 452747
1381330090 627775
1381330090 856277
1381330091 232466
1381330091 419506
1381330091 692491
1381330091 880461
1381330092 161390
1381330092 335947
1381330092 512323
1381330092 690451
1381330092 966392
1381330093 244459
1381330093 465434
1381330093 647524
1381330093 828972
1381330094 204848
1381330094 385410
1381330094 563404
1381330094 743489
1381330095 61988
1381330095 345529
1381330095 528047
1381330095 708147
1381330096 30603
1381330096 212122
1381330096 390341
1381330096 570746
1381330096 750934
1381330097 24255
1381330097 310328
1381330097 635676
1381330097 861803
1381330098 44826
1381330098 265566
1381330098 445122
1381330098 625404
1381330098 807853
1381330099 82389
1381330099 414625
1381330099 697555
1381330099 928989
1381330100 108224
1381330100 290559
1381330100 470424
1381330100 651270
1381330100 834706
1381330101 113962
1381330101 394510
1381330101 627993
1381330101 952558
1381330102 232539
1381330102 414570
1381330102 597341
1381330102 781222
1381330103 56285
1381330103 341599
1381330103 619711
1381330103 807375
1381330104 83378
1381330104 268662
1381330104 453095
1381330104 638528
1381330104 824062
1381330105 147135
1381330105 426763
1381330105 706186
1381330105 939566
1381330106 125186
1381330106 311079
1381330106 496565
1381330106 683801
1381330106 914804
1381330107 286208
1381330107 566641
1381330107 752821
1381330107 985686
1381330108 266160
1381330108 451412
1381330108 636930
1381330108 825519
1381330109 104950
