1383061785.125874042510986
1383061785.134850025177002
1383061785.145109891891479
1383061785.154683113098145
1383061785.163830995559692
1383061785.173120975494385
1383061785.182697057723999
1383061785.191764116287231
1383061785.201487064361572
1383061785.211257934570312
1383061785.220427989959717
1383061785.231309890747070
1383061785.240547895431519
1383061785.248737096786499
1383061785.259855031967163
1383061785.268362998962402
1383061785.276335954666138
1383061785.284235954284668
1383061785.291707038879395
1383061785.299117088317871
1383061785.306689977645874
1383061785.314119100570679
1383061785.321587085723877
1383061785.329171895980835
1383061785.336745977401733
1383061785.344206094741821
1383061785.351540088653564
1383061785.360006093978882
1383061785.368619918823242
1383061785.376171112060547
1383061785.387782096862793
1383061785.399610996246338
1383061785.411720037460327
1383061785.423594951629639
1383061785.435201883316040
1383061785.446826934814453
1383061785.457660913467407
1383061785.470310926437378
1383061785.481446027755737
1383061785.493712902069092
1383061785.505404949188232
1383061785.516165971755981
1383061785.530154943466187
1383061785.540895938873291
1383061785.551810979843140
1383061785.562160968780518
1383061785.573842048645020
1383061785.587825059890747
1383061785.598742008209229
1383061785.609962940216064
1383061785.622973918914795
1383061785.636085987091064
1383061785.646756887435913
1383061785.659322023391724
1383061785.669972896575928
1383061785.683356046676636
1383061785.694947004318237
1383061785.703712940216064
1383061785.710745096206665
1383061785.717786073684692
1383061785.724948883056641
1383061785.731873035430908
1383061785.738934040069580
1383061785.745798110961914
1383061785.752804040908813
1383061785.759602069854736
1383061785.766499042510986
1383061785.773493051528931
1383061785.780468940734863
1383061785.787508010864258
1383061785.795960903167725
1383061785.803442955017090
1383061785.810375928878784
1383061785.817691087722778
1383061785.825840950012207
1383061785.832736968994141
1383061785.839598894119263
1383061785.846395015716553
1383061785.853411912918091
1383061785.860126018524170
1383061785.867113113403320
1383061785.874037027359009
1383061785.880985021591187
1383061785.887866973876953
1383061785.895575046539307
1383061785.903125047683716
1383061785.909970998764038
1383061785.917705059051514
1383061785.924813032150269
1383061785.931792974472046
1383061785.939193010330200
1383061785.946141958236694
1383061785.953253030776978
1383061785.960154056549072
1383061785.966943025588989
1383061785.974419116973877
1383061785.981460094451904
1383061785.988342046737671
1383061785.995182037353516
