1383061056.383888959884644
1383061056.391186952590942
1383061056.397311925888062
1383061056.403009891510010
1383061056.409909009933472
1383061056.415767908096313
1383061056.421112060546875
1383061056.427943944931030
1383061056.433743000030518
1383061056.438882112503052
1383061056.444225072860718
1383061056.449160099029541
1383061056.454397916793823
1383061056.459459066390991
1383061056.464617967605591
1383061056.469729900360107
1383061056.475157022476196
1383061056.480627059936523
1383061056.486196041107178
1383061056.492168903350830
1383061056.498811006546021
1383061056.504446983337402
1383061056.509675025939941
1383061056.514857053756714
1383061056.520003080368042
1383061056.525166988372803
1383061056.530401945114136
1383061056.535931110382080
1383061056.541548013687134
1383061056.546699047088623
1383061056.551764011383057
1383061056.556874036788940
1383061056.561868906021118
1383061056.567002058029175
1383061056.572207927703857
1383061056.577388048171997
1383061056.582454919815063
1383061056.587732076644897
1383061056.592919111251831
1383061056.599601030349731
1383061056.605727910995483
1383061056.610934972763062
1383061056.616074085235596
1383061056.621774911880493
1383061056.626861095428467
1383061056.632019996643066
1383061056.637456893920898
1383061056.642728090286255
1383061056.647999048233032
1383061056.653264045715332
1383061056.658418893814087
1383061056.663840055465698
1383061056.669056892395020
1383061056.674870014190674
1383061056.679970979690552
1383061056.685286998748779
1383061056.690406084060669
1383061056.695463895797729
1383061056.700613975524902
1383061056.705868959426880
1383061056.711098909378052
1383061056.718079090118408
1383061056.724463939666748
1383061056.729669094085693
1383061056.734774112701416
1383061056.740256071090698
1383061056.745583057403564
1383061056.751008033752441
1383061056.756324052810669
1383061056.761565923690796
1383061056.766891956329346
1383061056.773029088973999
1383061056.778283119201660
1383061056.783687114715576
1383061056.788820981979370
1383061056.794071912765503
1383061056.799316883087158
1383061056.804620981216431
1383061056.809798002243042
1383061056.815203905105591
1383061056.820552110671997
1383061056.828530073165894
1383061056.836638927459717
1383061056.845567941665649
1383061056.853923082351685
1383061056.862874031066895
1383061056.871190071105957
1383061056.880089044570923
1383061056.888945102691650
1383061056.897376060485840
1383061056.905242919921875
1383061056.913640022277832
1383061056.922764062881470
1383061056.931365966796875
1383061056.939862966537476
1383061056.948985099792480
1383061056.959260940551758
1383061056.968336105346680
1383061056.974824905395508
