1383061786.119081974029541
1383061786.130316019058228
1383061786.139540910720825
1383061786.148840904235840
1383061786.158765077590942
1383061786.167983055114746
1383061786.177439928054810
1383061786.186949968338013
1383061786.196541070938110
1383061786.205831050872803
1383061786.215574979782104
1383061786.224761009216309
1383061786.234776973724365
1383061786.244411945343018
1383061786.253149032592773
1383061786.261519908905029
1383061786.269732952117920
1383061786.277739048004150
1383061786.285238027572632
1383061786.292567968368530
1383061786.300239086151123
1383061786.307812929153442
1383061786.315373897552490
1383061786.323903083801270
1383061786.332669019699097
1383061786.340300083160400
1383061786.347806930541992
1383061786.355431079864502
1383061786.362838029861450
1383061786.370466947555542
1383061786.377963066101074
1383061786.385442972183228
1383061786.392838001251221
1383061786.400352001190186
1383061786.407995939254761
1383061786.415607929229736
1383061786.428944110870361
1383061786.441642045974731
1383061786.453548908233643
1383061786.464505910873413
1383061786.475723981857300
1383061786.487283945083618
1383061786.498235940933228
1383061786.509296894073486
1383061786.520410060882568
1383061786.531383037567139
1383061786.544636964797974
1383061786.557729959487915
1383061786.568855047225952
1383061786.579725980758667
1383061786.590962886810303
1383061786.602514982223511
1383061786.614192008972168
1383061786.624958992004395
1383061786.636492967605591
1383061786.650645017623901
1383061786.662141084671021
1383061786.673466920852661
1383061786.685870885848999
1383061786.697321891784668
1383061786.708275079727173
1383061786.717302083969116
1383061786.725152969360352
1383061786.732176065444946
1383061786.739317893981934
1383061786.746658086776733
1383061786.756649017333984
1383061786.764528036117554
1383061786.771862030029297
1383061786.778949022293091
1383061786.786014080047607
1383061786.793438911437988
1383061786.800519943237305
1383061786.807555913925171
1383061786.814379930496216
1383061786.821265935897827
1383061786.828324079513550
1383061786.835386991500854
1383061786.842390060424805
1383061786.849308967590332
1383061786.858105897903442
1383061786.867038965225220
1383061786.874257087707520
1383061786.881356000900269
1383061786.888582944869995
1383061786.895622968673706
1383061786.902942895889282
1383061786.909915924072266
1383061786.916960954666138
1383061786.923901081085205
1383061786.931091070175171
1383061786.938116073608398
1383061786.945209026336670
1383061786.952178001403809
1383061786.959245920181274
1383061786.967176914215088
1383061786.975682020187378
1383061786.983654022216797
1383061786.991430997848511
