 1382635458.36319
9
 1382635470.21591
13
 1382635471.22075
18
 1382635472.23618
22
 1382635473.25369
27
 1382635474.27204
31
 1382635475.26403
36
 1382635476.2761
40
 1382635477.28114
45
 1382635478.30047
49
 1382635479.30466
53
 1382635480.30333
58
 1382635481.32561
62
 1382635482.32707
66
 1382635483.32993
70
 1382635484.33624
75
 1382635485.34729
79
 1382635486.37024
83
 1382635487.35691
87
 1382635488.36988
91
 1382635489.37712
95
 1382635490.39647
100
 1382635491.42997
104
 1382635492.44552
108
 1382635493.44641
112
 1382635494.45978
116
 1382635495.46784
120
 1382635496.48595
124
 1382635497.48808
128
 1382635498.49067
132
 1382635499.51814
136
 1382635500.53146
140
 1382635501.54016
143
 1382635502.56324
147
 1382635503.55653
151
 1382635504.56633
155
 1382635505.58766
158
 1382635506.57488
162
 1382635507.59035
165
 1382635508.59895
169
 1382635509.6091
173
 1382635510.61272
176
 1382635511.62063
179
 1382635512.63325
183
 1382635513.64565
187
 1382635514.66053
190
 1382635515.66947
193
 1382635516.6873
197
 1382635517.69936
200
 1382635518.70613
204
 1382635519.72962
207
 1382635520.75159
210
 1382635521.74989
214
 1382635522.77049
217
 1382635523.76678
221
 1382635524.78941
224
 1382635525.79145
227
 1382635526.81166
231
 1382635527.82528
234
 1382635528.83031
237
 1382635529.84373
240
 1382635530.85335
244
 1382635531.86953
247
 1382635532.88459
250
 1382635533.90759
253
 1382635534.90061
257
 1382635535.90463
260
 1382635536.92567
263
 1382635537.92977
266
 1382635538.93221
269
 1382635539.94166
272
 1382635540.95485
276
 1382635541.95802
279
 1382635542.96723
282
 1382635543.97995
285
 1382635544.9862
288
 1382635546.00354
291
 1382635547.01721
294
 1382635548.02819
297
 1382635549.04711
300
 1382635550.06964
303
 1382635551.06581
307
 1382635552.07781
310
 1382635553.09889
312
 1382635554.10094
316
 1382635555.09833
319
 1382635556.11703
322
 1382635557.12165
325
 1382635558.10652
327
 1382635559.12337
330
 1382635560.13083
333
 1382635561.13389
336
 1382635562.13938
339
 1382635563.15232
342
 1382635564.15688
345
 1382635565.1717
348
 1382635566.18183
351
 1382635567.19211
354
 1382635568.21405
357
 1382635569.21326
360
 1382635570.22786
363
 1382635571.23904
365
 1382635572.24859
368
 1382635573.25281
371
 1382635574.26709
374
 1382635575.28592
377
 1382635576.30408
380
 1382635577.32495
383
 1382635578.31286
385
 1382635579.31739
388
 1382635580.32962
391
 1382635581.34418
394
 1382635582.36293
396
 1382635583.35512
399
 1382635584.36615
402
 1382635585.38287
405
 1382635586.39132
408
 1382635587.39455
410
 1382635588.40958
413
 1382635589.43176
416
 1382635590.42327
419
 1382635591.43817
421
 1382635592.45919
424
 1382635593.46347
427
 1382635594.4599
429
 1382635595.47999
432
 1382635596.48955
435
 1382635597.50278
437
 1382635598.51905
440
 1382635599.53046
443
 1382635600.5479
446
 1382635601.55131
448
 1382635602.55979
451
 1382635603.56678
453
 1382635604.57796
456
 1382635605.58645
459
 1382635606.59983
461
 1382635607.60701
464
 1382635608.62617
467
 1382635609.63346
469
 1382635610.65788
472
 1382635611.64344
474
 1382635612.64703
477
 1382635613.65212
480
 1382635614.65369
482
 1382635615.67224
485
 1382635616.68901
487
 1382635617.69159
490
 1382635618.71101
492
 1382635619.69686
495
 1382635620.71326
497
 1382635621.71835
500
 1382635622.73263
503
 1382635623.73374
505
 1382635624.74508
507
 1382635625.75086
510
 1382635626.75424
513
 1382635627.76561
515
 1382635628.77627
518
 1382635629.79185
520
 1382635630.8
523
 1382635631.80868
525
 1382635632.812
528
 1382635633.82267
530
 1382635634.84046
533
 1382635635.85821
535
 1382635636.86818
538
 1382635637.8878
540
 1382635638.8965
542
 1382635639.91112
545
 1382635640.92319
547
 1382635641.9269
550
 1382635642.94993
552
 1382635643.94282
555
 1382635644.94974
557
 1382635645.96544
560
 1382635646.98379
562
 1382635647.98843
564
 1382635649.00118
567
 1382635650.00376
569
 1382635651.01539
572
 1382635652.02125
574
 1382635653.0282
577
 1382635654.03641
579
 1382635655.04716
581
 1382635656.054
584
 1382635657.06721
586
 1382635658.07714
588
 1382635659.08326
591
 1382635660.09533
593
 1382635661.10905
596
 1382635662.12953
598
 1382635663.1362
600
 1382635664.15318
603
 1382635665.16209
605
 1382635666.16475
607
 1382635667.18454
610
 1382635668.17168
612
 1382635669.18374
614
 1382635670.19616
617
 1382635671.21267
619
 1382635672.22017
621
 1382635673.2411
624
 1382635674.24974
626
 1382635675.25616
628
 1382635676.27229
630
 1382635677.27826
633
 1382635678.30066
635
 1382635679.29163
637
 1382635680.29447
639
 1382635681.314
642
 1382635682.33456
644
 1382635683.33418
646
 1382635684.35294
648
 1382635685.36032
651
 1382635686.36809
653
 1382635687.38837
655
 1382635688.3733
657
 1382635689.38882
660
 1382635690.40988
662
 1382635691.41804
664
 1382635692.4341
667
 1382635693.4501
669
 1382635694.46581
671
 1382635695.47683
673
 1382635696.48798
675
 1382635697.49699
678
 1382635698.50266
680
 1382635699.50774
682
 1382635700.52361
684
 1382635701.5362
686
 1382635702.5529
689
 1382635703.55862
691
 1382635704.5709
693
 1382635705.59154
695
 1382635706.57917
697
 1382635707.5847
700
 1382635708.59597
702
 1382635709.61735
704
 1382635710.61413
706
 1382635711.62075
708
 1382635712.62564
710
 1382635713.63302
712
 1382635714.65066
715
 1382635715.66418
717
 1382635716.67457
719
 1382635717.69422
721
 1382635718.71559
723
 1382635719.73479
725
 1382635720.72562
728
 1382635721.7344
730
 1382635722.74775
732
 1382635723.75114
734
 1382635724.76026
736
 1382635725.76661
738
 1382635726.77611
740
 1382635727.78337
742
 1382635728.79986
745
 1382635729.80914
746
 1382635730.81814
749
 1382635731.82395
751
 1382635732.82999
753
 1382635733.84099
755
 1382635734.84911
757
 1382635735.86589
759
 1382635736.87522
761
 1382635737.88524
763
 1382635738.8885
765
 1382635739.89645
767
 1382635740.9056
769
 1382635741.91571
771
 1382635742.93193
773
 1382635743.93695
776
 1382635744.94377
778
 1382635745.95139
780
 1382635746.95765
782
 1382635747.97751
784
 1382635748.9848
786
 1382635750.00423
788
 1382635751.00845
790
 1382635752.02205
792
 1382635753.03431
794
 1382635754.05254
796
 1382635755.07046
798
 1382635756.08315
800
 1382635757.10325
802
 1382635758.11892
805
 1382635759.11259
806
 1382635760.13301
808
 1382635761.13161
810
 1382635762.15069
812
 1382635763.15323
814
 1382635764.16882
816
 1382635765.19075
818
 1382635766.19897
820
 1382635767.21145
822
 1382635768.21788
824
 1382635769.23214
826
 1382635770.24198
828
 1382635771.24975
830
 1382635772.27031
832
 1382635773.26686
834
 1382635774.2899
836
 1382635775.28714
838
 1382635776.29915
840
 1382635777.3146
842
 1382635778.31972
844
 1382635779.32696
846
 1382635780.3406
848
 1382635781.34376
850
 1382635782.36094
852
 1382635783.3658
854
 1382635784.37926
856
 1382635785.38478
858
 1382635786.3946
860
 1382635787.41108
862
 1382635788.42445
863
 1382635789.43878
865
 1382635790.4495
867
 1382635791.45349
869
 1382635792.47454
871
 1382635793.46555
874
 1382635794.47706
875
 1382635795.48092
877
 1382635796.50059
880
 1382635797.50126
881
 1382635798.50718
884
 1382635799.51398
886
 1382635800.52174
888
 1382635801.57579
889
 1382635802.56562
891
 1382635803.58001
893
 1382635804.59314
895
 1382635805.6005
897
 1382635806.60543
899
 1382635807.61744
901
 1382635808.65256
903
 1382635809.67903
905
 1382635810.64498
907
 1382635811.78854
909
 1382635812.78724
911
 1382635814.00997
913
 1382635814.80203
915
 1382635815.82785
917
 1382635816.81387
919
 1382635817.82739
921
 1382635818.83011
923
 1382635819.93056
925
 1382635820.92174
927
 1382635821.95728
929
 1382635823.01332
931
 1382635824.00459
933
 1382635825.06816
935
 1382635826.0672
937
 1382635827.06296
938
 1382635828.07144
940
 1382635829.09144
942
 1382635830.13615
944
 1382635831.12672
946
 1382635832.13305
948
 1382635833.14954
950
 1382635834.15889
953
 1382635835.39571
954
 1382635836.3422
956
 1382635837.36848
958
 1382635838.71426
960
 1382635839.65307
961
 1382635840.68803
963
 1382635841.67813
965
 1382635842.70365
967
 1382635843.71369
969
 1382635844.72649
971
 1382635845.74699
973
 1382635846.76285
975
 1382635847.77209
977
 1382635848.79081
979
 1382635849.80893
981
 1382635850.82319
982
 1382635851.82759
984
 1382635852.86991
987
 1382635854.07438
988
 1382635854.86514
990
 1382635855.87498
992
 1382635856.89154
994
 1382635857.89925
995
 1382635858.90573
997
 1382635859.92785
999
 1382635860.9287
1001
 1382635861.94993
1003
 1382635862.93908
1005
 1382635863.94657
1007
 1382635864.95215
1009
 1382635865.97442
1011
 1382635866.97236
1013
 1382635867.98714
1014
 1382635869.04205
1016
 1382635870.0413
1018
 1382635871.05659
1020
 1382635872.06043
1022
 1382635873.0628
1024
 1382635874.08255
1026
 1382635875.07574
1028
 1382635876.09471
1030
 1382635877.12843
1031
 1382635878.12492
1033
 1382635879.15186
1035
 1382635880.13399
1037
 1382635881.1955
1039
 1382635882.16696
1041
 1382635883.18802
1043
 1382635884.1746
1044
 1382635885.18095
1047
 1382635886.19303
1048
 1382635887.20039
1051
 1382635888.22071
1052
 1382635889.22345
1054
 1382635890.25619
1056
 1382635891.25358
1058
 1382635892.26108
1059
 1382635893.30299
1061
 1382635894.28965
1063
 1382635895.293
1065
 1382635896.30448
1067
 1382635897.33164
1069
 1382635898.32989
1070
 1382635899.3997
1072
 1382635900.37309
1074
 1382635901.37893
1076
 1382635902.38282
1078
 1382635903.40475
1080
 1382635904.41688
1082
 1382635905.41227
1084
 1382635906.42263
1085
 1382635907.46266
1087
 1382635908.45616
1089
 1382635909.47785
1091
 1382635910.46053
1092
 1382635911.46945
1094
 1382635912.48436
1096
 1382635913.50177
1098
 1382635914.50942
1100
 1382635915.52664
1102
 1382635916.54387
1104
 1382635917.55643
1105
 1382635918.57053
1107
 1382635919.58936
1109
 1382635920.5919
1111
 1382635921.58206
1113
 1382635922.58832
1114
 1382635923.60833
1116
 1382635924.67228
1118
 1382635925.63673
1120
 1382635926.66841
1121
 1382635927.65514
1123
 1382635928.66167
1125
 1382635929.68263
1127
 1382635930.68338
1129
 1382635931.69024
1130
 1382635932.70524
1132
 1382635933.71836
1134
 1382635934.74648
1136
 1382635935.74439
1138
 1382635936.77613
1139
 1382635937.77913
1141
 1382635938.79618
1143
 1382635939.78697
1145
 1382635940.80623
1146
 1382635941.80455
1148
 1382635942.80524
1150
 1382635943.85327
1152
 1382635944.94728
1153
 1382635945.88195
1156
 1382635946.91005
1157
 1382635947.90149
1159
 1382635948.92169
1161
 1382635949.91743
1162
 1382635950.93782
1164
 1382635952.03154
1166
 1382635952.98818
1167
 1382635953.97317
1169
 1382635954.96863
1171
 1382635955.99032
1173
 1382635956.99448
1174
 1382635958.01806
1176
 1382635959.01319
1178
 1382635960.02818
1180
 1382635961.04777
1181
 1382635962.05277
1183
 1382635963.08059
1185
 1382635964.08928
1187
 1382635965.10076
1188
 1382635966.10339
1190
 1382635967.11054
1192
 1382635968.15553
1193
 1382635969.16044
1195
 1382635970.17168
1197
 1382635971.20683
1198
 1382635972.20387
1200
 1382635973.19379
1202
 1382635974.2123
1204
 1382635975.19774
1205
 1382635976.20473
1207
 1382635977.23566
1209
 1382635978.23597
1211
 1382635979.24871
1212
 1382635980.2529
1214
 1382635981.27827
1216
 1382635982.27652
1217
 1382635983.28097
1219
 1382635984.30662
1221
 1382635985.32957
1223
 1382635986.3481
1224
 1382635987.34443
1226
 1382635988.36542
1227
 1382635989.38271
1229
 1382635990.37159
1231
 1382635991.37369
1232
 1382635992.36999
1234
 1382635993.38773
1236
 1382635994.40739
1237
 1382635995.42453
1239
 1382635996.44547
1241
 1382635997.45657
1242
 1382635998.45529
1244
 1382635999.50137
1246
 1382636000.54856
1248
 1382636001.51182
1249
 1382636002.52725
1251
 1382636003.53917
1253
 1382636004.54668
1254
 1382636005.56351
1256
 1382636006.56944
1258
 1382636007.57201
1259
 1382636008.57611
1261
 1382636009.6272
1263
 1382636010.64132
1264
 1382636011.65625
1266
 1382636012.66531
1267
 1382636013.67656
1269
 1382636014.71202
1271
 1382636015.7049
1273
 1382636016.71869
1274
 1382636017.73528
1276
 1382636018.74184
1277
 1382636019.75934
1279
 1382636020.76339
1281
 1382636021.75576
1282
 1382636022.75681
1284
 1382636023.76061
1286
 1382636024.77663
1287
 1382636025.78912
1289
 1382636026.80673
1290
 1382636027.8113
1292
 1382636028.8308
1294
 1382636029.84612
1295
 1382636030.83611
1297
 1382636031.84336
1299
 1382636032.85814
1300
 1382636033.86996
1302
 1382636034.87861
1303
 1382636035.891
1305
 1382636036.89686
1307
 1382636037.91498
1308
 1382636038.92545
1310
 1382636039.93328
1312
 1382636040.93985
1313
 1382636041.9506
1315
 1382636042.96462
1316
 1382636043.98153
1318
 1382636044.99437
1320
 1382636046.01505
1321
 1382636047.0111
1323
 1382636048.02419
1324
 1382636049.03336
1326
 1382636050.0477
1328
 1382636051.06241
1329
 1382636052.08422
1331
 1382636053.08788
1333
 1382636054.08909
1334
 1382636055.09659
1336
 1382636056.10996
1337
 1382636057.11649
1339
 1382636058.12415
1341
 1382636059.1347
1342
 1382636060.1421
1344
 1382636061.15702
1345
 1382636062.17409
1347
 1382636063.18604
1348
 1382636064.19155
1350
 1382636065.20972
1352
 1382636066.21792
1353
 1382636067.22108
1355
 1382636068.23174
1356
 1382636069.24713
1358
 1382636070.26169
1359
 1382636071.26861
1361
 1382636072.27557
1363
 1382636073.2824
1364
 1382636074.29473
1366
 1382636075.30204
1367
 1382636076.32164
1369
 1382636077.32001
1371
 1382636078.33938
1372
 1382636079.34613
1374
 1382636080.35567
1375
 1382636081.37318
1377
 1382636082.39555
1378
 1382636083.40968
1380
 1382636084.42027
1382
 1382636085.42661
1383
 1382636086.43081
1384
 1382636087.43803
1386
 1382636088.4437
1388
 1382636089.4515
1389
 1382636090.45922
1391
 1382636091.46629
1392
 1382636092.48601
1394
 1382636093.4774
1395
 1382636094.49352
1397
 1382636095.5089
1398
 1382636096.51669
1400
 1382636097.53666
1401
 1382636098.54627
1403
 1382636099.55113
1405
 1382636100.55698
1406
 1382636101.57194
1408
 1382636102.58815
1409
 1382636103.60639
1411
 1382636104.62464
1412
 1382636105.6444
1414
 1382636106.6486
1415
 1382636107.6615
1417
 1382636108.68203
1418
 1382636109.70602
1420
 1382636110.70578
1421
 1382636111.70398
1423
 1382636112.70645
1425
 1382636113.71814
1426
 1382636114.72983
1428
 1382636115.73968
1429
 1382636116.75494
1431
 1382636117.76773
1432
 1382636118.7844
1434
 1382636119.79447
1435
 1382636120.80264
1437
 1382636121.81197
1438
 1382636122.83004
1440
 1382636123.84675
1441
 1382636124.85693
1443
 1382636125.86433
1444
 1382636126.8688
1446
 1382636127.88266
1447
 1382636128.89207
1449
 1382636129.89554
1451
 1382636130.90735
1452
 1382636131.93065
1454
 1382636132.92067
1455
 1382636133.93523
1457
 1382636134.95115
1458
 1382636135.97067
1460
 1382636136.97031
1461
 1382636137.99004
1463
 1382636138.99183
1464
 1382636140.00322
1465
 1382636141.02112
1467
 1382636142.03583
1468
 1382636143.05264
1470
 1382636144.05047
1471
 1382636145.06123
1473
 1382636146.07737
1475
 1382636147.09749
1476
 1382636148.08944
1477
 1382636149.09235
1479
 1382636150.11076
1480
 1382636151.11679
1482
 1382636152.11995
1483
 1382636153.12087
1485
 1382636154.12401
1486
 1382636155.1306
1488
 1382636156.14338
1489
 1382636157.15418
1491
 1382636158.17196
1492
 1382636159.17666
1494
 1382636160.18101
1495
 1382636161.18534
1497
 1382636162.19793
1498
 1382636163.20805
1500
 1382636164.22762
1501
 1382636165.2267
1502
 1382636166.22889
1504
 1382636167.24128
1506
 1382636168.24882
1507
 1382636169.25809
1509
 1382636170.27922
1510
 1382636171.28795
1512
 1382636172.30144
1513
 1382636173.31631
1514
 1382636174.32948
1516
 1382636175.3515
1517
 1382636176.33938
1519
 1382636177.34741
1520
 1382636178.35565
1522
 1382636179.36297
1523
 1382636180.37842
1524
 1382636181.39926
1526
 1382636182.39966
1528
 1382636183.41332
1529
 1382636184.424
1531
 1382636185.44415
1532
 1382636186.46086
1533
 1382636187.4773
1535
 1382636188.49276
1536
 1382636189.50567
1538
 1382636190.5006
1539
 1382636191.51987
1541
 1382636192.53762
1542
 1382636193.52758
1544
 1382636194.55322
1545
 1382636195.57037
1547
 1382636196.59884
1548
 1382636197.59349
1550
 1382636198.60324
1551
 1382636199.61343
1553
 1382636200.62305
1554
 1382636201.64345
1555
 1382636202.66661
1557
 1382636203.65498
1558
 1382636204.66286
1559
 1382636205.67359
1561
 1382636206.67783
1562
 1382636207.70927
1564
 1382636208.723
1565
 1382636209.72576
1567
 1382636210.71186
1568
 1382636211.71714
1569
 1382636212.73658
1571
 1382636213.7249
1572
 1382636214.72951
1574
 1382636215.74947
1575
 1382636216.75028
1577
 1382636217.7587
1578
 1382636218.76166
1579
 1382636219.76952
1581
 1382636220.78455
1582
 1382636221.78918
1583
 1382636222.79757
1585
 1382636223.81454
1586
 1382636224.82044
1588
 1382636225.83941
1589
 1382636226.85332
1591
 1382636227.87273
1592
 1382636228.89431
1593
 1382636229.89342
1595
 1382636230.90317
1596
 1382636231.90428
1598
 1382636232.92746
1599
 1382636233.94148
1601
 1382636234.94833
1602
 1382636235.96451
1603
 1382636236.97758
1605
 1382636237.98691
1606
 1382636238.99134
1608
 1382636239.99815
1609
 1382636241.03611
1610
 1382636242.01537
1612
 1382636243.02604
1613
 1382636244.04049
1615
 1382636245.04795
1616
 1382636246.05959
1618
 1382636247.07506
1619
 1382636248.08406
1621
 1382636249.09494
1622
 1382636250.10394
1623
 1382636251.10679
1625
 1382636252.11354
1626
 1382636253.11652
1627
 1382636254.14011
1629
 1382636255.15348
1630
 1382636256.16563
1631
 1382636257.18132
1633
 1382636258.19004
1634
 1382636259.19899
1636
 1382636260.20767
1637
 1382636261.22908
1639
 1382636262.23512
1640
 1382636263.25864
1642
 1382636264.39053
1643
 1382636265.36585
1644
 1382636266.38202
1646
 1382636267.39562
1647
 1382636268.41855
1648
 1382636269.42053
1650
 1382636270.42443
1651
 1382636271.43291
1652
 1382636272.4452
1654
 1382636273.46132
1655
 1382636274.47881
1657
 1382636275.4744
1658
 1382636276.48586
1660
 1382636277.50231
1661
 1382636278.50943
1662
 1382636279.51422
1663
 1382636280.53602
1665
 1382636281.53517
1666
 1382636282.54066
1668
 1382636283.55607
1669
 1382636284.56411
1670
 1382636285.56794
1672
 1382636286.57501
1673
 1382636287.58779
1675
 1382636288.59822
1676
 1382636289.60367
1677
 1382636290.60777
1679
 1382636291.61628
1680
 1382636292.63278
1681
 1382636293.64763
1683
 1382636294.65908
1684
 1382636295.67363
1685
 1382636296.68239
1687
 1382636297.69469
1688
 1382636298.69829
1690
 1382636299.70672
1691
 1382636300.72326
1692
 1382636301.7335
1694
 1382636302.73795
1695
 1382636303.74379
1696
 1382636304.75734
1697
 1382636305.7788
1699
 1382636306.76518
1700
 1382636307.7813
1702
 1382636308.79411
1703
 1382636309.79693
1704
 1382636310.80498
1705
 1382636311.81462
1707
 1382636312.81919
1708
 1382636313.82659
1710
 1382636314.83939
1711
 1382636315.84722
1712
 1382636316.86277
1714
 1382636317.88601
1715
 1382636318.87942
1717
 1382636319.90082
1718
 1382636320.88977
1719
 1382636321.90324
1720
 1382636322.92358
1722
 1382636323.92106
1723
 1382636324.94082
1724
 1382636325.94954
1726
 1382636326.95765
1727
 1382636327.96643
1729
 1382636328.98402
1730
 1382636330.00151
1731
 1382636331.00974
1732
 1382636332.01765
1734
 1382636333.02184
1735
 1382636334.03538
1736
 1382636335.0416
1738
 1382636336.06137
1739
 1382636337.06055
1741
 1382636338.07382
1742
 1382636339.09236
1743
 1382636340.10042
1744
 1382636341.11195
1746
 1382636342.1219
1747
 1382636343.13017
1748
 1382636344.13426
1750
 1382636345.13871
1751
 1382636346.15156
1752
 1382636347.15837
1753
 1382636348.18267
1755
 1382636349.18173
1756
 1382636350.18345
1757
 1382636351.2027
1759
 1382636352.19079
1760
 1382636353.20957
1761
 1382636354.20127
1762
 1382636355.21623
1764
 1382636356.22342
1765
 1382636357.2274
1767
 1382636358.24466
1768
 1382636359.2517
1769
 1382636360.2582
1771
 1382636361.27898
1772
 1382636362.28076
1773
 1382636363.29729
1774
 1382636364.3005
1776
 1382636365.31683
1777
 1382636366.33644
1779
 1382636367.3534
1780
 1382636368.36798
1781
 1382636369.37297
1782
 1382636370.38224
1784
 1382636371.38733
1785
 1382636372.39784
1786
 1382636373.40179
1788
 1382636374.40585
1789
 1382636375.42103
1790
 1382636376.43812
1791
 1382636377.45279
1793
 1382636378.45672
1794
 1382636379.46208
1795
 1382636380.4767
1797
 1382636381.49033
1798
 1382636382.49677
1799
 1382636383.50411
1800
 1382636384.50668
1802
 1382636385.51682
1803
 1382636386.52873
1804
 1382636387.53263
1805
 1382636388.55369
1807
 1382636389.54581
1808
 1382636390.56057
1810
 1382636391.57812
1811
 1382636392.59515
1812
 1382636393.6058
1814
 1382636394.61583
1816
 1382636396.63292
1817
 1382636397.6366
1819
 1382636398.64362
1820
 1382636399.6622
1821
 1382636400.6795
1822
 1382636401.67393
1824
 1382636402.69204
1826
 1382636404.70981
1828
 1382636405.72103
1829
 1382636406.73938
1830
 1382636407.76181
1831
 1382636408.76688
1833
 1382636409.77083
1834
 1382636410.78883
1835
 1382636411.79396
1836
 1382636412.81535
1838
 1382636413.81446
1839
 1382636414.8171
1840
 1382636415.83872
1842
 1382636416.85087
1843
 1382636417.87077
1844
 1382636418.89271
1845
 1382636419.90144
1846
 1382636420.91565
1848
 1382636421.93377
1849
 1382636422.95308
1850
 1382636423.95938
1852
 1382636424.96868
1853
 1382636425.98183
1854
 1382636426.9957
1855
 1382636428.01773
1857
 1382636429.0219
1858
 1382636430.03061
1859
 1382636431.04435
1860
 1382636432.05471
1862
 1382636433.06677
1863
 1382636434.08281
1864
 1382636435.09457
1866
 1382636436.11611
1867
 1382636437.13213
1868
 1382636438.13814
1869
 1382636439.14017
1871
 1382636440.14942
1872
 1382636441.16381
1873
 1382636442.16904
1874
 1382636443.17325
1876
 1382636444.18191
1877
 1382636445.18439
1878
 1382636446.19052
1879
 1382636447.20015
1881
 1382636448.20495
1882
 1382636449.22345
1883
 1382636450.24014
1884
 1382636451.25968
1886
 1382636452.2629
1887
 1382636453.26822
1888
 1382636454.2781
1889
 1382636455.28592
1891
 1382636456.2987
1892
 1382636457.32019
1893
 1382636458.3261
1894
 1382636459.33233
1896
 1382636460.35233
1897
 1382636461.34154
1898
 1382636462.35449
1899
 1382636463.36494
1900
 1382636464.37327
1902
 1382636465.37535
1903
 1382636466.3805
1904
 1382636467.39316
1906
 1382636468.40505
1907
 1382636469.4127
1908
 1382636470.42694
1909
 1382636471.43396
1911
 1382636472.4485
1913
 1382636474.47944
1914
 1382636475.46498
1915
 1382636476.47105
1917
 1382636477.48526
1918
 1382636478.49693
1919
 1382636479.50149
1920
 1382636480.5205
1922
 1382636481.53033
1923
 1382636482.54573
1924
 1382636483.56444
1925
 1382636484.57342
1927
 1382636485.5786
1929
 1382636487.5917
1930
 1382636488.61474
1932
 1382636489.61057
1933
 1382636490.61781
1934
 1382636491.62855
1935
 1382636492.63235
1937
 1382636493.64615
1938
 1382636494.66412
1939
 1382636495.65174
1940
 1382636496.65922
1941
 1382636497.66784
1943
 1382636498.68043
1944
 1382636499.69124
1945
 1382636500.69332
1946
 1382636501.71605
1948
 1382636502.71122
1949
 1382636503.71894
1950
 1382636504.72875
1951
 1382636505.734
1952
 1382636506.74254
1953
 1382636507.76148
1955
 1382636508.77332
1956
 1382636509.79228
1957
 1382636510.78074
1958
 1382636511.79778
1960
 1382636512.79183
1961
 1382636513.79437
1962
 1382636514.80668
1963
 1382636515.8221
1964
 1382636516.8323
1966
 1382636517.83676
1967
 1382636518.8449
1968
 1382636519.85786
1969
 1382636520.86528
1971
 1382636521.8865
1972
 1382636522.8822
1973
 1382636523.89668
1974
 1382636524.90738
1975
 1382636525.91321
1976
 1382636526.93466
1978
 1382636527.95229
1979
 1382636528.96713
1980
 1382636529.97761
1982
 1382636530.99504
1984
 1382636533.00634
1985
 1382636534.02559
1986
 1382636535.04611
1988
 1382636536.0334
1989
 1382636537.03791
1990
 1382636538.04316
1991
 1382636539.05056
1992
 1382636540.06943
1993
 1382636541.07292
1995
 1382636542.08089
1996
 1382636543.09813
1997
 1382636544.11138
1998
 1382636545.12196
2000
 1382636546.12757
2001
 1382636547.14169
2002
 1382636548.15568
2003
 1382636549.1749
2004
 1382636550.1839
2005
 1382636551.20148
2007
 1382636552.21405
2008
 1382636553.22369
2009
 1382636554.23021
2010
 1382636555.23887
2011
 1382636556.24329
2012
 1382636557.25678
2013
 1382636558.26073
2015
 1382636559.26513
2016
 1382636560.27668
2017
 1382636561.28871
2018
 1382636562.30406
2020
 1382636563.31299
2022
 1382636565.32412
2023
 1382636566.32939
2024
 1382636567.34728
2025
 1382636568.35804
2027
 1382636569.36426
2028
 1382636570.36976
2029
 1382636571.3912
2030
 1382636572.40642
2032
 1382636573.41468
2033
 1382636574.41843
2034
 1382636575.42104
2035
 1382636576.44303
2036
 1382636577.46333
2037
 1382636578.4634
2039
 1382636579.48225
2040
 1382636580.48885
2041
 1382636581.50024
2042
 1382636582.51547
2043
 1382636583.52268
2045
 1382636584.53596
2046
 1382636585.5491
2047
 1382636586.55515
2048
 1382636587.56459
2049
 1382636588.57904
2050
 1382636589.58798
2051
 1382636590.60201
2053
 1382636591.61404
2054
 1382636592.61657
2055
 1382636593.62615
2056
 1382636594.64682
2057
 1382636595.6496
2059
 1382636596.68926
2060
 1382636597.65768
2061
 1382636598.66456
2062
 1382636599.67385
2064
 1382636600.68432
2065
 1382636601.68726
2066
 1382636602.70381
2067
 1382636603.71638
2068
 1382636604.72527
2069
 1382636605.73757
2070
 1382636606.74412
2071
 1382636607.7621
2073
 1382636608.76808
2075
 1382636610.79347
2076
 1382636611.80403
2077
 1382636612.81635
2078
 1382636613.8314
2079
 1382636614.84627
2080
 1382636615.86318
2082
 1382636616.86864
2083
 1382636617.883
2084
 1382636618.90044
2085
 1382636619.90342
2087
 1382636620.91707
2089
 1382636622.95018
2090
 1382636623.96804
2091
 1382636624.97037
2092
 1382636625.98266
2093
 1382636626.99975
2094
 1382636628.01546
2096
 1382636629.02854
2097
 1382636630.04766
2098
 1382636631.0412
2099
 1382636632.04357
2100
 1382636633.0544
2102
 1382636634.07362
2103
 1382636635.08198
2104
 1382636636.08654
2105
 1382636637.09988
2106
 1382636638.11762
2107
 1382636639.13191
2108
 1382636640.13868
2109
 1382636641.14745
2111
 1382636642.15809
2112
 1382636643.16406
2113
 1382636644.1701
2114
 1382636645.18592
2115
 1382636646.19741
2116
 1382636647.20651
2117
 1382636648.21509
2118
 1382636649.22448
2120
 1382636650.23361
2121
 1382636651.24462
2122
 1382636652.25847
2123
 1382636653.27357
2124
 1382636654.28255
2125
 1382636655.28741
2126
 1382636656.30903
2128
 1382636657.30747
2129
 1382636658.31391
2130
 1382636659.33182
2131
 1382636660.35219
2132
 1382636661.34453
2133
 1382636662.3614
2135
 1382636663.36589
2136
 1382636664.37925
2137
 1382636665.38338
2138
 1382636666.39568
2139
 1382636667.40614
2140
 1382636668.41523
2141
 1382636669.42086
2142
 1382636670.4296
2143
 1382636671.44328
2145
 1382636672.45739
2146
 1382636673.47135
2147
 1382636674.48258
2148
 1382636675.48877
2149
 1382636676.49719
2150
 1382636677.5057
2151
 1382636678.52219
2152
 1382636679.5348
2154
 1382636680.54877
2155
 1382636681.56165
2156
 1382636682.57947
2157
 1382636683.57319
2158
 1382636684.57931
2159
 1382636685.60104
2160
 1382636686.58888
2161
 1382636687.60162
2163
 1382636688.61532
2165
 1382636690.63496
2166
 1382636691.64024
2167
 1382636692.65358
2168
 1382636693.66593
2169
 1382636694.67812
2170
 1382636695.69028
2171
 1382636696.71058
2173
 1382636697.72272
2174
 1382636698.72915
2175
 1382636699.74746
2176
 1382636700.75544
2177
 1382636701.77179
2178
 1382636702.77569
2179
 1382636703.79143
2180
 1382636704.80986
2182
 1382636705.82614
2183
 1382636706.8288
2184
 1382636707.8445
2185
 1382636708.85672
2186
 1382636709.87106
2187
 1382636710.88694
2188
 1382636711.8952
2189
 1382636712.89956
2190
 1382636713.90386
2192
 1382636714.92045
2193
 1382636715.93245
2194
 1382636716.95276
2195
 1382636717.96884
2196
 1382636718.99041
2197
 1382636719.9796
2198
 1382636720.99732
2200
 1382636722.009
2202
 1382636724.02767
2203
 1382636725.04914
2204
 1382636726.0477
2205
 1382636727.0568
2206
 1382636728.06282
2207
 1382636729.08544
2208
 1382636730.08392
2210
 1382636731.09983
2212
 1382636733.13209
2213
 1382636734.14234
2214
 1382636735.16319
2215
 1382636736.16134
2216
 1382636737.17161
2217
 1382636738.19363
2218
 1382636739.20323
2219
 1382636740.21433
2220
 1382636741.23256
2221
 1382636742.24369
2222
 1382636743.2556
2224
 1382636744.26551
2225
 1382636745.2843
2226
 1382636746.30457
2227
 1382636747.31566
2228
 1382636748.32815
2229
 1382636749.34308
2230
 1382636750.35394
2231
 1382636751.36185
2232
 1382636752.37996
2234
 1382636753.39347
2236
 1382636755.41649
2237
 1382636756.43035
2238
 1382636757.43611
2239
 1382636758.44138
2240
 1382636759.46136
2241
 1382636760.46759
2242
 1382636761.47323
2243
 1382636762.47668
2244
 1382636763.48545
2246
 1382636764.49104
2247
 1382636765.5054
2248
 1382636766.52107
2249
 1382636767.53549
2250
 1382636768.54191
2251
 1382636769.55601
2252
 1382636770.5768
2253
 1382636771.58794
2254
 1382636772.60257
2255
 1382636773.61824
2256
 1382636774.62437
2258
 1382636775.64543
2259
 1382636776.64468
2260
 1382636777.65024
2261
 1382636778.65761
2262
 1382636779.66944
2263
 1382636780.677
2264
 1382636781.69192
2265
 1382636782.69859
2266
 1382636783.71422
2267
 1382636784.72116
2268
 1382636785.72549
2269
 1382636786.7452
2270
 1382636787.75794
2272
 1382636788.76302
2273
 1382636789.76912
2274
 1382636790.77777
2275
 1382636791.78081
2276
 1382636792.79866
2277
 1382636793.81885
2278
 1382636794.82488
2279
 1382636795.83629
2280
 1382636796.85173
2281
 1382636797.84802
2282
 1382636798.85821
2283
 1382636799.87108
2284
 1382636800.87718
2286
 1382636801.89602
2287
 1382636802.913
2288
 1382636803.93748
2289
 1382636804.93329
2290
 1382636805.94575
2291
 1382636806.95039
2292
 1382636807.95608
2293
 1382636808.97142
2294
 1382636809.97752
2295
 1382636810.99078
2296
 1382636812.00273
2297
 1382636813.02482
2298
 1382636814.01647
2300
 1382636815.02
2301
 1382636816.03162
2302
 1382636817.0459
2303
 1382636818.06797
2304
 1382636819.05156
2305
 1382636820.07038
2306
 1382636821.08247
2307
 1382636822.09569
2308
 1382636823.11097
2309
 1382636824.13383
2311
 1382636825.13669
2312
 1382636827.14378
2313
 1382636828.15065
2314
 1382636829.15728
2315
 1382636830.17522
2316
 1382636831.18625
2318
 1382636832.19728
2319
 1382636833.20849
2321
 1382636835.23408
2322
 1382636836.25255
2323
 1382636837.26773
2324
 1382636838.27722
2325
 1382636839.28397
2326
 1382636840.28849
2327
 1382636841.30768
2328
 1382636842.33
2329
 1382636843.3281
2330
 1382636844.34127
2332
 1382636845.35297
2333
 1382636846.36245
2335
 1382636848.40018
2337
 1382636850.4186
2338
 1382636851.42199
2339
 1382636852.43149
2340
 1382636853.43585
2341
 1382636854.45129
2342
 1382636855.46542
2343
 1382636856.47255
2344
 1382636857.49763
2345
 1382636858.48947
2346
 1382636859.49869
2347
 1382636860.50739
2348
 1382636861.50783
2349
 1382636862.51462
2351
 1382636863.52818
2353
 1382636865.5628
2354
 1382636866.56848
2355
 1382636867.58828
2356
 1382636868.60231
2357
 1382636869.60931
2358
 1382636870.63317
2359
 1382636871.6312
2360
 1382636872.64242
2361
 1382636873.66117
2362
 1382636874.66438
2363
 1382636875.6726
2364
 1382636876.68035
2365
 1382636877.70158
2366
 1382636878.68699
2367
 1382636879.70892
2368
 1382636880.70427
2369
 1382636881.7105
2370
 1382636882.72212
2371
 1382636883.73887
2372
 1382636884.75181
2373
 1382636885.76513
2374
 1382636886.78373
2375
 1382636887.80324
2376
 1382636888.80309
2377
 1382636889.79623
2379
 1382636890.81021
2380
 1382636892.82285
2382
 1382636893.83535
2383
 1382636894.84853
2384
 1382636895.86692
2385
 1382636896.87287
2386
 1382636897.88338
2387
 1382636898.89549
2388
 1382636899.90404
2389
 1382636900.91839
2390
 1382636901.92501
2391
 1382636902.9275
2392
 1382636903.94458
2393
 1382636904.95948
2394
 1382636905.96223
2395
 1382636906.97272
2396
 1382636907.98312
2397
 1382636908.99571
2398
 1382636910.00178
2399
 1382636911.01488
2400
 1382636912.02066
2401
 1382636913.03948
2402
 1382636914.02933
2403
 1382636915.03763
2404
 1382636916.05924
2405
 1382636917.0542
2406
 1382636918.07123
2407
 1382636919.08411
2408
 1382636920.08892
2409
 1382636921.10306
2410
 1382636922.11848
2412
 1382636923.13501
2413
 1382636924.14881
2415
 1382636926.1774
2416
 1382636927.18942
2417
 1382636928.19872
2418
 1382636929.22063
2419
 1382636930.21675
2420
 1382636931.22289
2421
 1382636932.2348
2422
 1382636933.25597
2423
 1382636934.25559
2424
 1382636935.26436
2425
 1382636936.27479
2426
 1382636937.29635
2427
 1382636938.29286
2428
 1382636939.31301
2429
 1382636940.33085
2430
 1382636941.33625
2431
 1382636942.34568
2432
 1382636943.36255
2433
 1382636944.3836
2434
 1382636945.37378
2435
 1382636946.39509
2436
 1382636947.38908
2437
 1382636948.40414
2438
 1382636949.40645
2439
 1382636950.41235
2440
 1382636951.42796
2442
 1382636952.44356
2444
 1382636954.4573
2446
 1382636956.49391
2447
 1382636957.51481
2448
 1382636959.54087
2449
 1382636960.53781
2450
 1382636961.54858
2451
 1382636962.56629
2452
 1382636963.56927
2453
 1382636964.59198
2454
 1382636965.57966
2455
 1382636966.59199
2456
 1382636967.6078
2457
 1382636968.62127
2458
 1382636969.63765
2459
 1382636970.64284
2460
 1382636971.65937
2461
 1382636972.67229
2462
 1382636973.67761
2463
 1382636975.68911
2464
 1382636976.69285
2465
 1382636977.70511
2466
 1382636978.71808
2467
 1382636979.72966
2468
 1382636980.73315
2469
 1382636981.74473
2470
 1382636982.75604
2471
 1382636983.76681
2472
 1382636984.7784
2473
 1382636985.78169
2474
 1382636986.78481
2475
 1382636987.80151
2476
 1382636988.82309
2477
 1382636989.84472
2478
 1382636990.84874
2479
 1382636991.86598
2480
 1382636992.88219
2481
 1382636993.9068
2482
 1382636994.89615
2483
 1382636995.91516
2485
 1382636997.9308
2487
 1382636999.94531
2488
 1382637001.9656
2489
 1382637002.98684
2490
 1382637003.9753
2491
 1382637004.98529
2492
 1382637005.98808
2493
 1382637007.00444
2494
 1382637008.02837
2495
 1382637009.03218
2496
 1382637010.05029
2497
 1382637011.05766
2498
 1382637012.07461
2499
 1382637013.08623
2500
 1382637014.09024
2501
 1382637015.10394
2502
 1382637016.11262
2503
 1382637018.12006
2504
 1382637019.12989
2505
 1382637020.14765
2507
 1382637021.15758
2508
 1382637023.18285
2509
 1382637024.17167
2510
 1382637025.17972
2511
 1382637026.19138
2512
 1382637027.20661
2513
 1382637028.21403
2514
 1382637029.21842
2515
 1382637030.23157
2516
 1382637031.24826
2517
 1382637032.26852
2518
 1382637033.28143
2519
 1382637035.29667
2520
 1382637036.30273
2521
 1382637037.31143
2522
 1382637038.32962
2523
 1382637039.33733
2525
 1382637040.35228
2526
 1382637042.3724
2527
 1382637043.3817
2528
 1382637044.39538
2529
 1382637045.40081
2530
 1382637046.42103
2531
 1382637047.44809
2532
 1382637048.44084
2533
 1382637049.45188
2534
 1382637050.45519
2535
 1382637051.46623
2537
 1382637053.49085
2539
 1382637055.51347
2540
 1382637057.52911
2541
 1382637058.53646
2542
 1382637059.55751
2543
 1382637060.55995
2544
 1382637061.55551
2545
 1382637062.55871
2546
 1382637063.57628
2547
 1382637064.58271
2548
 1382637065.58908
2549
 1382637066.5968
2551
 1382637068.61869
2552
 1382637070.63118
2553
 1382637071.65585
2554
 1382637072.64494
2555
 1382637073.64783
2556
 1382637074.66413
2557
 1382637075.67211
2558
 1382637076.68606
2559
 1382637077.69438
2560
 1382637078.70702
2561
 1382637079.71514
2562
 1382637080.7205
2563
 1382637081.72973
2564
 1382637082.74046
2565
 1382637083.74431
2566
 1382637085.75195
2567
 1382637086.7637
2568
 1382637087.77042
2569
 1382637088.77711
2570
 1382637089.78444
2571
 1382637090.78916
2572
 1382637091.81091
2573
 1382637093.83403
2574
 1382637094.85586
2575
 1382637095.85084
2576
 1382637096.85751
2577
 1382637097.86629
2578
 1382637098.87984
2579
 1382637099.88806
2580
 1382637100.90665
2581
 1382637101.91206
2582
 1382637102.91362
2583
 1382637103.92906
2584
 1382637104.94449
2585
 1382637105.94281
2586
 1382637106.95509
2587
 1382637107.97837
2588
 1382637108.97325
2589
 1382637110.99927
2590
 1382637112.00821
2591
 1382637113.02203
2592
 1382637114.04143
2593
 1382637115.04978
2594
 1382637116.06915
2595
 1382637117.08388
2596
 1382637118.09524
2597
 1382637119.10018
2598
 1382637120.11866
2599
 1382637121.13832
2600
 1382637122.15375
2601
 1382637124.18052
2602
 1382637125.18053
2603
 1382637126.18227
2604
 1382637127.20376
2605
 1382637128.21813
2606
 1382637129.23056
2607
 1382637130.24006
2608
 1382637131.25453
2609
 1382637132.25832
2610
 1382637133.26562
2612
 1382637135.30091
2613
 1382637137.32506
2614
 1382637138.32794
2615
 1382637139.33823
2616
 1382637140.3554
2617
 1382637141.36074
2618
 1382637142.37693
2619
 1382637143.38374
2620
 1382637144.39785
2622
 1382637146.41021
2623
 1382637148.43333
2624
 1382637149.44925
2625
 1382637150.45113
2626
 1382637151.45576
2627
 1382637152.46669
2628
 1382637153.48663
2629
 1382637154.5025
2630
 1382637155.51566
2632
 1382637157.5479
2633
 1382637159.56201
2634
 1382637160.56659
2635
 1382637161.58228
2636
 1382637162.59975
2637
 1382637163.6198
2638
 1382637164.64092
2639
 1382637165.6309
2640
 1382637166.63717
2641
 1382637168.65631
2642
 1382637169.67495
2643
 1382637170.68947
2644
 1382637171.69298
2645
 1382637172.7175
2646
 1382637173.72596
2647
 1382637174.74438
2648
 1382637176.77539
2649
 1382637177.78698
2650
 1382637178.80168
2651
 1382637179.82281
2652
 1382637180.81053
2653
 1382637181.81422
2654
 1382637182.82912
2655
 1382637183.84203
2656
 1382637184.85319
2657
 1382637185.86012
2658
 1382637186.87818
2659
 1382637187.87238
2660
 1382637189.89222
2661
 1382637190.90718
2662
 1382637191.91184
2663
 1382637192.92179
2664
 1382637193.93543
2665
 1382637194.94217
2666
 1382637195.94877
2667
 1382637196.96479
2668
 1382637197.97834
2669
 1382637200.00296
2670
 1382637201.00664
2671
 1382637202.01569
2672
 1382637203.02078
2673
 1382637204.02667
2674
 1382637205.04367
2675
 1382637206.06385
2676
 1382637208.093
2677
 1382637209.11236
2678
 1382637210.13368
2679
 1382637211.13889
2680
 1382637212.12595
2681
 1382637213.1419
2682
 1382637214.15887
2683
 1382637215.17878
2684
 1382637216.1835
2685
 1382637218.19988
2686
 1382637219.21137
2687
 1382637220.22163
2688
 1382637221.23344
2689
 1382637222.25099
2690
 1382637223.2606
2691
 1382637224.2792
2692
 1382637225.295
2693
 1382637227.31853
2694
 1382637228.33799
2695
 1382637229.33889
2696
 1382637230.35499
2697
 1382637231.36984
2698
 1382637232.388
2699
 1382637233.39623
2700
 1382637234.39996
2701
 1382637235.41671
2702
 1382637236.43234
2703
 1382637238.45587
2704
 1382637239.46568
2705
 1382637240.46903
2706
 1382637241.48433
2707
 1382637242.49855
2708
 1382637243.499
2709
 1382637244.51653
2710
 1382637245.51793
2711
 1382637246.53315
2712
 1382637248.56977
2713
 1382637249.58006
2714
 1382637250.58753
2715
 1382637251.5981
2716
 1382637252.61311
2717
 1382637253.6204
2718
 1382637254.62983
2719
 1382637256.63704
2720
 1382637257.64697
2721
 1382637258.65679
2722
 1382637259.67571
2723
 1382637260.67985
2724
 1382637261.69058
2725
 1382637263.70819
2726
 1382637264.73004
2727
 1382637265.73374
2728
 1382637266.72328
2729
 1382637267.72935
2730
 1382637268.74095
2731
 1382637269.74921
2732
 1382637270.76284
2733
 1382637271.77303
2734
 1382637273.79163
2735
 1382637274.81218
2736
 1382637275.80367
2737
 1382637276.82256
2738
 1382637277.82785
2739
 1382637278.8308
2740
 1382637279.84847
2741
 1382637280.85764
2742
 1382637282.8681
2743
 1382637283.88229
2744
 1382637284.89321
2745
 1382637285.90776
2746
 1382637286.91421
2747
 1382637287.92961
2748
 1382637289.96129
2749
 1382637290.95753
2750
 1382637291.97284
2751
 1382637292.98507
2752
 1382637293.98919
2753
 1382637294.99966
2754
 1382637296.01626
2755
 1382637297.03264
2756
 1382637299.05455
2757
 1382637300.07494
2758
 1382637301.08933
2759
 1382637302.11113
2760
 1382637303.10847
2761
 1382637304.11628
2762
 1382637305.13401
2763
 1382637307.1437
2764
 1382637308.15429
2765
 1382637309.17881
2766
 1382637310.17058
2767
 1382637311.18163
2768
 1382637313.19324
2769
 1382637314.19831
2770
 1382637315.20974
2771
 1382637316.21706
2772
 1382637317.2298
2773
 1382637318.23964
2774
 1382637319.24288
2775
 1382637320.25539
2776
 1382637321.26869
2777
 1382637323.28227
2778
 1382637324.29068
2779
 1382637325.29974
2780
 1382637326.31586
2781
 1382637327.33234
2782
 1382637328.34565
2783
 1382637329.35629
2784
 1382637331.39644
2785
 1382637332.40706
2786
 1382637333.41035
2787
 1382637334.42567
2788
 1382637335.43282
2789
 1382637336.43871
2790
 1382637337.45309
2791
 1382637338.46516
2792
 1382637340.4879
2793
 1382637341.4931
2794
 1382637342.50545
2795
 1382637343.52001
2796
 1382637344.53717
2797
 1382637346.56358
2798
 1382637347.58422
2799
 1382637348.58899
2800
 1382637349.59501
2801
 1382637350.61387
2802
 1382637351.62761
2803
 1382637353.65681
2804
 1382637354.67483
2805
 1382637355.67813
2806
 1382637356.68799
2807
 1382637357.70151
2808
 1382637358.71012
2809
 1382637359.71991
2810
 1382637361.7481
2811
 1382637362.766
2812
 1382637363.77227
2813
 1382637364.78152
2814
 1382637365.78835
2815
 1382637366.80213
2816
 1382637368.82852
2817
 1382637369.83699
2818
 1382637370.84741
2819
 1382637371.85265
2820
 1382637373.86961
2821
 1382637374.8752
2823
 1382637375.88401
2824
 1382637377.90474
2825
 1382637378.92343
2826
 1382637379.94412
2827
 1382637380.93684
2828
 1382637382.95671
2829
 1382637383.96635
2830
 1382637384.98505
2831
 1382637385.99855
2832
 1382637387.00953
2833
 1382637388.03123
2834
 1382637390.04406
2835
 1382637391.03741
2836
 1382637392.05141
2837
 1382637393.05851
2838
 1382637394.079
2839
 1382637395.08233
2840
 1382637396.092
2841
 1382637398.12419
2842
 1382637399.13835
2843
 1382637400.15154
2844
 1382637401.16327
2845
 1382637402.17827
2846
 1382637403.18856
2847
 1382637405.21145
2848
 1382637406.22808
2849
 1382637407.23843
2850
 1382637408.25442
2851
 1382637409.26128
2852
 1382637411.28573
2853
 1382637412.30362
2854
 1382637413.30643
2855
 1382637414.32127
2856
 1382637415.33683
2857
 1382637416.3547
2858
 1382637417.37285
2859
 1382637419.39619
2860
 1382637420.40122
2861
 1382637421.40781
2862
 1382637423.43714
2863
 1382637424.43907
2864
 1382637425.45081
2865
 1382637426.47177
2866
 1382637427.47358
2867
 1382637428.47838
2868
 1382637429.48198
2869
 1382637430.49859
2870
 1382637432.52375
2871
 1382637433.53021
2872
 1382637434.55324
2873
 1382637436.56285
2874
 1382637437.57711
2875
 1382637438.58798
2876
 1382637439.59674
2877
 1382637440.61228
2878
 1382637441.62583
2879
 1382637442.6314
2880
 1382637443.6409
2881
 1382637445.66434
2882
 1382637446.67082
2883
 1382637447.68535
2884
 1382637448.70867
2885
 1382637449.70251
2886
 1382637451.71836
2887
 1382637452.7265
2888
 1382637453.74188
2889
 1382637454.75616
2890
 1382637455.76286
2891
 1382637457.78629
2892
 1382637458.80036
2893
 1382637459.82083
2894
 1382637460.81708
2895
 1382637461.8306
2896
 1382637463.85303
2897
 1382637464.86937
2898
 1382637465.87569
2899
 1382637466.88949
2900
 1382637467.9072
2901
 1382637468.91108
2902
 1382637470.93904
2903
 1382637471.95874
2904
 1382637472.97331
2905
 1382637473.99383
2906
 1382637475.00782
2907
 1382637477.03335
2908
 1382637478.03882
2909
 1382637479.04611
2910
 1382637481.06608
2911
 1382637482.07095
2912
 1382637483.07624
2913
 1382637484.08794
2914
 1382637485.10617
2915
 1382637486.11243
2916
 1382637487.1291
2917
 1382637489.15844
2918
 1382637490.17144
2919
 1382637491.19414
2920
 1382637493.19971
2921
 1382637494.20811
2922
 1382637495.2248
2923
 1382637496.23217
2924
 1382637497.24416
2925
 1382637498.25505
2926
 1382637499.26265
2927
 1382637500.27212
2928
 1382637502.29471
2929
 1382637503.30139
2930
 1382637504.307
2931
 1382637505.31651
2932
 1382637506.32905
2933
 1382637508.3505
2934
 1382637509.36632
2935
 1382637510.37696
2936
 1382637511.39816
2937
 1382637513.40905
2938
 1382637514.43003
2939
 1382637515.43056
2940
 1382637517.46459
2941
 1382637518.45148
2942
 1382637519.45489
2943
 1382637520.45825
2944
 1382637521.46866
2945
 1382637522.47343
2946
 1382637523.49016
2947
 1382637525.51072
2948
 1382637526.52146
2949
 1382637527.53754
2950
 1382637528.55521
2951
 1382637530.59664
2952
 1382637531.58945
2953
 1382637532.5959
2954
 1382637533.60072
2955
 1382637534.60425
2956
 1382637535.62447
2957
 1382637537.63758
2958
 1382637538.64596
2959
 1382637539.66429
2960
 1382637540.67684
2961
 1382637541.6975
2962
 1382637543.70612
2963
 1382637544.69627
2964
 1382637545.71881
2965
 1382637546.72248
2966
 1382637548.72497
2967
 1382637549.741
2968
 1382637550.7576
2969
 1382637551.76235
2970
 1382637553.78611
2971
 1382637554.78893
2972
 1382637555.80088
2973
 1382637556.81683
2974
 1382637558.8276
2975
 1382637559.83029
2976
 1382637560.85024
2977
 1382637561.85562
2978
 1382637562.87477
2979
 1382637563.87413
2980
 1382637565.89823
2981
 1382637566.91645
2982
 1382637567.9392
2983
 1382637569.93927
2985
 1382637570.95699
2986
 1382637572.99382
2987
 1382637573.99525
2988
 1382637576.02046
2989
 1382637577.02346
2990
 1382637578.04201
2991
 1382637579.04873
2992
 1382637581.06666
2993
 1382637582.0856
2994
 1382637583.10043
2995
 1382637584.10965
2996
 1382637585.12677
2997
 1382637587.15338
2998
 1382637588.15859
2999
 1382637589.17564
3001
 1382637591.20315
3002
 1382637593.22887
3003
 1382637594.24758
3004
 1382637595.25772
3005
 1382637596.26492
3006
 1382637598.30813
3007
 1382637599.31712
3008
 1382637600.31919
3009
 1382637601.33274
3010
 1382637602.33676
3011
 1382637604.37707
3012
 1382637605.38617
3013
 1382637606.4034
3014
 1382637607.42108
3015
 1382637609.4374
3016
 1382637610.45605
3017
 1382637611.46304
3018
 1382637612.46639
3019
 1382637613.48386
3020
 1382637615.50244
3021
 1382637616.52251
3022
 1382637617.52491
3023
 1382637619.53907
3024
 1382637620.55632
3025
 1382637621.56909
3026
 1382637622.57326
3027
 1382637623.59417
3028
 1382637625.61884
3029
 1382637626.60938
3030
 1382637627.61169
3031
 1382637628.62043
3032
 1382637630.62811
3033
 1382637631.65036
3034
 1382637632.63945
3035
 1382637633.65242
3036
 1382637634.67003
3037
 1382637636.68461
3038
 1382637637.70298
3039
 1382637638.71681
3040
 1382637639.73456
3041
 1382637641.75769
3042
 1382637642.76594
3043
 1382637643.77282
3044
 1382637645.80081
3045
 1382637646.81817
3046
 1382637647.82577
3047
 1382637648.84511
3048
 1382637649.84805
3049
 1382637650.85902
3050
 1382637652.87966
3051
 1382637653.89633
3052
 1382637655.90678
3053
 1382637656.92083
3054
 1382637657.9252
3055
 1382637658.93274
3056
 1382637659.94342
3057
 1382637660.95695
3058
 1382637662.97105
3059
 1382637663.97467
3060
 1382637664.9898
3061
 1382637667.00881
3062
 1382637668.01991
3063
 1382637669.02343
3064
 1382637670.04062
3065
 1382637672.06542
3066
 1382637673.08386
3067
 1382637674.08679
3068
 1382637675.10641
3069
 1382637676.11367
3070
 1382637677.12131
3071
 1382637679.13716
3072
 1382637680.14216
3073
 1382637681.16041
3074
 1382637683.18869
3075
 1382637684.20356
3076
 1382637685.21279
3077
 1382637686.2354
3078
 1382637688.24292
3079
 1382637689.24994
3080
 1382637690.25723
3081
 1382637691.2757
3083
 1382637693.29414
3084
 1382637695.31863
3085
 1382637696.3253
3086
 1382637698.32657
3087
 1382637699.33478
3088
 1382637700.34653
3089
 1382637702.3626
3090
 1382637703.38035
3091
 1382637704.39127
3092
 1382637705.39974
3093
 1382637707.42625
3094
 1382637708.43108
3095
 1382637709.4309
3096
 1382637710.44099
3097
 1382637712.45463
3098
 1382637713.47408
3099
 1382637714.49397
3100
 1382637715.48356
3101
 1382637716.50442
3102
 1382637718.54192
3103
 1382637719.53651
3104
 1382637720.55608
3105
 1382637721.56668
3106
 1382637723.59204
3107
 1382637724.60593
3108
 1382637725.60208
3109
 1382637727.61635
3110
 1382637728.62251
3111
 1382637729.64305
3112
 1382637731.66821
3113
 1382637732.67287
3114
 1382637733.68009
3115
 1382637734.68793
3116
 1382637736.70327
3117
 1382637737.71339
3118
 1382637738.71886
3119
 1382637739.72972
3120
 1382637741.75104
3121
 1382637742.76352
3122
 1382637743.77759
3123
 1382637744.80128
3124
 1382637746.80197
3125
 1382637747.81021
3126
 1382637748.83
3127
 1382637750.83997
3128
 1382637751.84388
3129
 1382637752.85466
3130
 1382637753.86446
3131
 1382637755.87731
3132
 1382637756.88876
3133
 1382637757.89991
3134
 1382637758.92062
3135
 1382637760.95143
3136
 1382637761.95875
3137
 1382637762.97225
3138
 1382637764.99247
3139
 1382637765.99656
3140
 1382637767.00765
3141
 1382637768.0289
3142
 1382637769.03809
3143
 1382637771.0693
3144
 1382637772.08712
3145
 1382637774.12568
3146
 1382637775.13449
3147
 1382637776.14043
3148
 1382637778.15597
3149
 1382637779.1743
3150
 1382637780.18842
3151
 1382637782.21433
3152
 1382637783.23603
3153
 1382637784.23837
3154
 1382637785.24614
3155
 1382637786.25222
3156
 1382637788.29014
3157
 1382637789.2854
3158
 1382637790.30254
3159
 1382637791.31038
3160
 1382637793.33943
3161
 1382637794.35287
3162
 1382637795.37548
3163
 1382637796.37088
3164
 1382637798.38284
3165
 1382637799.39977
3166
 1382637801.4233
3167
 1382637802.43783
3168
 1382637803.44897
3169
 1382637804.46263
3170
 1382637805.47955
3171
 1382637806.4976
3172
 1382637808.52053
3173
 1382637809.52741
3174
 1382637811.544
3175
 1382637812.55577
3176
 1382637813.57016
3177
 1382637815.59442
3178
 1382637816.61298
3179
 1382637817.63316
3180
 1382637818.63737
3181
 1382637819.64541
3182
 1382637821.66958
3183
 1382637822.68145
3184
 1382637823.68713
3185
 1382637825.70966
3186
 1382637826.71734
3187
 1382637827.73754
3188
 1382637829.73914
3189
 1382637830.74126
3190
 1382637831.75205
3191
 1382637832.76528
3192
 1382637834.78429
3193
 1382637835.79788
3194
 1382637836.80629
3195
 1382637838.8254
3196
 1382637839.83782
3197
 1382637840.85139
3198
 1382637841.85552
3199
 1382637843.87425
3200
 1382637844.88577
3201
 1382637845.89042
3202
 1382637846.90704
3203
 1382637848.91988
3204
 1382637849.9366
3205
 1382637851.96006
3206
 1382637852.95028
3207
 1382637853.95859
3208
 1382637854.97982
3209
 1382637855.98802
3210
 1382637858.0061
3211
 1382637859.0197
3212
 1382637861.03795
3213
 1382637862.05124
3214
 1382637863.0651
3215
 1382637864.08156
3216
 1382637866.10731
3217
 1382637867.1143
3218
 1382637868.13547
3219
 1382637869.12787
3220
 1382637871.14828
3221
 1382637872.15917
3222
 1382637873.17061
3223
 1382637875.19637
3224
 1382637876.2054
3225
 1382637878.22862
3226
 1382637879.24187
3227
 1382637880.25092
3228
 1382637882.27483
3229
 1382637883.28542
3230
 1382637884.30432
3231
 1382637885.31397
3232
 1382637887.33669
3233
 1382637888.34913
3234
 1382637889.35904
3235
 1382637891.37303
3236
 1382637892.38505
3237
 1382637893.38481
3238
 1382637894.39109
3239
 1382637896.41484
3240
 1382637897.43058
3241
 1382637898.43501
3242
 1382637900.45
3243
 1382637901.4614
3244
 1382637902.47295
3245
 1382637903.4812
3246
 1382637905.51895
3247
 1382637906.53862
3248
 1382637908.54844
3249
 1382637909.55357
3250
 1382637910.5636
3251
 1382637911.5751
3252
 1382637913.59432
3253
 1382637914.60566
3254
 1382637915.6199
3255
 1382637916.63212
3256
 1382637918.65451
3257
 1382637919.67269
3258
 1382637921.68981
3259
 1382637922.70791
3260
 1382637923.72
3261
 1382637924.72591
3262
 1382637926.75907
3263
 1382637927.76966
3264
 1382637928.78197
3265
 1382637930.81354
3266
 1382637931.82676
3267
 1382637932.84692
3268
 1382637934.87259
3269
 1382637935.89558
3270
 1382637936.8854
3271
 1382637937.89413
3272
 1382637939.91602
3273
 1382637941.93379
3274
 1382637942.94004
3275
 1382637943.96375
3276
 1382637944.96347
3277
 1382637946.98344
3278
 1382637947.99366
3279
 1382637948.9976
3280
 1382637950.00474
3281
 1382637952.02299
3282
 1382637953.03444
3283
 1382637955.05245
3284
 1382637956.05949
3285
 1382637957.07578
3286
 1382637958.08909
3287
 1382637960.11084
3288
 1382637961.10387
3289
 1382637962.11039
3290
 1382637964.14011
3291
 1382637965.13041
3292
 1382637966.14407
3293
 1382637968.17285
3294
 1382637969.19859
3295
 1382637970.21078
3296
 1382637971.22564
3297
 1382637973.23786
3298
 1382637974.24239
3299
 1382637975.25968
3300
 1382637977.28944
3301
 1382637978.3075
3302
 1382637979.31051
3303
 1382637981.3274
3304
 1382637982.34897
3305
 1382637984.36783
3306
 1382637985.38549
3307
 1382637986.40221
3308
 1382637987.40848
3309
 1382637988.4151
3310
 1382637990.43594
3311
 1382637992.45648
3312
 1382637993.46596
3313
 1382637994.47832
3314
 1382637995.48369
3315
 1382637996.50417
3316
 1382637998.53017
3318
 1382638000.55863
3319
 1382638002.59515
3320
 1382638003.59543
3321
 1382638005.61443
3322
 1382638006.60395
3323
 1382638007.62337
3324
 1382638009.62839
3325
 1382638010.64138
3326
 1382638011.6455
3327
 1382638013.67493
3328
 1382638014.67662
3329
 1382638015.67043
3330
 1382638017.69546
3331
 1382638018.71013
3332
 1382638019.72534
3333
 1382638020.72748
3334
 1382638022.74278
3335
 1382638023.747
3336
 1382638025.76226
3337
 1382638026.78436
3338
 1382638027.79876
3339
 1382638029.82405
3340
 1382638030.82196
3341
 1382638031.84404
3342
 1382638032.84283
3343
 1382638034.85846
3344
 1382638035.87229
3345
 1382638037.893
3346
 1382638038.8999
3347
 1382638039.9206
3348
 1382638041.95042
3349
 1382638042.96019
3350
 1382638043.9728
3351
 1382638044.98567
3352
 1382638046.99873
3353
 1382638048.01144
3354
 1382638049.02028
3355
 1382638051.04829
3356
 1382638052.0551
3357
 1382638053.06029
3358
 1382638055.07883
3359
 1382638056.08656
3360
 1382638057.09127
3361
 1382638059.11603
3362
 1382638060.12325
3363
 1382638062.14538
3364
 1382638063.15949
3365
 1382638064.16585
3366
 1382638065.1843
3367
 1382638067.20211
3368
 1382638068.20972
3369
 1382638070.23268
3370
 1382638071.23594
3371
 1382638073.26093
3372
 1382638074.26467
3373
 1382638075.2685
3374
 1382638077.28031
3375
 1382638078.28989
3376
 1382638079.30323
3377
 1382638080.31177
3378
 1382638082.32845
3379
 1382638083.33798
3380
 1382638085.36304
3381
 1382638086.37208
3382
 1382638087.38031
3383
 1382638088.38686
3384
 1382638090.41739
3385
 1382638092.44598
3386
 1382638093.46387
3387
 1382638094.47582
3388
 1382638095.49004
3389
 1382638097.51076
3390
 1382638098.50793
3391
 1382638100.53358
3392
 1382638101.54738
3393
 1382638102.5558
3394
 1382638104.58807
3395
 1382638105.59518
3396
 1382638106.60192
3397
 1382638108.61185
3398
 1382638109.61773
3399
 1382638110.62986
3400
 1382638112.65426
3401
 1382638113.66514
3402
 1382638115.69434
3403
 1382638116.69557
3404
 1382638117.70517
3405
 1382638118.71796
3406
 1382638120.73298
3407
 1382638121.74321
3408
 1382638123.75944
3409
 1382638124.76941
3410
 1382638125.79318
3411
 1382638127.78846
3412
 1382638128.80154
3413
 1382638130.8169
3414
 1382638131.83558
3415
 1382638133.85163
3416
 1382638134.85991
3417
 1382638135.88104
3418
 1382638137.91302
3419
 1382638138.92206
3420
 1382638139.93177
3421
 1382638140.94704
3422
 1382638142.96657
3423
 1382638143.97985
3424
 1382638144.99542
3425
 1382638147.02873
3426
 1382638149.05117
3427
 1382638150.07367
3428
 1382638151.08939
3429
 1382638153.11344
3430
 1382638154.11385
3431
 1382638155.11605
3432
 1382638157.13285
3433
 1382638158.15458
3434
 1382638159.14077
3435
 1382638161.17604
3436
 1382638162.19136
3437
 1382638163.19561
3438
 1382638165.22434
3439
 1382638166.24368
3440
 1382638168.2711
3441
 1382638169.28218
3442
 1382638170.29661
3443
 1382638171.31108
3444
 1382638173.32864
3445
 1382638175.35525
3446
 1382638176.34354
3447
 1382638177.3509
3448
 1382638178.36647
3449
 1382638180.40257
3450
 1382638181.41153
3451
 1382638182.41578
3452
 1382638184.43757
3453
 1382638185.4473
3454
 1382638187.47592
3455
 1382638188.49504
3456
 1382638189.50943
3457
 1382638191.52123
3458
 1382638193.54633
3459
 1382638194.56359
3460
 1382638195.58459
3461
 1382638196.58166
3462
 1382638198.60726
3463
 1382638199.61271
3464
 1382638200.63076
3465
 1382638201.64539
3466
 1382638203.66195
3467
 1382638204.67872
3468
 1382638206.70725
3469
 1382638207.7059
3470
 1382638209.72002
3471
 1382638210.72734
3472
 1382638211.73103
3473
 1382638213.75377
3474
 1382638214.77584
3475
 1382638216.79825
3476
 1382638217.80635
3477
 1382638218.8171
3478
 1382638219.83322
3479
 1382638221.84936
3480
 1382638222.87071
3481
 1382638224.896
3482
 1382638225.89654
3483
 1382638227.91078
3484
 1382638228.92792
3485
 1382638230.94914
3486
 1382638231.96958
3487
 1382638232.98162
3488
 1382638233.99882
3489
 1382638236.03442
3490
 1382638237.03699
3491
 1382638239.05384
3492
 1382638240.05945
3493
 1382638242.08648
3494
 1382638243.10767
3495
 1382638245.11523
3496
 1382638246.12828
3497
 1382638247.14488
3498
 1382638248.15918
3499
 1382638250.18151
3500
 1382638251.20527
3501
 1382638253.20877
3502
 1382638254.22659
3503
 1382638255.23432
3504
 1382638257.26428
3505
 1382638259.29008
3506
 1382638260.2947
3507
 1382638261.30177
3508
 1382638262.31162
3509
 1382638264.33014
3510
 1382638265.33326
3511
 1382638266.34769
3512
 1382638268.36729
3513
 1382638269.37758
3514
 1382638271.41376
3515
 1382638273.42413
3516
 1382638274.43302
3517
 1382638275.45144
3518
 1382638276.46429
3519
 1382638278.48957
3520
 1382638279.49913
3521
 1382638281.53187
3522
 1382638282.54632
3523
 1382638283.55842
3524
 1382638285.57567
3525
 1382638286.59793
3526
 1382638288.59321
3527
 1382638289.60344
3528
 1382638291.60931
3529
 1382638292.61594
3530
 1382638293.63564
3531
 1382638294.62714
3532
 1382638296.65254
3533
 1382638297.66463
3534
 1382638298.67705
3535
 1382638300.69567
3536
 1382638302.71755
3537
 1382638303.73681
3538
 1382638304.74978
3539
 1382638305.76722
3540
 1382638307.79632
3541
 1382638308.79493
3542
 1382638310.81466
3543
 1382638311.81969
3544
 1382638313.84032
3545
 1382638314.84416
3546
 1382638316.85756
3547
 1382638317.86668
3548
 1382638318.87758
3549
 1382638320.89525
3550
 1382638321.90048
3551
 1382638323.93054
3552
 1382638324.94972
3553
 1382638325.95935
3554
 1382638327.9802
3555
 1382638328.99813
3556
 1382638331.01028
3557
 1382638332.02295
3558
 1382638334.0435
3559
 1382638335.05185
3560
 1382638336.06669
3561
 1382638338.0868
3562
 1382638339.10301
3563
 1382638340.10978
3564
 1382638342.13423
3565
 1382638343.15527
3566
 1382638345.16966
3567
 1382638346.18039
3568
 1382638347.1959
3569
 1382638349.22412
3570
 1382638350.21717
3571
 1382638352.2267
3572
 1382638353.233
3573
 1382638355.2511
3574
 1382638356.269
3575
 1382638357.28729
3576
 1382638359.30853
3577
 1382638361.33604
3578
 1382638362.35912
3579
 1382638363.3508
3580
 1382638364.36761
3581
 1382638366.41116
3582
 1382638367.40803
3583
 1382638369.42471
3584
 1382638370.43668
3585
 1382638372.46168
3586
 1382638373.47925
3587
 1382638374.49287
3588
 1382638376.52726
3589
 1382638377.54737
3590
 1382638379.5643
3591
 1382638380.58127
3592
 1382638381.60542
3593
 1382638383.5982
3594
 1382638384.6055
3595
 1382638386.6274
3596
 1382638387.64124
3597
 1382638389.68359
3598
 1382638390.68633
3599
 1382638392.69835
3600
 1382638393.71589
3601
 1382638394.73342
3602
 1382638396.76737
3603
 1382638397.77591
3604
 1382638398.78298
3605
 1382638400.8133
3606
 1382638402.84168
3607
 1382638403.83148
3608
 1382638404.83975
3609
 1382638406.8752
3610
 1382638407.89361
3611
 1382638409.9228
3612
 1382638410.94203
3613
 1382638411.95131
3614
 1382638413.98391
3615
 1382638414.97626
3616
 1382638416.98513
3617
 1382638418.00259
3618
 1382638419.01977
3619
 1382638421.03571
3620
 1382638423.05587
3621
 1382638424.07475
3622
 1382638426.11293
3623
 1382638427.12956
3624
 1382638428.13566
3625
 1382638430.16449
3626
 1382638431.1786
3627
 1382638432.18895
3628
 1382638433.19825
3629
 1382638435.22185
3630
 1382638437.24583
3631
 1382638438.26376
3632
 1382638440.2642
3633
 1382638441.2795
3634
 1382638443.31122
3635
 1382638444.31414
3636
 1382638445.3173
3637
 1382638447.33607
3638
 1382638448.34544
3639
 1382638450.38559
3640
 1382638451.37711
3641
 1382638453.39771
3642
 1382638454.41874
3643
 1382638455.41044
3644
 1382638457.41898
3645
 1382638458.43522
3646
 1382638460.46547
3647
 1382638461.48465
3648
 1382638463.50691
3649
 1382638464.52227
3650
 1382638466.54894
3651
 1382638467.55318
3652
 1382638469.55336
3653
 1382638470.57647
3654
 1382638471.57191
3655
 1382638473.58861
3656
 1382638474.60508
3657
 1382638475.61478
3658
 1382638477.65271
3659
 1382638478.65408
3660
 1382638480.67524
3661
 1382638482.69766
3662
 1382638483.7103
3663
 1382638484.72107
3664
 1382638486.74614
3665
 1382638487.76246
3666
 1382638489.78686
3667
 1382638490.80578
3668
 1382638492.83627
3669
 1382638493.84615
3670
 1382638495.86362
3671
 1382638496.87588
3672
 1382638498.89493
3673
 1382638499.89855
3674
 1382638500.9086
3675
 1382638502.92665
3676
 1382638504.95153
3677
 1382638505.95704
3678
 1382638507.981
3679
 1382638508.99255
3680
 1382638510.00636
3681
 1382638512.03898
3682
 1382638513.05794
3683
 1382638515.08495
3684
 1382638516.10683
3685
 1382638517.11419
3686
 1382638519.13859
3687
 1382638521.16696
3688
 1382638522.1768
3689
 1382638523.18387
3690
 1382638525.21964
3691
 1382638526.2353
3692
 1382638528.26735
3693
 1382638529.27878
3694
 1382638531.29475
3695
 1382638532.30625
3696
 1382638533.31422
3697
 1382638535.33528
3698
 1382638537.36091
3699
 1382638538.37448
3700
 1382638540.39011
3701
 1382638541.40993
3702
 1382638542.43044
3703
 1382638543.43994
3704
 1382638545.47756
3705
 1382638547.48353
3706
 1382638548.50253
3707
 1382638549.51366
3708
 1382638551.54031
3709
 1382638553.5468
3710
 1382638554.5693
3711
 1382638555.55702
3712
 1382638557.5811
3713
 1382638559.58762
3714
 1382638560.59211
3715
 1382638561.59466
3716
 1382638563.61799
3717
 1382638564.63622
3718
 1382638566.66086
3719
 1382638567.68469
3720
 1382638569.68793
3721
 1382638570.70158
3722
 1382638571.72444
3723
 1382638573.75101
3724
 1382638574.75265
3725
 1382638576.78019
3726
 1382638577.79585
3727
 1382638579.81301
3728
 1382638580.82063
3729
 1382638582.85468
3730
 1382638583.87519
3731
 1382638585.8971
3732
 1382638586.90975
3733
 1382638588.9272
3734
 1382638589.93731
3735
 1382638591.97776
3736
 1382638592.99098
3737
 1382638593.99483
3738
 1382638596.02061
3739
 1382638598.0375
3740
 1382638599.04622
3741
 1382638600.05368
3742
 1382638602.08361
3743
 1382638603.1015
3744
 1382638605.09359
3745
 1382638606.09797
3746
 1382638607.10266
3747
 1382638609.12266
3748
 1382638611.14616
3749
 1382638612.14868
3750
 1382638614.17102
3751
 1382638615.18003
3752
 1382638616.19562
3753
 1382638618.20569
3754
 1382638620.22127
3755
 1382638621.23485
3756
 1382638622.24849
3757
 1382638624.27774
3758
 1382638625.27962
3759
 1382638627.3128
3760
 1382638629.33083
3761
 1382638630.34422
3762
 1382638631.35089
3763
 1382638633.37014
3764
 1382638634.38505
3765
 1382638636.40549
3766
 1382638637.42088
3767
 1382638639.44549
3768
 1382638640.45357
3769
 1382638642.47833
3770
 1382638643.48741
3771
 1382638645.51022
3772
 1382638646.52537
3773
 1382638648.55749
3774
 1382638649.57252
3775
 1382638650.59065
3776
 1382638652.6102
3777
 1382638654.63902
3778
 1382638655.65762
3779
 1382638656.66449
3780
 1382638658.70555
3781
 1382638660.73004
3782
 1382638661.73605
3783
 1382638663.75436
3784
 1382638664.76465
3785
 1382638665.78728
3786
 1382638667.79327
3787
 1382638668.80148
3788
 1382638670.8208
3789
 1382638671.84288
3790
 1382638673.86921
3791
 1382638674.88586
3792
 1382638676.90441
3793
 1382638677.92302
3794
 1382638679.93389
3795
 1382638680.94124
3796
 1382638681.95467
3797
 1382638683.98759
3798
 1382638684.99345
3799
 1382638687.02341
3800
 1382638688.04509
3801
 1382638690.07433
3802
 1382638691.08525
3803
 1382638693.11985
3804
 1382638694.12966
3805
 1382638696.15812
3806
 1382638698.16668
3807
 1382638699.17682
3808
 1382638700.18743
3809
 1382638702.20836
3810
 1382638703.22241
3811
 1382638705.23301
3812
 1382638706.24301
3813
 1382638708.27541
3814
 1382638709.29425
3815
 1382638711.31553
3816
 1382638713.34568
3817
 1382638714.35072
3818
 1382638716.37418
3819
 1382638717.38906
3820
 1382638718.40417
3821
 1382638720.41625
3822
 1382638721.43401
3823
 1382638723.44325
3824
 1382638724.4539
3825
 1382638726.46583
3826
 1382638727.47155
3827
 1382638729.49847
3828
 1382638730.5159
3829
 1382638732.54472
3830
 1382638734.56711
3831
 1382638735.57932
3832
 1382638737.61713
3833
 1382638738.60788
3834
 1382638740.629
3835
 1382638741.63992
3836
 1382638743.66902
3837
 1382638744.67382
3838
 1382638746.70258
3839
 1382638747.71689
3840
 1382638749.75381
3841
 1382638750.76749
3842
 1382638752.77541
3843
 1382638753.79251
3844
 1382638755.82247
3845
 1382638756.83631
3846
 1382638758.85722
3847
 1382638759.8656
3848
 1382638761.88757
3849
 1382638762.89718
3850
 1382638764.92013
3851
 1382638765.93707
3852
 1382638767.95826
3853
 1382638768.97623
3854
 1382638771.00545
3855
 1382638773.02806
3856
 1382638774.04768
3857
 1382638775.03847
3858
 1382638777.0699
3859
 1382638779.06654
3860
 1382638780.0799
3861
 1382638781.08735
3862
 1382638783.10345
3863
 1382638784.12245
3864
 1382638786.13859
3865
 1382638788.16589
3866
 1382638789.18951
3867
 1382638791.19388
3868
 1382638792.2064
3869
 1382638794.23281
3870
 1382638795.25155
3871
 1382638797.26965
3872
 1382638798.28141
3873
 1382638799.2899
3874
 1382638801.31378
3875
 1382638803.34331
3876
 1382638804.35241
3877
 1382638806.36885
3878
 1382638808.39281
3879
 1382638809.3965
3880
 1382638811.42048
3881
 1382638812.43023
3882
 1382638814.45719
3883
 1382638815.47387
3884
 1382638817.49889
3885
 1382638818.50704
3886
 1382638819.52575
3887
 1382638821.54999
3888
 1382638822.56006
3889
 1382638824.592
3890
 1382638826.60244
3891
 1382638827.61427
3892
 1382638829.6449
3893
 1382638830.66115
3894
 1382638832.69095
3895
 1382638834.70598
3896
 1382638835.71719
3897
 1382638837.74858
3898
 1382638838.74137
3899
 1382638839.74927
3900
 1382638841.77165
3901
 1382638842.78066
3902
 1382638844.79477
3903
 1382638845.81211
3904
 1382638847.85314
3905
 1382638849.86718
3906
 1382638850.87002
3907
 1382638851.88978
3908
 1382638853.90432
3909
 1382638855.91348
3910
 1382638856.92075
3911
 1382638858.93916
3912
 1382638859.95693
3913
 1382638861.97691
3914
 1382638862.98738
3915
 1382638865.00968
3916
 1382638866.02162
3917
 1382638868.0438
3918
 1382638870.07465
3919
 1382638872.09001
3920
 1382638873.0978
3921
 1382638875.12221
3922
 1382638876.15388
3923
 1382638878.17571
3924
 1382638879.17979
3925
 1382638881.20332
3926
 1382638882.22555
3927
 1382638884.24145
3928
 1382638885.24244
3929
 1382638887.2599
3930
 1382638888.27941
3931
 1382638890.30887
3932
 1382638892.33325
3933
 1382638893.34126
3934
 1382638895.37439
3935
 1382638896.39669
3936
 1382638898.4118
3937
 1382638899.43123
3938
 1382638901.44982
3939
 1382638902.47591
3940
 1382638904.47962
3941
 1382638905.49101
3942
 1382638907.50792
3943
 1382638909.52222
3944
 1382638910.52943
3945
 1382638912.56107
3946
 1382638913.57056
3947
 1382638915.5935
3948
 1382638916.61148
3949
 1382638918.64243
3950
 1382638919.66492
3951
 1382638921.66001
3952
 1382638922.67372
3953
 1382638924.69085
3954
 1382638926.72276
3955
 1382638927.74071
3956
 1382638929.75749
3957
 1382638930.77516
3958
 1382638932.80093
3959
 1382638934.81794
3960
 1382638935.82865
3961
 1382638937.84982
3962
 1382638939.88454
3963
 1382638940.87838
3964
 1382638941.88528
3965
 1382638943.90768
3966
 1382638945.93451
3967
 1382638946.95003
3968
 1382638948.97851
3969
 1382638949.9826
3970
 1382638952.00947
3971
 1382638953.01657
3972
 1382638955.05278
3973
 1382638956.04306
3974
 1382638958.05858
3975
 1382638959.0754
3976
 1382638961.10226
3977
 1382638962.11553
3978
 1382638964.1324
3979
 1382638966.14844
3980
 1382638967.16728
3981
 1382638968.18812
3982
 1382638970.20559
3983
 1382638972.22533
3984
 1382638973.24294
3985
 1382638975.26085
3986
 1382638976.28551
3987
 1382638978.30387
3988
 1382638980.32508
3989
 1382638981.32975
3990
 1382638983.36695
3991
 1382638984.35927
3992
 1382638986.38918
3993
 1382638988.39428
3994
 1382638989.40753
3995
 1382638991.43109
3996
 1382638993.44403
3997
 1382638994.45749
3998
 1382638996.48532
3999
 1382638997.50118
4000
 1382638998.5119
4001
 1382639000.53524
4002
 1382639002.57166
4003
 1382639003.58048
4004
 1382639005.58783
4005
 1382639007.61689
4006
 1382639008.63389
4007
 1382639009.65535
