 1382631284.30685
9
 1382631296.53184
13
 1382631297.54258
17
 1382631298.56192
21
 1382631299.57727
26
 1382631300.57872
30
 1382631301.62054
34
 1382631302.63259
38
 1382631303.64394
42
 1382631304.6555
46
 1382631305.67699
50
 1382631306.69396
54
 1382631307.72466
58
 1382631308.72057
62
 1382631309.7456
66
 1382631310.74556
70
 1382631311.77277
73
 1382631312.77107
77
 1382631313.79272
81
 1382631314.8192
85
 1382631315.82664
89
 1382631316.87131
93
 1382631317.84927
96
 1382631318.87869
100
 1382631319.89502
104
 1382631320.89508
108
 1382631321.91521
111
 1382631322.94844
115
 1382631323.94656
119
 1382631324.97127
122
 1382631325.98945
126
 1382631327.01993
130
 1382631328.04846
133
 1382631329.04429
137
 1382631330.06904
141
 1382631331.08235
144
 1382631332.0991
148
 1382631333.12426
151
 1382631334.13904
155
 1382631335.15486
158
 1382631336.16268
161
 1382631337.1997
165
 1382631338.16908
168
 1382631339.17848
172
 1382631340.21754
175
 1382631341.18525
178
 1382631342.1911
182
 1382631343.22362
185
 1382631344.23365
188
 1382631345.23938
192
 1382631346.27589
195
 1382631347.27504
198
 1382631348.2986
202
 1382631349.28963
205
 1382631350.29685
208
 1382631351.33061
212
 1382631352.34101
215
 1382631353.35442
219
 1382631354.35818
222
 1382631355.37426
225
 1382631356.39222
228
 1382631357.41291
232
 1382631358.65824
235
 1382631359.67143
238
 1382631360.66106
241
 1382631361.64325
245
 1382631362.66673
248
 1382631363.67618
251
 1382631364.68787
254
 1382631365.71474
257
 1382631366.72779
260
 1382631367.75844
263
 1382631368.77228
266
 1382631369.77409
269
 1382631370.80974
273
 1382631371.85195
276
 1382631372.8397
279
 1382631373.84162
281
 1382631374.85796
285
 1382631375.87584
288
 1382631376.87917
291
 1382631377.88207
294
 1382631378.90827
297
 1382631379.94117
300
 1382631380.92754
303
 1382631381.97719
306
 1382631382.9768
309
 1382631384.00621
312
 1382631385.04325
315
 1382631386.04522
318
 1382631387.06954
320
 1382631388.09104
324
 1382631389.09819
327
 1382631390.12266
330
 1382631391.14243
332
 1382631392.15295
335
 1382631393.17419
338
 1382631394.19618
341
 1382631395.20504
344
 1382631396.23399
346
 1382631397.25646
349
 1382631398.2751
352
 1382631399.28499
355
 1382631400.30171
358
 1382631401.32316
361
 1382631402.31818
363
 1382631403.33761
366
 1382631404.36515
369
 1382631405.36574
372
 1382631406.4058
375
 1382631407.37567
377
 1382631408.40862
380
 1382631409.40139
383
 1382631410.41257
386
 1382631411.44145
388
 1382631412.41776
391
 1382631413.44498
394
 1382631414.44727
396
 1382631415.45175
399
 1382631416.48205
402
 1382631417.50077
405
 1382631418.51426
407
 1382631419.53695
410
 1382631420.54579
413
 1382631421.56893
415
 1382631422.59193
418
 1382631423.62488
421
 1382631424.65269
423
 1382631425.64781
426
 1382631426.65679
429
 1382631427.66975
431
 1382631428.70376
434
 1382631429.72564
437
 1382631430.73022
439
 1382631431.74272
442
 1382631432.76449
444
 1382631433.76756
447
 1382631434.76914
450
 1382631435.79218
452
 1382631436.80671
455
 1382631437.81682
458
 1382631438.84768
460
 1382631439.871
463
 1382631440.87313
465
 1382631441.91045
468
 1382631442.88702
470
 1382631443.91591
473
 1382631444.91541
475
 1382631445.93094
478
 1382631446.9607
480
 1382631447.95905
483
 1382631448.97389
485
 1382631449.99285
488
 1382631451.03063
490
 1382631452.05176
493
 1382631453.07579
495
 1382631454.0572
498
 1382631455.08305
500
 1382631456.08639
503
 1382631457.09675
505
 1382631458.11792
508
 1382631459.11792
510
 1382631460.15221
513
 1382631461.12892
515
 1382631462.13347
517
 1382631463.16158
520
 1382631464.16757
522
 1382631465.17375
525
 1382631466.17723
527
 1382631467.20017
530
 1382631468.20097
532
 1382631469.21592
534
 1382631470.21925
537
 1382631471.2284
539
 1382631472.2556
542
 1382631473.27657
544
 1382631474.28097
546
 1382631475.293
549
 1382631476.3184
551
 1382631477.34366
553
 1382631478.3612
556
 1382631479.36535
558
 1382631480.37776
561
 1382631481.38847
563
 1382631482.40061
565
 1382631483.43195
568
 1382631484.4702
570
 1382631485.50129
572
 1382631486.5177
575
 1382631487.52436
577
 1382631488.54376
580
 1382631489.59363
582
 1382631490.59892
585
 1382631491.59862
587
 1382631492.59169
589
 1382631493.60738
591
 1382631494.62297
594
 1382631495.65442
596
 1382631496.69072
598
 1382631497.70443
600
 1382631498.70829
603
 1382631499.73929
605
 1382631500.76833
608
 1382631501.77195
610
 1382631502.79559
612
 1382631503.80054
614
 1382631504.8231
616
 1382631505.8508
619
 1382631506.8759
621
 1382631507.8964
623
 1382631508.91581
626
 1382631509.93875
628
 1382631510.94634
630
 1382631511.96477
633
 1382631512.97426
635
 1382631513.99866
637
 1382631515.00103
639
 1382631516.00079
642
 1382631517.03954
643
 1382631518.01881
646
 1382631519.05934
648
 1382631520.03286
650
 1382631521.05937
652
 1382631522.06059
655
 1382631523.06618
657
 1382631524.07216
659
 1382631525.07413
661
 1382631526.10306
663
 1382631527.10987
665
 1382631528.12679
667
 1382631529.1549
669
 1382631530.1798
672
 1382631531.17149
674
 1382631532.17872
676
 1382631533.19954
678
 1382631534.22131
680
 1382631535.22863
683
 1382631536.25053
685
 1382631537.27296
687
 1382631538.27995
689
 1382631539.2928
691
 1382631540.33302
693
 1382631541.32543
695
 1382631542.34875
698
 1382631543.35813
700
 1382631544.37772
702
 1382631545.40738
704
 1382631546.42075
706
 1382631547.43569
708
 1382631548.46352
710
 1382631549.47185
712
 1382631550.47705
714
 1382631551.5024
717
 1382631552.47996
719
 1382631553.49646
721
 1382631554.51846
723
 1382631555.54497
725
 1382631556.55407
727
 1382631557.58308
729
 1382631558.58627
731
 1382631559.5942
733
 1382631560.59979
735
 1382631561.61015
737
 1382631562.62747
739
 1382631563.64615
741
 1382631564.68294
743
 1382631565.6832
745
 1382631566.71263
747
 1382631567.71283
749
 1382631568.71017
751
 1382631569.74456
753
 1382631570.73459
756
 1382631571.75659
758
 1382631572.78613
760
 1382631573.78856
761
 1382631574.76884
764
 1382631575.77852
766
 1382631576.79241
768
 1382631577.80097
770
 1382631578.83012
772
 1382631579.82702
774
 1382631580.84975
776
 1382631581.86868
778
 1382631582.87757
780
 1382631583.89429
782
 1382631584.90836
784
 1382631585.92421
786
 1382631586.93666
788
 1382631587.95078
790
 1382631588.96093
792
 1382631589.99103
794
 1382631590.98023
796
 1382631592.00451
798
 1382631593.00274
800
 1382631594.02141
802
 1382631595.04228
804
 1382631596.0663
806
 1382631597.05638
808
 1382631598.07437
810
 1382631599.08981
812
 1382631600.10618
814
 1382631601.12052
815
 1382631602.14172
817
 1382631603.16111
819
 1382631604.16529
821
 1382631605.16805
823
 1382631606.17621
825
 1382631607.20411
827
 1382631608.18705
829
 1382631609.19257
831
 1382631610.21478
833
 1382631611.24721
835
 1382631612.28141
837
 1382631613.28836
839
 1382631614.32506
841
 1382631615.32562
843
 1382631616.37388
845
 1382631617.39697
847
 1382631618.39576
849
 1382631619.42583
851
 1382631620.46406
852
 1382631621.46713
854
 1382631622.47297
856
 1382631623.50264
858
 1382631624.5362
860
 1382631625.53501
862
 1382631626.5277
864
 1382631627.54008
866
 1382631628.54111
868
 1382631629.56452
870
 1382631630.58982
872
 1382631631.59072
873
 1382631632.592
875
 1382631633.61177
877
 1382631634.61539
879
 1382631635.62067
881
 1382631636.62496
883
 1382631637.64686
885
 1382631638.67353
887
 1382631639.68829
889
 1382631640.69312
890
 1382631641.73065
892
 1382631642.70426
894
 1382631643.74504
896
 1382631644.74354
898
 1382631645.75075
900
 1382631646.73604
902
 1382631647.77447
903
 1382631648.7715
905
 1382631649.75742
907
 1382631650.77141
909
 1382631651.78489
911
 1382631652.80099
913
 1382631653.81414
914
 1382631654.82121
916
 1382631655.84045
918
 1382631656.85164
920
 1382631657.86889
922
 1382631658.87852
923
 1382631659.88621
926
 1382631660.90492
927
 1382631661.93107
929
 1382631662.95924
931
 1382631663.93946
933
 1382631664.94971
935
 1382631665.97095
936
 1382631666.97866
938
 1382631667.99676
940
 1382631669.02464
942
 1382631669.99954
944
 1382631671.00583
946
 1382631672.03416
948
 1382631673.05153
949
 1382631674.06019
951
 1382631675.08461
953
 1382631676.09896
955
 1382631677.10053
956
 1382631678.12588
958
 1382631679.14401
960
 1382631680.17248
962
 1382631681.20128
963
 1382631682.19584
965
 1382631683.22943
967
 1382631684.20832
969
 1382631685.21107
971
 1382631686.21365
972
 1382631687.23517
974
 1382631688.2573
976
 1382631689.27154
978
 1382631690.2754
980
 1382631691.30591
981
 1382631692.33709
983
 1382631693.336
985
 1382631694.34406
987
 1382631695.37692
988
 1382631696.35359
991
 1382631697.35563
992
 1382631698.37015
994
 1382631699.3773
996
 1382631700.38673
998
 1382631701.41451
1000
 1382631702.447
1001
 1382631703.44733
1003
 1382631704.43042
1005
 1382631705.43827
1007
 1382631706.45667
1008
 1382631707.46033
1010
 1382631708.48717
1012
 1382631709.50024
1014
 1382631710.51595
1015
 1382631711.52768
1017
 1382631712.56315
1019
 1382631713.59721
1021
 1382631714.59283
1023
 1382631715.61055
1024
 1382631716.62375
1026
 1382631717.64273
1028
 1382631718.65557
1030
 1382631719.69047
1031
 1382631720.67181
1033
 1382631721.68648
1035
 1382631722.7051
1037
 1382631723.7369
1038
 1382631724.72395
1040
 1382631725.75519
1042
 1382631726.76431
1044
 1382631727.76854
1045
 1382631728.77868
1047
 1382631729.79002
1049
 1382631730.81912
1051
 1382631731.83777
1052
 1382631732.84237
1054
 1382631733.86372
1056
 1382631734.91674
1058
 1382631735.8896
1059
 1382631736.90828
1061
 1382631737.93075
1063
 1382631738.94982
1065
 1382631739.96298
1066
 1382631740.97797
1068
 1382631741.98697
1070
 1382631742.98695
1072
 1382631744.01241
1073
 1382631745.03917
1075
 1382631746.03808
1077
 1382631747.05044
1078
 1382631748.05241
1080
 1382631749.07058
1082
 1382631750.08704
1083
 1382631751.09284
1085
 1382631752.11419
1087
 1382631753.12491
1088
 1382631754.13712
1090
 1382631755.16568
1092
 1382631756.19136
1094
 1382631757.22527
1095
 1382631758.20846
1097
 1382631759.22551
1098
 1382631760.243
1100
 1382631761.2709
1102
 1382631762.29451
1104
 1382631763.33642
1105
 1382631764.33878
1107
 1382631765.31761
1109
 1382631766.32616
1110
 1382631767.35129
1112
 1382631768.36457
1114
 1382631769.36971
1115
 1382631770.38468
1117
 1382631771.4017
1119
 1382631772.43473
1120
 1382631773.4529
1122
 1382631774.4654
1124
 1382631775.49762
1125
 1382631776.50339
1127
 1382631777.53499
1129
 1382631778.51784
1130
 1382631779.52554
1132
 1382631780.5434
1134
 1382631781.5507
1135
 1382631782.56222
1137
 1382631783.57102
1139
 1382631784.58419
1140
 1382631785.58933
1142
 1382631786.59693
1144
 1382631787.61825
1145
 1382631788.6565
1147
 1382631789.62498
1149
 1382631790.6559
1150
 1382631791.66215
1152
 1382631792.66914
1153
 1382631793.69796
1155
 1382631794.72816
1157
 1382631795.71079
1158
 1382631796.73629
1160
 1382631797.729
1161
 1382631798.73853
1163
 1382631799.74345
1165
 1382631800.75764
1166
 1382631801.76525
1168
 1382631802.77683
1170
 1382631803.77855
1171
 1382631804.79308
1173
 1382631805.83627
1175
 1382631806.83254
1176
 1382631807.8646
1178
 1382631808.86059
1179
 1382631809.89117
1181
 1382631810.8792
1182
 1382631811.91331
1184
 1382631812.92408
1186
 1382631813.93818
1187
 1382631814.96351
1189
 1382631815.99641
1191
 1382631816.99009
1192
 1382631818.00307
1194
 1382631819.02134
1196
 1382631820.05466
1197
 1382631821.0881
1199
 1382631822.0943
1200
 1382631823.09137
1202
 1382631824.09155
1204
 1382631825.12064
1205
 1382631826.13846
1207
 1382631827.15292
1209
 1382631828.18328
1210
 1382631829.18812
1212
 1382631830.22369
1213
 1382631831.20643
1215
 1382631832.25346
1216
 1382631833.23828
1218
 1382631834.25784
1220
 1382631835.27996
1221
 1382631836.29454
1223
 1382631837.32421
1225
 1382631838.32415
1226
 1382631839.33997
1228
 1382631840.35158
1229
 1382631841.37298
1231
 1382631842.41072
1233
 1382631843.41707
1234
 1382631844.4462
1236
 1382631845.4767
1237
 1382631846.47236
1239
 1382631847.46937
1240
 1382631848.49404
1242
 1382631849.51362
1244
 1382631850.52998
1245
 1382631851.56109
1247
 1382631852.58258
1248
 1382631853.58731
1250
 1382631854.59949
1251
 1382631855.62855
1253
 1382631856.62951
1254
 1382631857.65733
1256
 1382631858.66981
1258
 1382631859.67795
1259
 1382631860.70167
1261
 1382631861.70565
1262
 1382631862.70805
1264
 1382631863.72792
1266
 1382631864.72593
1267
 1382631865.72936
1269
 1382631866.77199
1270
 1382631867.74641
1272
 1382631868.75064
1273
 1382631869.77685
1275
 1382631870.79698
1276
 1382631871.81462
1278
 1382631872.82187
1279
 1382631873.82731
1281
 1382631874.85077
1282
 1382631875.86648
1284
 1382631876.89059
1285
 1382631877.8856
1287
 1382631878.91546
1288
 1382631879.91654
1290
 1382631880.92668
1292
 1382631881.95031
1293
 1382631882.95883
1295
 1382631883.99517
1297
 1382631884.99902
1298
 1382631886.00281
1299
 1382631887.00934
1301
 1382631888.01399
1302
 1382631889.03971
1304
 1382631890.03766
1305
 1382631891.04631
1307
 1382631892.05559
1308
 1382631893.06348
1310
 1382631894.09057
1311
 1382631895.11705
1313
 1382631896.11088
1314
 1382631897.12439
1316
 1382631898.14718
1317
 1382631899.15813
1319
 1382631900.15755
1320
 1382631901.18139
1322
 1382631902.19871
1323
 1382631903.21757
1325
 1382631904.24378
1326
 1382631905.26533
1328
 1382631906.27264
1329
 1382631907.30311
1331
 1382631908.32385
1332
 1382631909.35841
1334
 1382631910.36827
1336
 1382631911.39389
1337
 1382631912.41
1339
 1382631913.42208
1340
 1382631914.45435
1342
 1382631915.46223
1343
 1382631916.49221
1345
 1382631917.48089
1346
 1382631918.51934
1348
 1382631919.49939
1349
 1382631920.50218
1350
 1382631921.51647
1352
 1382631922.523
1353
 1382631923.53327
1355
 1382631924.54341
1356
 1382631925.56376
1358
 1382631926.5961
1359
 1382631927.61053
1360
 1382631928.62696
1362
 1382631929.65636
1363
 1382631930.65131
1365
 1382631931.65632
1366
 1382631932.69413
1368
 1382631933.67892
1369
 1382631934.70124
1371
 1382631935.70963
1372
 1382631936.72561
1374
 1382631937.74075
1375
 1382631938.75913
1376
 1382631939.76499
1378
 1382631940.77939
1380
 1382631941.80966
1381
 1382631942.82842
1383
 1382631943.84118
1384
 1382631944.86194
1386
 1382631945.87986
1387
 1382631946.88276
1389
 1382631947.90564
1390
 1382631948.90884
1392
 1382631949.92541
1393
 1382631950.94571
1395
 1382631951.96294
1396
 1382631952.98309
1397
 1382631953.98886
1399
 1382631954.99479
1400
 1382631956.02685
1402
 1382631957.04116
1403
 1382631958.06875
1405
 1382631959.10505
1406
 1382631960.08301
1407
 1382631961.0901
1409
 1382631962.10968
1410
 1382631963.11596
1412
 1382631964.12915
1413
 1382631965.15323
1414
 1382631966.15818
1415
 1382631967.16
1417
 1382631968.17533
1418
 1382631969.18519
1420
 1382631970.20307
1421
 1382631971.22801
1423
 1382631972.2267
1424
 1382631973.23255
1426
 1382631974.25031
1427
 1382631975.27102
1428
 1382631976.28358
1430
 1382631977.2863
1431
 1382631978.31802
1433
 1382631979.3213
1434
 1382631980.35402
1435
 1382631981.35055
1437
 1382631982.36513
1438
 1382631983.37925
1440
 1382631984.40193
1441
 1382631985.43186
1442
 1382631986.44222
1443
 1382631987.47481
1445
 1382631988.49185
1446
 1382631989.50952
1448
 1382631990.51777
1449
 1382631991.54756
1451
 1382631992.56242
1452
 1382631993.58006
1453
 1382631994.61025
1455
 1382631995.61162
1456
 1382631996.58937
1458
 1382631997.5961
1459
 1382631998.62323
1460
 1382631999.6459
1462
 1382632000.64355
1463
 1382632001.66153
1464
 1382632002.67266
1466
 1382632003.6854
1467
 1382632004.69553
1468
 1382632005.70585
1470
 1382632006.71939
1471
 1382632007.73075
1473
 1382632008.75335
1474
 1382632009.76796
1475
 1382632010.77332
1477
 1382632011.79113
1478
 1382632012.8173
1480
 1382632013.83026
1481
 1382632014.84376
1482
 1382632015.85707
1484
 1382632016.87225
1485
 1382632017.90021
1486
 1382632018.90212
1488
 1382632019.90401
1489
 1382632020.92819
1491
 1382632021.94543
1492
 1382632022.9729
1493
 1382632023.98881
1494
 1382632025.01737
1496
 1382632026.00693
1497
 1382632027.02063
1499
 1382632028.0399
1500
 1382632029.06953
1502
 1382632030.07219
1503
 1382632031.09043
1504
 1382632032.10806
1506
 1382632033.12034
1507
 1382632034.13776
1508
 1382632035.16022
1510
 1382632036.14423
1511
 1382632037.16201
1512
 1382632038.15428
1514
 1382632039.16315
1515
 1382632040.17681
1516
 1382632041.18784
1518
 1382632042.19343
1519
 1382632043.20757
1520
 1382632044.22224
1522
 1382632045.22558
1523
 1382632046.23184
1524
 1382632047.25381
1526
 1382632048.28156
1527
 1382632049.28041
1528
 1382632050.2956
1530
 1382632051.30627
1531
 1382632052.31191
1533
 1382632053.31895
1534
 1382632054.32935
1535
 1382632055.34083
1537
 1382632056.35303
1538
 1382632057.35762
1539
 1382632058.38323
1541
 1382632059.40962
1542
 1382632060.41559
1543
 1382632061.44266
1545
 1382632062.46782
1546
 1382632063.47353
1547
 1382632064.45915
1548
 1382632065.46438
1550
 1382632066.4844
1551
 1382632067.5011
1552
 1382632068.52449
1554
 1382632069.53847
1555
 1382632070.55631
1556
 1382632071.56205
1558
 1382632072.58355
1559
 1382632073.6081
1560
 1382632074.63844
1562
 1382632075.63382
1563
 1382632076.63985
1564
 1382632077.66132
1566
 1382632078.66719
1567
 1382632079.67601
1568
 1382632080.70423
1570
 1382632081.72186
1571
 1382632082.72554
1572
 1382632083.73704
1573
 1382632084.74
1575
 1382632085.76651
1576
 1382632086.79206
1577
 1382632087.81554
1579
 1382632088.82443
1580
 1382632089.84584
1582
 1382632090.85186
1583
 1382632091.86772
1584
 1382632092.88239
1586
 1382632093.89889
1587
 1382632094.91967
1588
 1382632095.93676
1590
 1382632096.94673
1591
 1382632097.96929
1592
 1382632098.9906
1593
 1382632099.99935
1595
 1382632101.0009
1596
 1382632102.01296
1598
 1382632103.02913
1599
 1382632104.04606
1600
 1382632105.05995
1601
 1382632106.07144
1603
 1382632107.09662
1604
 1382632108.08403
1605
 1382632109.09966
1606
 1382632110.10723
1607
 1382632111.12284
1609
 1382632112.14541
1610
 1382632113.16503
1612
 1382632114.19062
1613
 1382632115.21533
1614
 1382632116.22366
1615
 1382632117.20768
1617
 1382632118.22959
1618
 1382632119.22525
1619
 1382632120.24994
1621
 1382632121.27677
1622
 1382632122.303
1623
 1382632123.30103
1625
 1382632124.31991
1626
 1382632125.33545
1627
 1382632126.35747
1628
 1382632127.3639
1630
 1382632128.34703
1631
 1382632129.38796
1632
 1382632130.39657
1633
 1382632131.41987
1635
 1382632132.45061
1636
 1382632133.44472
1637
 1382632134.47084
1639
 1382632135.48309
1640
 1382632136.50558
1641
 1382632137.51679
1643
 1382632138.536
1644
 1382632139.54692
1645
 1382632140.56265
1646
 1382632141.57155
1647
 1382632142.58005
1649
 1382632143.60719
1650
 1382632144.62359
1651
 1382632145.63274
1652
 1382632146.65971
1654
 1382632147.64771
1655
 1382632148.66774
1656
 1382632149.69659
1658
 1382632150.68681
1659
 1382632151.70312
1660
 1382632152.73006
1661
 1382632153.73254
1663
 1382632154.73424
1664
 1382632155.7486
1665
 1382632156.75363
1666
 1382632157.77339
1668
 1382632158.77883
1669
 1382632159.79589
1670
 1382632160.81492
1672
 1382632161.82012
1673
 1382632162.8466
1674
 1382632163.86992
1675
 1382632164.87945
1677
 1382632165.88406
1678
 1382632166.90009
1679
 1382632167.92577
1680
 1382632168.95286
1682
 1382632169.9587
1683
 1382632170.97418
1684
 1382632171.99467
1685
 1382632173.01947
1687
 1382632174.0393
1688
 1382632175.0588
1689
 1382632176.08579
1690
 1382632177.07026
1692
 1382632178.07379
1693
 1382632179.10466
1694
 1382632180.09267
1696
 1382632181.10361
1697
 1382632182.10789
1698
 1382632183.12905
1699
 1382632184.14044
1700
 1382632185.16941
1701
 1382632186.18703
1703
 1382632187.19519
1704
 1382632188.21372
1705
 1382632189.24321
1707
 1382632190.2402
1708
 1382632191.25412
1709
 1382632192.24647
1710
 1382632193.25487
1712
 1382632194.27558
1713
 1382632195.2822
1714
 1382632196.29716
1715
 1382632197.31472
1716
 1382632198.31562
1717
 1382632199.34465
1718
 1382632200.34984
1720
 1382632201.34116
1721
 1382632202.34661
1722
 1382632203.37012
1723
 1382632204.37182
1725
 1382632205.38217
1726
 1382632206.38908
1727
 1382632207.42046
1728
 1382632208.42257
1730
 1382632209.44313
1731
 1382632210.45614
1732
 1382632211.46141
1733
 1382632212.47622
1735
 1382632213.49223
1736
 1382632214.51158
1737
 1382632215.53229
1738
 1382632216.53406
1740
 1382632217.5497
1741
 1382632218.57615
1742
 1382632219.58657
1743
 1382632220.60715
1744
 1382632221.63145
1746
 1382632222.61953
1747
 1382632223.61693
1748
 1382632224.63706
1749
 1382632225.66274
1750
 1382632226.64326
1752
 1382632227.66222
1753
 1382632228.68724
1754
 1382632229.71009
1755
 1382632230.7256
1757
 1382632231.72739
1758
 1382632232.74151
1759
 1382632233.75094
1760
 1382632234.77219
1762
 1382632235.77698
1763
 1382632236.77932
1764
 1382632237.79754
1765
 1382632238.80399
1767
 1382632239.82428
1768
 1382632240.85026
1769
 1382632241.85156
1770
 1382632242.87814
1771
 1382632243.89615
1773
 1382632244.9136
1774
 1382632245.91989
1775
 1382632246.93348
1776
 1382632247.95638
1778
 1382632248.98254
1780
 1382632250.98413
1781
 1382632251.99466
1782
 1382632253.01851
1783
 1382632254.04404
1784
 1382632255.05768
1786
 1382632256.07678
1787
 1382632257.09826
1788
 1382632258.11139
1789
 1382632259.11375
1790
 1382632260.14325
1792
 1382632261.14209
1793
 1382632262.14315
1794
 1382632263.15117
1795
 1382632264.17259
1796
 1382632265.19499
1798
 1382632266.20651
1799
 1382632267.23639
1800
 1382632268.25727
1802
 1382632269.27314
1804
 1382632271.28892
1805
 1382632272.30629
1806
 1382632273.3301
1807
 1382632274.33963
1808
 1382632275.34517
1809
 1382632276.35366
1811
 1382632277.37309
1812
 1382632278.38647
1813
 1382632279.39362
1814
 1382632280.43101
1815
 1382632281.40299
1817
 1382632282.41734
1818
 1382632283.43011
1819
 1382632284.44615
1820
 1382632285.46102
1821
 1382632286.47927
1823
 1382632287.49018
1824
 1382632288.5143
1825
 1382632289.52869
1826
 1382632290.54107
1827
 1382632291.55209
1828
 1382632292.56173
1830
 1382632293.58589
1831
 1382632294.60985
1832
 1382632295.60997
1833
 1382632296.63686
1834
 1382632297.64228
1836
 1382632298.66432
1837
 1382632299.68894
1838
 1382632300.71641
1839
 1382632301.71084
1840
 1382632302.72201
1841
 1382632303.73305
1842
 1382632304.73952
1844
 1382632305.75217
1845
 1382632306.75179
1846
 1382632307.77547
1847
 1382632308.80073
1848
 1382632309.81596
1849
 1382632310.8352
1850
 1382632311.84712
1852
 1382632312.86192
1853
 1382632313.8646
1854
 1382632314.87057
1855
 1382632315.88533
1857
 1382632316.8922
1859
 1382632318.93867
1860
 1382632319.96056
1861
 1382632320.97434
1862
 1382632321.98074
1863
 1382632322.98143
1865
 1382632323.98394
1866
 1382632325.00294
1867
 1382632326.02391
1868
 1382632327.0449
1869
 1382632328.04715
1870
 1382632329.07836
1872
 1382632330.07174
1873
 1382632331.07725
1874
 1382632332.10079
1875
 1382632333.12729
1876
 1382632334.14805
1877
 1382632335.16105
1878
 1382632336.17669
1879
 1382632337.18988
1881
 1382632338.20857
1882
 1382632339.23228
1883
 1382632340.24982
1884
 1382632341.25958
1886
 1382632342.26539
1887
 1382632343.28759
1888
 1382632344.30515
1889
 1382632345.3168
1890
 1382632346.33866
1891
 1382632347.34667
1892
 1382632348.35339
1893
 1382632349.37836
1895
 1382632350.364
1896
 1382632351.38143
1897
 1382632352.38834
1898
 1382632353.39483
1899
 1382632354.41068
1900
 1382632355.43187
1901
 1382632356.45605
1903
 1382632357.47995
1904
 1382632358.50879
1905
 1382632359.49138
1906
 1382632360.50866
1907
 1382632361.53373
1908
 1382632362.53538
1910
 1382632363.52032
1911
 1382632364.53128
1912
 1382632365.53545
1913
 1382632366.55196
1914
 1382632367.55818
1915
 1382632368.55732
1916
 1382632369.58041
1917
 1382632370.60054
1918
 1382632371.62829
1920
 1382632372.63438
1921
 1382632373.65116
1922
 1382632374.66766
1923
 1382632375.69389
1924
 1382632376.69282
1925
 1382632377.70352
1926
 1382632378.72315
1927
 1382632379.73148
1928
 1382632380.74761
1930
 1382632381.74871
1931
 1382632382.76592
1932
 1382632383.78401
1933
 1382632384.79341
1934
 1382632385.79988
1935
 1382632386.81316
1936
 1382632387.82772
1938
 1382632388.85753
1939
 1382632389.87101
1940
 1382632390.88325
1941
 1382632391.88965
1942
 1382632392.90465
1943
 1382632393.91012
1944
 1382632394.92523
1945
 1382632395.94629
1947
 1382632396.96514
1948
 1382632397.99542
1949
 1382632399.0054
1950
 1382632400.02239
1951
 1382632401.02821
1953
 1382632402.05239
1954
 1382632403.06921
1955
 1382632404.07473
1956
 1382632405.10625
1957
 1382632406.08861
1958
 1382632407.09477
1959
 1382632408.09686
1960
 1382632409.11358
1961
 1382632410.11986
1963
 1382632411.14867
1964
 1382632412.1611
1965
 1382632413.16869
1966
 1382632414.18411
1967
 1382632415.20971
1968
 1382632416.19921
1969
 1382632417.20969
1970
 1382632418.23654
1972
 1382632419.25121
1974
 1382632421.26569
1975
 1382632422.2849
1976
 1382632423.30279
1977
 1382632424.3071
1978
 1382632425.31218
1979
 1382632426.33967
1980
 1382632427.3552
1981
 1382632428.36149
1982
 1382632429.37641
1984
 1382632430.39104
1985
 1382632431.39388
1986
 1382632432.41865
1987
 1382632433.428
1988
 1382632434.45387
1989
 1382632435.435
1990
 1382632436.43836
1991
 1382632437.45333
1992
 1382632438.46517
1994
 1382632439.48172
1995
 1382632440.50752
1996
 1382632441.51924
1997
 1382632442.53896
1998
 1382632443.55721
1999
 1382632444.57706
2000
 1382632445.58135
2001
 1382632446.60394
2002
 1382632447.61786
2003
 1382632448.64229
2004
 1382632449.63971
2006
 1382632450.66519
2007
 1382632451.68035
2008
 1382632452.69026
2009
 1382632453.69673
2010
 1382632454.73373
2011
 1382632455.7222
2012
 1382632456.74132
2013
 1382632457.75948
2015
 1382632458.7698
2016
 1382632459.79109
2018
 1382632461.82023
2019
 1382632462.80191
2020
 1382632463.81295
2021
 1382632464.84302
2022
 1382632465.83403
2023
 1382632466.84475
2024
 1382632467.85818
2025
 1382632468.86011
2027
 1382632469.88104
2028
 1382632470.87895
2029
 1382632471.90416
2030
 1382632472.92588
2031
 1382632473.93259
2032
 1382632474.96074
2033
 1382632475.96173
2034
 1382632476.9828
2035
 1382632477.99876
2036
 1382632479.00359
2037
 1382632480.01701
2038
 1382632481.01861
2040
 1382632482.03007
2041
 1382632483.0596
2042
 1382632484.04083
2043
 1382632485.04819
2044
 1382632486.07018
2045
 1382632487.08052
2046
 1382632488.11744
2047
 1382632489.09057
2048
 1382632490.10355
2049
 1382632491.12609
2050
 1382632492.11068
2051
 1382632493.12759
2052
 1382632494.14676
2053
 1382632495.16026
2054
 1382632496.16365
2056
 1382632497.18273
2057
 1382632498.20717
2058
 1382632499.20424
2059
 1382632500.21694
2060
 1382632501.22425
2061
 1382632502.23193
2062
 1382632503.23632
2063
 1382632504.26445
2064
 1382632505.25791
2065
 1382632506.26757
2066
 1382632507.27533
2067
 1382632508.30884
2068
 1382632509.29993
2070
 1382632510.30682
2071
 1382632511.33019
2072
 1382632512.33161
2073
 1382632513.33963
2074
 1382632514.36259
2075
 1382632515.37146
2076
 1382632516.39993
2077
 1382632517.38125
2078
 1382632518.40591
2079
 1382632519.41799
2080
 1382632520.43307
2081
 1382632521.447
2082
 1382632522.45846
2083
 1382632523.47192
2085
 1382632524.4975
2086
 1382632525.51904
2087
 1382632526.52546
2088
 1382632527.53597
2089
 1382632528.56089
2090
 1382632529.58863
2091
 1382632530.59593
2092
 1382632531.62479
2093
 1382632532.62496
2094
 1382632533.62694
2095
 1382632534.64022
2096
 1382632535.66305
2097
 1382632536.66319
2099
 1382632537.68464
2100
 1382632538.71255
2101
 1382632539.69537
2102
 1382632540.70113
2103
 1382632541.70594
2104
 1382632542.72174
2105
 1382632543.74849
2106
 1382632544.75772
2107
 1382632545.76605
2108
 1382632546.77518
2109
 1382632547.79381
2110
 1382632548.80066
2111
 1382632549.82822
2113
 1382632550.83934
2114
 1382632551.84369
2115
 1382632552.86614
2117
 1382632554.91288
2118
 1382632555.91361
2119
 1382632556.92954
2120
 1382632557.94233
2121
 1382632558.9564
2122
 1382632559.96644
2123
 1382632560.98535
2124
 1382632562.00521
2125
 1382632562.9998
2126
 1382632564.02501
2127
 1382632565.02693
2128
 1382632566.0453
2129
 1382632567.05179
2130
 1382632568.07054
2131
 1382632569.09778
2132
 1382632570.08991
2134
 1382632571.10067
2135
 1382632572.10375
2136
 1382632573.12782
2137
 1382632574.14672
2138
 1382632575.16422
2139
 1382632576.17286
2140
 1382632577.17509
2141
 1382632578.19954
2142
 1382632579.19939
2143
 1382632580.20714
2144
 1382632581.2292
2145
 1382632582.2574
2146
 1382632583.23372
2147
 1382632584.23872
2148
 1382632585.2638
2149
 1382632586.27085
2150
 1382632587.29418
2151
 1382632588.31887
2152
 1382632589.33483
2153
 1382632590.34739
2154
 1382632591.36871
2155
 1382632592.37405
2156
 1382632593.3845
2157
 1382632594.40327
2158
 1382632595.42222
2159
 1382632596.44374
2161
 1382632597.46367
2163
 1382632599.50443
2164
 1382632600.53474
2165
 1382632601.5457
2166
 1382632602.56167
2167
 1382632603.57173
2168
 1382632604.57656
2169
 1382632605.59793
2170
 1382632606.60427
2171
 1382632607.61883
2172
 1382632608.62349
2173
 1382632609.64186
2174
 1382632610.65863
2175
 1382632611.68682
2176
 1382632612.70814
2177
 1382632613.72488
2178
 1382632614.7434
2179
 1382632615.74946
2180
 1382632616.75981
2181
 1382632617.78324
2182
 1382632618.79524
2183
 1382632619.8142
2184
 1382632620.83836
2186
 1382632621.85972
2187
 1382632622.87807
2188
 1382632623.90107
2189
 1382632624.89928
2191
 1382632626.90921
2193
 1382632628.94078
2194
 1382632629.9544
2195
 1382632630.97072
2196
 1382632631.99151
2197
 1382632633.01286
2198
 1382632634.02262
2199
 1382632635.03731
2200
 1382632636.04541
2201
 1382632637.06644
2202
 1382632638.06194
2203
 1382632639.0684
2204
 1382632640.08402
2205
 1382632641.10277
2206
 1382632642.12477
2207
 1382632643.12495
2208
 1382632644.14712
2209
 1382632645.16076
2210
 1382632646.17271
2211
 1382632647.17511
2212
 1382632648.1884
2213
 1382632649.20488
2214
 1382632650.2292
2215
 1382632651.24238
2216
 1382632652.24858
2217
 1382632653.25271
2218
 1382632654.2617
2219
 1382632655.2778
2220
 1382632656.30381
2221
 1382632657.30953
2222
 1382632658.2874
2223
 1382632659.28998
2224
 1382632660.30748
2225
 1382632661.32279
2226
 1382632662.32834
2227
 1382632663.34882
2228
 1382632664.35621
2229
 1382632665.36534
2230
 1382632666.37214
2231
 1382632667.3988
2232
 1382632668.42089
2233
 1382632669.44232
2234
 1382632670.45835
2235
 1382632671.46605
2236
 1382632672.48735
2237
 1382632673.5139
2238
 1382632674.51318
2239
 1382632675.52843
2240
 1382632676.53622
2241
 1382632677.54974
2242
 1382632678.57455
2243
 1382632679.57491
2244
 1382632680.59934
2245
 1382632681.61748
2246
 1382632682.64153
2248
 1382632683.64381
2249
 1382632685.66667
2250
 1382632686.69157
2251
 1382632687.67525
2252
 1382632688.69394
2253
 1382632689.70567
2255
 1382632690.72079
2256
 1382632691.74245
2257
 1382632692.75464
2258
 1382632693.77803
2259
 1382632694.80598
2260
 1382632695.81147
2261
 1382632696.81476
2262
 1382632697.8165
2263
 1382632698.84025
2264
 1382632699.84337
2265
 1382632700.86644
2266
 1382632701.8971
2267
 1382632702.8971
2268
 1382632703.91942
2269
 1382632704.93021
2270
 1382632705.93466
2271
 1382632706.9402
2272
 1382632707.94712
2273
 1382632708.97434
2274
 1382632709.96185
2275
 1382632710.97729
2276
 1382632712.0041
2277
 1382632713.00019
2278
 1382632714.01689
2279
 1382632715.03329
2280
 1382632716.04713
2281
 1382632718.07477
2283
 1382632719.08554
2284
 1382632720.0885
2285
 1382632721.09919
2286
 1382632722.10246
2287
 1382632723.12382
2288
 1382632724.13821
2289
 1382632725.14132
2290
 1382632727.1965
2292
 1382632728.21248
2293
 1382632729.23451
2294
 1382632730.2321
2295
 1382632731.24753
2296
 1382632732.27106
2297
 1382632733.27078
2298
 1382632734.27678
2299
 1382632735.30328
2300
 1382632736.29486
2301
 1382632737.30829
2302
 1382632738.31753
2303
 1382632739.32347
2304
 1382632740.34174
2305
 1382632741.35402
2306
 1382632742.36089
2307
 1382632743.37043
2308
 1382632744.3755
2309
 1382632745.3927
2310
 1382632746.40973
2311
 1382632747.42185
2312
 1382632748.42904
2313
 1382632749.44946
2314
 1382632751.45903
2315
 1382632752.4871
2317
 1382632753.48552
2318
 1382632754.50949
2319
 1382632756.52061
2321
 1382632757.54747
2322
 1382632758.56796
2323
 1382632759.59353
2325
 1382632761.5912
2327
 1382632763.61662
2328
 1382632765.63256
2329
 1382632766.65187
2330
 1382632767.68579
2331
 1382632768.67686
2332
 1382632769.68024
2333
 1382632770.68752
2334
 1382632771.7053
2335
 1382632772.73193
2336
 1382632773.7411
2337
 1382632774.75792
2338
 1382632775.77551
2339
 1382632776.79159
2340
 1382632777.79804
2341
 1382632778.80599
2342
 1382632779.81344
2343
 1382632780.82725
2344
 1382632781.84144
2345
 1382632782.84688
2346
 1382632783.85491
2347
 1382632784.88374
2348
 1382632785.90392
2349
 1382632786.9191
2350
 1382632787.93711
2351
 1382632788.94509
2352
 1382632789.94698
2353
 1382632790.9676
2354
 1382632791.98788
2355
 1382632792.99329
2356
 1382632794.01805
2357
 1382632795.04481
2358
 1382632796.06334
2359
 1382632797.08163
2360
 1382632798.09808
2361
 1382632799.12739
2362
 1382632800.13663
2363
 1382632801.16136
2364
 1382632802.16355
2365
 1382632803.17747
2367
 1382632805.22291
2368
 1382632806.24374
2369
 1382632808.27022
2370
 1382632809.2855
2371
 1382632810.28748
2372
 1382632811.30287
2373
 1382632812.3012
2374
 1382632813.3238
2375
 1382632814.33483
2376
 1382632815.35663
2377
 1382632816.35853
2378
 1382632817.36791
2379
 1382632818.39046
2380
 1382632819.39631
2381
 1382632820.40346
2382
 1382632821.42669
2383
 1382632822.42235
2384
 1382632823.43368
2385
 1382632824.45584
2386
 1382632826.4766
2387
 1382632827.48963
2388
 1382632828.50622
2389
 1382632829.51659
2390
 1382632830.53784
2391
 1382632831.52661
2392
 1382632832.55419
2393
 1382632833.55792
2394
 1382632834.54029
2395
 1382632835.56358
2396
 1382632836.5908
2397
 1382632837.58662
2398
 1382632838.59302
2399
 1382632839.60558
2400
 1382632840.62234
2401
 1382632841.64441
2402
 1382632842.65056
2403
 1382632843.6735
2404
 1382632844.69811
2405
 1382632845.71086
2406
 1382632846.71357
2407
 1382632847.72487
2408
 1382632848.72674
2409
 1382632849.74609
2410
 1382632850.75394
2411
 1382632851.77174
2412
 1382632852.79146
2413
 1382632854.82338
2414
 1382632855.83036
2415
 1382632856.83633
2416
 1382632857.8549
2417
 1382632858.87028
2418
 1382632859.87512
2419
 1382632860.87947
2420
 1382632861.88431
2421
 1382632862.9002
2422
 1382632863.92802
2423
 1382632864.91591
2424
 1382632865.92042
2425
 1382632866.93125
2426
 1382632867.94179
2427
 1382632868.96857
2428
 1382632869.99573
2429
 1382632870.98557
2430
 1382632871.98835
2431
 1382632872.99927
2432
 1382632874.00976
2433
 1382632875.02925
2434
 1382632877.04627
2435
 1382632878.0603
2436
 1382632879.09546
2437
 1382632880.07381
2438
 1382632881.09455
2439
 1382632882.11561
2440
 1382632883.13688
2441
 1382632884.16301
2442
 1382632885.18499
2443
 1382632886.18531
2444
 1382632887.1901
2445
 1382632888.20753
2446
 1382632889.23548
2447
 1382632890.21894
2448
 1382632891.2414
2449
 1382632892.26909
2450
 1382632894.27888
2451
 1382632895.29441
2452
 1382632896.31538
2453
 1382632897.33017
2454
 1382632898.34402
2455
 1382632899.36213
2456
 1382632900.38942
2457
 1382632901.41514
2458
 1382632902.42455
2459
 1382632903.43912
2460
 1382632904.44952
2461
 1382632905.45146
2462
 1382632906.4592
2463
 1382632907.47235
2464
 1382632908.4963
2465
 1382632909.50433
2466
 1382632911.53439
2467
 1382632912.55622
2468
 1382632913.56323
2469
 1382632914.56918
2470
 1382632915.56986
2471
 1382632916.59416
2472
 1382632917.5946
2473
 1382632918.61384
2474
 1382632919.63524
2475
 1382632920.6612
2476
 1382632921.67572
2477
 1382632922.69356
2478
 1382632923.70838
2479
 1382632924.7165
2480
 1382632925.72994
2481
 1382632926.75019
2482
 1382632927.77625
2483
 1382632928.79728
2485
 1382632930.81778
2487
 1382632932.85593
2488
 1382632934.87421
2489
 1382632935.88345
2490
 1382632936.90332
2491
 1382632937.91693
2492
 1382632938.92661
2493
 1382632939.9518
2494
 1382632940.95489
2495
 1382632941.9758
2496
 1382632942.98612
2498
 1382632945.01499
2499
 1382632947.06266
2500
 1382632948.08643
2501
 1382632949.10237
2502
 1382632950.13442
2503
 1382632951.12773
2504
 1382632952.14185
2505
 1382632953.15118
2506
 1382632954.16371
2507
 1382632955.1679
2508
 1382632956.17232
2509
 1382632957.19695
2510
 1382632958.20108
2512
 1382632960.20013
2513
 1382632962.22584
2514
 1382632963.25488
2515
 1382632964.27261
2516
 1382632965.2874
2517
 1382632966.29584
2518
 1382632967.33377
2519
 1382632968.317
2520
 1382632969.33126
2521
 1382632970.34003
2522
 1382632971.36751
2523
 1382632973.35615
2524
 1382632974.38439
2525
 1382632975.37521
2526
 1382632976.3768
2527
 1382632977.38403
2528
 1382632978.39068
2529
 1382632979.41496
2530
 1382632980.42274
2531
 1382632981.433
2532
 1382632982.44157
2533
 1382632983.46169
2535
 1382632985.48121
2536
 1382632987.50833
2537
 1382632988.52192
2538
 1382632989.54031
2539
 1382632990.56071
2540
 1382632991.56453
2541
 1382632992.58245
2542
 1382632993.60973
2543
 1382632994.62652
2544
 1382632995.643
2545
 1382632996.65014
2546
 1382632997.66395
2547
 1382632998.67515
2548
 1382632999.68417
2549
 1382633001.70433
2550
 1382633002.72238
2551
 1382633003.74411
2552
 1382633004.76028
2553
 1382633005.78502
2554
 1382633006.79129
2555
 1382633007.81364
2556
 1382633008.79866
2557
 1382633009.81272
2558
 1382633010.81959
2559
 1382633011.84742
2561
 1382633013.85339
2562
 1382633015.87782
2563
 1382633016.89353
2564
 1382633017.90522
2565
 1382633018.91013
2566
 1382633019.9181
2567
 1382633020.94776
2568
 1382633021.93882
2569
 1382633022.948
2570
 1382633024.95761
2571
 1382633025.95845
2572
 1382633026.96632
2573
 1382633027.97309
2574
 1382633028.99629
2575
 1382633031.00155
2576
 1382633032.01226
2577
 1382633033.01399
2578
 1382633034.02842
2579
 1382633035.06129
2580
 1382633036.03686
2581
 1382633037.06042
2582
 1382633038.07053
2583
 1382633039.08746
2584
 1382633040.10187
2585
 1382633041.11467
2586
 1382633043.13834
2587
 1382633044.16805
2588
 1382633045.1468
2589
 1382633046.16137
2590
 1382633047.18272
2591
 1382633048.21069
2592
 1382633049.21406
2593
 1382633050.21605
2594
 1382633051.20235
2595
 1382633053.23316
2596
 1382633054.24348
2597
 1382633055.26423
2598
 1382633056.28627
2599
 1382633057.31068
2600
 1382633058.30385
2601
 1382633059.31144
2602
 1382633060.32927
2603
 1382633061.34806
2604
 1382633062.36505
2605
 1382633064.38773
2606
 1382633065.40103
2607
 1382633066.42162
2608
 1382633067.44363
2609
 1382633068.44866
2610
 1382633069.46234
2611
 1382633070.48201
2612
 1382633071.50029
2613
 1382633073.53034
2614
 1382633074.5622
2615
 1382633075.53944
2616
 1382633076.54184
2617
 1382633077.56882
2618
 1382633078.57725
2619
 1382633079.60156
2620
 1382633081.63135
2621
 1382633082.63425
2622
 1382633083.64044
2623
 1382633084.6529
2624
 1382633085.66573
2625
 1382633087.67509
2626
 1382633088.69641
2627
 1382633089.71735
2628
 1382633090.72765
2629
 1382633091.75442
2630
 1382633092.74765
2631
 1382633093.7703
2632
 1382633094.78284
2633
 1382633096.81295
2634
 1382633097.83076
2635
 1382633098.84271
2636
 1382633099.85959
2637
 1382633100.86276
2638
 1382633101.89151
2639
 1382633102.8824
2640
 1382633104.90978
2641
 1382633105.90827
2642
 1382633106.92556
2643
 1382633107.94074
2644
 1382633108.97125
2645
 1382633109.98121
2646
 1382633110.98987
2647
 1382633112.00984
2648
 1382633113.03341
2649
 1382633115.06036
2650
 1382633116.08733
2651
 1382633117.06973
2652
 1382633118.07751
2653
 1382633119.09352
2654
 1382633120.10827
2655
 1382633121.1213
2656
 1382633122.13792
2657
 1382633123.14185
2658
 1382633125.17632
2659
 1382633126.20052
2660
 1382633127.1887
2661
 1382633128.20748
2662
 1382633129.21558
2663
 1382633131.23552
2664
 1382633132.26974
2665
 1382633133.26129
2666
 1382633134.26688
2667
 1382633135.2764
2668
 1382633136.28599
2669
 1382633137.30416
2670
 1382633139.33661
2672
 1382633140.36444
2673
 1382633141.38441
2674
 1382633143.42981
2675
 1382633144.43603
2676
 1382633145.45287
2677
 1382633146.47802
2678
 1382633147.46336
2679
 1382633148.48784
2680
 1382633150.48497
2681
 1382633151.5143
2682
 1382633152.52371
2683
 1382633153.55591
2684
 1382633154.5439
2685
 1382633155.56637
2686
 1382633156.57983
2687
 1382633157.58926
2688
 1382633159.62457
2689
 1382633160.64398
2690
 1382633161.64033
2691
 1382633162.65931
2692
 1382633163.68527
2693
 1382633164.70107
2694
 1382633165.70711
2695
 1382633166.7081
2696
 1382633168.73036
2697
 1382633169.75299
2698
 1382633170.77714
2699
 1382633171.79088
2700
 1382633172.79996
2701
 1382633173.83143
2702
 1382633175.81831
2703
 1382633176.821
2704
 1382633177.84474
2705
 1382633178.83357
2706
 1382633179.85209
2707
 1382633180.8799
2708
 1382633181.9004
2709
 1382633183.94206
2710
 1382633184.95793
2711
 1382633185.97241
2712
 1382633186.99621
2713
 1382633187.99264
2714
 1382633188.98253
2715
 1382633189.9883
2716
 1382633192.0097
2717
 1382633193.02252
2718
 1382633194.0343
2719
 1382633195.04729
2720
 1382633196.06308
2721
 1382633197.06646
2722
 1382633199.10047
2723
 1382633200.11294
2724
 1382633201.11873
2725
 1382633202.14943
2726
 1382633203.15852
2727
 1382633204.17765
2728
 1382633205.18661
2729
 1382633206.19746
2730
 1382633207.20694
2731
 1382633209.2549
2732
 1382633210.2807
2733
 1382633211.30071
2734
 1382633212.30271
2735
 1382633213.3238
2736
 1382633215.35751
2737
 1382633216.3723
2738
 1382633217.37093
2739
 1382633218.38509
2740
 1382633219.39352
2741
 1382633220.41485
2742
 1382633222.42955
2743
 1382633223.4569
2744
 1382633224.44508
2745
 1382633225.45953
2746
 1382633226.48874
2747
 1382633227.47602
2748
 1382633229.49263
2749
 1382633230.50454
2750
 1382633231.52734
2751
 1382633232.55398
2752
 1382633233.53889
2753
 1382633234.56904
2754
 1382633236.57417
2755
 1382633237.60472
2756
 1382633238.58659
2757
 1382633239.59191
2758
 1382633240.60902
2759
 1382633241.61956
2760
 1382633243.64622
2761
 1382633244.67086
2762
 1382633245.6754
2763
 1382633246.68146
2764
 1382633247.69849
2765
 1382633249.73344
2766
 1382633250.74858
2767
 1382633251.74955
2768
 1382633252.77594
2769
 1382633253.79555
2770
 1382633255.81631
2771
 1382633256.83118
2772
 1382633257.83964
2773
 1382633258.86014
2774
 1382633259.86641
2775
 1382633260.88243
2776
 1382633261.89532
2777
 1382633262.90967
2778
 1382633264.92895
2779
 1382633265.94356
2780
 1382633266.95408
2781
 1382633267.95967
2782
 1382633268.98174
2783
 1382633270.00611
2784
 1382633272.01798
2785
 1382633273.02578
2786
 1382633274.04448
2787
 1382633275.05398
2788
 1382633276.07097
2789
 1382633277.0784
2790
 1382633279.10356
2791
 1382633280.1267
2792
 1382633281.1403
2793
 1382633282.1476
2794
 1382633283.16649
2795
 1382633284.18037
2796
 1382633286.20651
2797
 1382633287.21024
2798
 1382633288.23801
2799
 1382633289.24605
2800
 1382633290.24707
2801
 1382633291.25765
2802
 1382633293.29537
2803
 1382633294.29822
2804
 1382633295.31555
2805
 1382633296.33646
2806
 1382633297.35302
2807
 1382633298.36639
2808
 1382633300.38879
2809
 1382633301.40565
2810
 1382633302.40923
2811
 1382633303.41393
2812
 1382633304.418
2813
 1382633306.46044
2814
 1382633307.48387
2815
 1382633308.49582
2816
 1382633309.50904
2817
 1382633310.51936
2818
 1382633312.54651
2819
 1382633313.56588
2820
 1382633314.56439
2821
 1382633315.58138
2822
 1382633316.60182
2823
 1382633317.61471
2824
 1382633319.63792
2825
 1382633320.64498
2826
 1382633321.65601
2827
 1382633322.68293
2828
 1382633323.67113
2829
 1382633325.71205
2830
 1382633326.72523
2831
 1382633327.73615
2832
 1382633328.76393
2833
 1382633329.77569
2834
 1382633331.80038
2835
 1382633332.83589
2836
 1382633333.84251
2837
 1382633334.83156
2838
 1382633335.85213
2839
 1382633337.90324
2840
 1382633338.9273
2841
 1382633339.93373
2842
 1382633340.95687
2843
 1382633341.98013
2844
 1382633342.99089
2845
 1382633345.01349
2846
 1382633346.02104
2847
 1382633347.04543
2848
 1382633348.0731
2849
 1382633349.10163
2850
 1382633351.11598
2851
 1382633352.13378
2852
 1382633353.12277
2853
 1382633354.14467
2854
 1382633355.16444
2855
 1382633357.19771
2856
 1382633358.21492
2857
 1382633359.23893
2858
 1382633360.2218
2859
 1382633361.22847
2860
 1382633363.28126
2861
 1382633364.30339
2862
 1382633365.29679
2863
 1382633366.314
2864
 1382633367.337
2865
 1382633369.37431
2866
 1382633370.38663
2867
 1382633371.407
2868
 1382633372.42662
2869
 1382633373.45301
2870
 1382633375.4594
2871
 1382633376.46418
2872
 1382633377.46863
2873
 1382633378.48661
2874
 1382633379.49385
2875
 1382633381.53019
2876
 1382633382.55014
2877
 1382633383.56577
2878
 1382633384.59587
2879
 1382633385.61293
2880
 1382633387.6484
2881
 1382633388.65314
2882
 1382633389.65732
2883
 1382633390.67255
2884
 1382633391.70355
2885
 1382633393.72923
2886
 1382633394.75194
2887
 1382633395.76021
2888
 1382633396.76931
2889
 1382633397.78787
2890
 1382633399.83307
2891
 1382633400.85095
2892
 1382633401.8753
2893
 1382633402.87297
2894
 1382633403.89803
2895
 1382633405.94323
2896
 1382633406.96662
2897
 1382633407.95887
2899
 1382633409.9783
2900
 1382633411.00476
2901
 1382633413.00241
2902
 1382633414.01168
2903
 1382633415.02797
2904
 1382633417.06339
2905
 1382633418.06395
2906
 1382633419.07685
2907
 1382633420.08542
2908
 1382633422.13523
2909
 1382633423.13412
2910
 1382633424.1557
2911
 1382633425.18757
2912
 1382633427.19579
2913
 1382633428.18126
2914
 1382633429.19569
2915
 1382633430.20561
2916
 1382633431.22382
2917
 1382633433.24345
2918
 1382633434.2509
2919
 1382633435.2742
2920
 1382633436.2987
2921
 1382633437.30998
2922
 1382633439.31055
2923
 1382633440.3181
2924
 1382633441.34411
2925
 1382633442.36967
2926
 1382633443.37378
2927
 1382633444.37982
2928
 1382633446.40445
2929
 1382633447.40657
2930
 1382633448.42404
2931
 1382633449.4485
2932
 1382633451.47748
2933
 1382633452.4924
2934
 1382633453.51507
2935
 1382633454.53807
2936
 1382633456.57232
2937
 1382633457.58463
2938
 1382633458.59534
2939
 1382633459.6151
2940
 1382633460.62047
2941
 1382633461.63412
2942
 1382633463.6504
2943
 1382633464.6561
2944
 1382633465.66243
2945
 1382633466.68844
2946
 1382633468.73313
2947
 1382633469.74121
2948
 1382633470.75493
2949
 1382633471.78301
2950
 1382633472.78603
2951
 1382633474.836
2952
 1382633475.85388
2953
 1382633476.87108
2954
 1382633478.91068
2955
 1382633479.91593
2956
 1382633480.93423
2957
 1382633481.96227
2958
 1382633483.98661
2959
 1382633485.01212
2960
 1382633486.01726
2961
 1382633487.02804
2962
 1382633489.04841
2963
 1382633490.06418
2964
 1382633491.08062
2965
 1382633492.10589
2966
 1382633493.12857
2967
 1382633495.15617
2968
 1382633496.17728
2969
 1382633497.19278
2970
 1382633498.19899
2971
 1382633499.20409
2972
 1382633501.23605
2973
 1382633502.24813
2974
 1382633503.2562
2975
 1382633504.26404
2976
 1382633506.29643
2977
 1382633507.29647
2978
 1382633508.305
2979
 1382633509.32325
2980
 1382633510.32861
2981
 1382633512.33701
2982
 1382633513.35002
2983
 1382633515.37848
2984
 1382633516.3838
2985
 1382633517.40629
2986
 1382633518.41704
2987
 1382633519.43709
2988
 1382633520.48061
2989
 1382633522.48545
2990
 1382633523.49589
2991
 1382633524.51179
2992
 1382633525.5356
2993
 1382633527.57886
2994
 1382633528.58948
2995
 1382633529.61671
2996
 1382633530.62589
2997
 1382633532.65834
2998
 1382633533.68055
2999
 1382633534.70765
3000
 1382633535.71556
3001
 1382633537.74606
3002
 1382633538.75007
3003
 1382633539.76328
3004
 1382633540.78722
3005
 1382633542.82623
3006
 1382633543.85308
3007
 1382633544.84228
3008
 1382633545.86937
3009
 1382633547.91072
3010
 1382633548.93441
3011
 1382633549.96123
3012
 1382633550.99262
3013
 1382633551.98632
3014
 1382633554.02094
3015
 1382633555.04817
3016
 1382633556.06698
3017
 1382633558.09107
3018
 1382633559.10104
3019
 1382633560.12101
3020
 1382633562.12657
3021
 1382633563.15119
3022
 1382633564.1633
3023
 1382633565.16896
3024
 1382633566.17909
3025
 1382633568.20504
3026
 1382633569.21487
3027
 1382633570.23551
3028
 1382633571.25584
3029
 1382633573.29487
3030
 1382633574.30679
3031
 1382633575.32929
3032
 1382633577.37295
3033
 1382633578.39587
3034
 1382633579.41573
3035
 1382633581.45252
3036
 1382633582.44532
3037
 1382633583.45456
3038
 1382633584.45798
3039
 1382633585.4663
3040
 1382633587.48269
3041
 1382633588.50756
3042
 1382633589.52761
3043
 1382633590.55234
3044
 1382633592.55386
3045
 1382633593.58074
3046
 1382633594.57708
3047
 1382633596.60488
3048
 1382633597.63195
3049
 1382633598.63637
3050
 1382633599.63043
3051
 1382633601.65182
3052
 1382633602.68356
3053
 1382633603.68697
3054
 1382633604.66315
3055
 1382633606.69506
3056
 1382633607.69908
3057
 1382633608.70617
3058
 1382633609.71218
3059
 1382633611.73133
3060
 1382633612.74835
3061
 1382633613.74367
3062
 1382633614.76014
3063
 1382633616.78347
3064
 1382633617.79935
3065
 1382633618.82176
3066
 1382633619.8257
3067
 1382633621.85708
3068
 1382633622.86019
3069
 1382633624.8816
3070
 1382633625.89493
3071
 1382633626.91935
3072
 1382633627.92603
3073
 1382633628.9473
3074
 1382633630.97368
3075
 1382633631.99801
3076
 1382633633.01181
3077
 1382633635.06013
3078
 1382633636.04409
3079
 1382633637.06094
3080
 1382633638.07537
3081
 1382633639.08239
3082
 1382633641.10285
3083
 1382633642.1155
3084
 1382633643.1298
3085
 1382633645.14832
3086
 1382633646.15526
3087
 1382633647.17915
3088
 1382633648.19707
3089
 1382633650.24318
3090
 1382633651.25484
3091
 1382633652.27798
3092
 1382633654.30512
3093
 1382633655.31581
3094
 1382633656.34023
3095
 1382633657.36151
3096
 1382633659.39402
3097
 1382633660.38565
3098
 1382633661.40621
3099
 1382633663.42108
3100
 1382633664.444
3101
 1382633665.46596
3102
 1382633666.46118
3103
 1382633668.49751
3104
 1382633669.49372
3105
 1382633670.50146
3106
 1382633671.50693
3107
 1382633673.52537
3108
 1382633674.54197
3109
 1382633676.5713
3110
 1382633677.58021
3111
 1382633678.59422
3112
 1382633679.6149
3113
 1382633680.62777
3114
 1382633682.65903
3115
 1382633683.6812
3116
 1382633684.70905
3117
 1382633686.7298
3118
 1382633687.73882
3119
 1382633688.76128
3120
 1382633689.77856
3121
 1382633691.80643
3122
 1382633692.81271
3123
 1382633694.83822
3124
 1382633695.84324
3125
 1382633696.86706
3126
 1382633697.87207
3127
 1382633698.89184
3128
 1382633700.94305
3129
 1382633701.94401
3130
 1382633702.95045
3131
 1382633704.95356
3132
 1382633705.96587
3133
 1382633706.98202
3134
 1382633708.001
3135
 1382633710.02708
3136
 1382633711.04377
3137
 1382633712.05686
3138
 1382633714.08435
3139
 1382633715.09432
3140
 1382633717.12328
3141
 1382633718.13579
3142
 1382633719.14762
3143
 1382633720.17059
3144
 1382633722.19352
3145
 1382633723.19985
3146
 1382633724.21927
3147
 1382633725.22374
3148
 1382633727.25038
3149
 1382633728.26023
3150
 1382633729.27147
3151
 1382633731.31123
3152
 1382633732.33795
3153
 1382633733.36659
3154
 1382633734.3732
3155
 1382633736.38776
3156
 1382633737.40907
3157
 1382633739.44481
3158
 1382633740.44916
3159
 1382633741.47089
3160
 1382633742.48916
3161
 1382633744.52213
3162
 1382633745.53834
3163
 1382633746.55655
3164
 1382633748.61567
3165
 1382633749.60655
3166
 1382633750.63411
3167
 1382633751.61454
3168
 1382633753.64603
3169
 1382633754.64997
3170
 1382633755.66525
3171
 1382633757.68029
3172
 1382633758.69117
3173
 1382633760.72639
3174
 1382633761.70343
3175
 1382633762.71057
3176
 1382633763.72614
3177
 1382633765.75059
3178
 1382633766.7652
3179
 1382633767.77532
3180
 1382633768.78987
3181
 1382633770.82855
3182
 1382633771.84305
3183
 1382633773.86332
3184
 1382633774.87028
3185
 1382633775.88663
3186
 1382633777.91686
3187
 1382633778.92926
3188
 1382633779.93514
3189
 1382633780.94268
3190
 1382633782.95064
3191
 1382633783.97226
3192
 1382633784.99674
3193
 1382633787.04289
3194
 1382633788.05518
3195
 1382633789.07285
3196
 1382633791.10768
3197
 1382633792.13495
3198
 1382633793.13268
3199
 1382633794.14652
3200
 1382633796.17738
3201
 1382633797.18997
3202
 1382633799.20413
3203
 1382633800.20717
3204
 1382633801.22225
3205
 1382633802.23003
3206
 1382633804.2761
3207
 1382633805.27221
3208
 1382633807.28356
3209
 1382633808.30534
3210
 1382633809.32656
3211
 1382633810.33968
3212
 1382633812.37456
3213
 1382633813.39644
3214
 1382633815.40807
3215
 1382633816.43492
3216
 1382633817.46402
3217
 1382633819.46573
3218
 1382633820.48201
3219
 1382633821.49835
3220
 1382633822.51697
3221
 1382633824.54297
3222
 1382633825.56822
3223
 1382633827.60862
3224
 1382633828.61772
3225
 1382633830.65163
3226
 1382633831.67374
3227
 1382633832.69898
3228
 1382633833.72705
3229
 1382633834.71744
3230
 1382633836.76195
3231
 1382633837.78079
3232
 1382633839.82418
3233
 1382633840.82609
3234
 1382633841.85163
3235
 1382633843.8955
3236
 1382633844.91567
3237
 1382633845.93712
3238
 1382633846.95141
3239
 1382633847.96489
3240
 1382633849.99463
3241
 1382633851.02339
3242
 1382633853.03757
3243
 1382633854.06132
3244
 1382633856.10215
3245
 1382633857.11759
3246
 1382633859.14617
3247
 1382633860.17018
3248
 1382633861.17221
3250
 1382633863.19834
3251
 1382633865.23236
3252
 1382633866.24896
3253
 1382633867.2625
3254
 1382633869.28593
3255
 1382633871.32436
3256
 1382633872.33146
3257
 1382633873.34136
3258
 1382633874.35807
3259
 1382633875.37637
3260
 1382633877.38825
3261
 1382633878.39902
3262
 1382633879.43757
3263
 1382633881.46452
3264
 1382633882.45603
3265
 1382633884.50615
3266
 1382633885.51254
3267
 1382633886.52882
3268
 1382633888.55893
3269
 1382633889.58107
3270
 1382633890.60024
3271
 1382633892.62476
3272
 1382633893.6495
3273
 1382633894.66529
3274
 1382633896.70731
3275
 1382633897.70845
3276
 1382633898.73237
3277
 1382633900.74434
3278
 1382633901.7608
3279
 1382633903.77582
3280
 1382633904.78999
3281
 1382633905.8049
3282
 1382633907.83398
3283
 1382633908.84343
3284
 1382633909.85943
3285
 1382633911.87768
3286
 1382633912.9038
3287
 1382633913.9217
3288
 1382633915.93315
3289
 1382633916.94907
3290
 1382633917.96144
3291
 1382633920.00741
3292
 1382633921.03132
3293
 1382633922.02552
3294
 1382633923.03418
3295
 1382633925.06851
3296
 1382633926.09927
3297
 1382633928.10302
3298
 1382633929.12225
3299
 1382633931.1326
3300
 1382633932.1539
3301
 1382633933.16589
3302
 1382633935.177
3303
 1382633936.19843
3304
 1382633937.22129
3305
 1382633939.24584
3306
 1382633940.26467
3307
 1382633941.28999
3308
 1382633943.31192
3309
 1382633944.33011
3310
 1382633945.35624
3311
 1382633947.34951
3312
 1382633948.37317
3313
 1382633949.39846
3314
 1382633951.44913
3315
 1382633952.46273
3316
 1382633953.48035
3317
 1382633955.50625
3318
 1382633956.5325
3319
 1382633958.5653
3320
 1382633959.5559
3321
 1382633960.56513
3322
 1382633961.58899
3323
 1382633963.60604
3324
 1382633964.61209
3325
 1382633966.6225
3326
 1382633967.64302
3327
 1382633968.65261
3328
 1382633970.68464
3329
 1382633971.71001
3330
 1382633972.7258
3331
 1382633974.74902
3332
 1382633975.766
3333
 1382633977.7736
3334
 1382633978.79218
3335
 1382633980.82624
3336
 1382633981.8332
3337
 1382633982.83906
3338
 1382633983.84923
3339
 1382633985.86621
3340
 1382633986.87727
3341
 1382633988.90553
3342
 1382633989.91116
3343
 1382633991.91688
3344
 1382633992.93536
3345
 1382633993.94847
3346
 1382633994.96864
3347
 1382633996.99695
3348
 1382633999.01214
3349
 1382634000.02152
3350
 1382634001.03007
3351
 1382634003.07125
3352
 1382634004.07926
3353
 1382634005.10991
3354
 1382634006.09774
3355
 1382634008.1101
3356
 1382634009.13762
3357
 1382634011.17678
3358
 1382634012.19163
3359
 1382634013.20918
3360
 1382634015.23712
3361
 1382634016.24748
3362
 1382634017.27122
3363
 1382634019.29992
3364
 1382634020.31077
3365
 1382634021.32465
3366
 1382634023.35997
3367
 1382634024.34206
3368
 1382634026.38371
3369
 1382634027.35735
3370
 1382634028.36883
3371
 1382634030.4073
3372
 1382634031.41474
3373
 1382634033.45696
3374
 1382634034.47665
3375
 1382634036.50375
3376
 1382634037.52729
3377
 1382634038.54185
3378
 1382634039.55875
3379
 1382634041.58208
3380
 1382634042.61288
3381
 1382634044.64554
3382
 1382634045.66775
3383
 1382634046.69628
3384
 1382634048.71822
3385
 1382634049.72868
3386
 1382634050.73521
3387
 1382634052.75117
3388
 1382634053.75849
3389
 1382634054.78818
3390
 1382634056.83038
3391
 1382634058.83403
3392
 1382634059.83937
3393
 1382634060.84493
3394
 1382634062.86788
3395
 1382634063.89201
3396
 1382634065.91079
3397
 1382634066.92499
3398
 1382634067.95421
3399
 1382634068.96671
3400
 1382634070.9806
3401
 1382634071.99134
3402
 1382634074.03359
3403
 1382634075.03085
3404
 1382634076.04884
3405
 1382634078.08227
3406
 1382634079.11572
3407
 1382634081.12757
3408
 1382634082.12435
3409
 1382634084.16207
3410
 1382634085.153
3411
 1382634087.1822
3412
 1382634088.21149
3413
 1382634089.20251
3414
 1382634090.22965
3415
 1382634092.21822
3416
 1382634094.25477
3417
 1382634095.2661
3418
 1382634096.29184
3419
 1382634098.32608
3420
 1382634099.33542
3421
 1382634100.36107
3422
 1382634102.38155
3423
 1382634103.38664
3424
 1382634105.42431
3425
 1382634106.44601
3426
 1382634108.48787
3427
 1382634109.50061
3428
 1382634110.50894
3429
 1382634112.54771
3430
 1382634113.56874
3431
 1382634114.59625
3432
 1382634116.64523
3433
 1382634117.6509
3434
 1382634118.65608
3435
 1382634120.68773
3436
 1382634122.70107
3437
 1382634123.70765
3438
 1382634125.73139
3439
 1382634126.75344
3440
 1382634127.76791
3441
 1382634128.7829
3442
 1382634130.8063
3443
 1382634131.82395
3444
 1382634133.84681
3445
 1382634134.86298
3446
 1382634135.87719
3447
 1382634137.89011
3448
 1382634138.91268
3449
 1382634140.94939
3450
 1382634141.96225
3451
 1382634143.9906
3452
 1382634145.00029
3453
 1382634146.02935
3454
 1382634148.05171
3455
 1382634149.06494
3456
 1382634150.08477
3457
 1382634152.10859
3458
 1382634153.12298
3459
 1382634155.16228
3460
 1382634156.16104
3461
 1382634158.21278
3462
 1382634159.21892
3463
 1382634160.22164
3464
 1382634161.22882
3465
 1382634163.25906
3466
 1382634164.27201
3467
 1382634166.30489
3468
 1382634167.31235
3469
 1382634168.33979
3470
 1382634170.36223
3471
 1382634171.36621
3472
 1382634173.388
3473
 1382634174.41648
3474
 1382634176.42715
3475
 1382634177.43211
3476
 1382634179.44513
3477
 1382634180.46367
3478
 1382634181.47205
3479
 1382634183.51211
3480
 1382634184.53103
3481
 1382634185.54633
3482
 1382634187.56401
3483
 1382634188.57715
3484
 1382634190.61713
3485
 1382634191.6271
3486
 1382634192.64921
3487
 1382634194.69152
3488
 1382634195.70771
3489
 1382634197.73303
3490
 1382634198.75684
3491
 1382634200.79144
3492
 1382634201.78455
3493
 1382634202.80899
3494
 1382634204.82555
3495
 1382634205.83321
3496
 1382634207.85237
3497
 1382634208.87231
3498
 1382634210.89504
3499
 1382634211.91883
3500
 1382634213.9183
3501
 1382634214.9382
3502
 1382634216.95983
3503
 1382634217.96907
3504
 1382634218.97089
3505
 1382634221.00913
3506
 1382634222.03963
3507
 1382634224.06878
3508
 1382634225.07078
3509
 1382634227.06831
3510
 1382634228.08501
3511
 1382634229.10278
3512
 1382634230.11952
3513
 1382634232.16645
3514
 1382634233.16355
3515
 1382634235.21597
3516
 1382634236.19683
3517
 1382634238.21649
3518
 1382634239.23072
3519
 1382634240.25212
3520
 1382634242.31098
3521
 1382634244.31998
3522
 1382634245.33146
3523
 1382634246.35048
3524
 1382634247.36674
3525
 1382634249.40347
3526
 1382634251.43465
3527
 1382634252.456
3528
 1382634253.48729
3529
 1382634255.50522
3530
 1382634257.53106
3531
 1382634258.53375
3532
 1382634259.55376
3533
 1382634260.5831
3534
 1382634262.59537
3535
 1382634263.62516
3536
 1382634265.62179
3537
 1382634266.64788
3538
 1382634268.6812
3539
 1382634269.69889
3540
 1382634271.72448
3541
 1382634272.74403
3542
 1382634274.7951
3543
 1382634275.82473
3544
 1382634276.81819
3545
 1382634278.84413
3546
 1382634279.87725
3547
 1382634281.89272
3548
 1382634282.90495
3549
 1382634284.92024
3550
 1382634285.94074
3551
 1382634286.94845
3552
 1382634288.98371
3553
 1382634290.00238
3554
 1382634292.02795
3555
 1382634293.03718
3556
 1382634295.07839
3557
 1382634296.08971
3558
 1382634297.09527
3559
 1382634299.12998
3560
 1382634300.13735
3561
 1382634302.1336
3562
 1382634303.14106
3563
 1382634305.1835
3564
 1382634306.1729
3565
 1382634308.21788
3566
 1382634309.22399
3567
 1382634310.22807
3568
 1382634312.25155
3569
 1382634314.28605
3570
 1382634315.29845
3571
 1382634316.32681
3572
 1382634318.32222
3573
 1382634319.34185
3574
 1382634321.34883
3575
 1382634322.3541
3576
 1382634324.39876
3577
 1382634325.3985
3578
 1382634327.43671
3579
 1382634328.43856
3580
 1382634330.44666
3581
 1382634331.45997
3582
 1382634332.47604
3583
 1382634334.50871
3584
 1382634335.52146
3585
 1382634337.55541
3586
 1382634338.58058
3587
 1382634340.57893
3588
 1382634342.61448
3589
 1382634343.61705
3590
 1382634344.59317
3591
 1382634346.62159
3592
 1382634347.62287
3593
 1382634348.64779
3594
 1382634350.67842
3595
 1382634351.69902
3596
 1382634353.7399
3597
 1382634355.7682
3598
 1382634356.77984
3599
 1382634357.7922
3600
 1382634359.82477
3601
 1382634360.84359
3602
 1382634362.85884
3603
 1382634363.8831
3604
 1382634364.89662
3605
 1382634366.92304
3606
 1382634367.92846
3607
 1382634369.95245
3608
 1382634370.97998
3609
 1382634373.0115
3610
 1382634374.02923
3611
 1382634376.06878
3612
 1382634377.06043
3613
 1382634379.10053
3614
 1382634380.11042
3615
 1382634382.13107
3616
 1382634383.14561
3617
 1382634384.14798
3618
 1382634386.17145
3619
 1382634387.18197
3620
 1382634389.22328
3621
 1382634390.22662
3622
 1382634392.24554
3623
 1382634393.27252
3624
 1382634395.2611
3625
 1382634396.27967
3626
 1382634398.31286
3627
 1382634400.35554
3628
 1382634401.339
3629
 1382634402.36305
3630
 1382634404.37534
3631
 1382634405.38913
3632
 1382634407.42824
3633
 1382634408.45046
3634
 1382634410.50337
3635
 1382634411.48128
3636
 1382634413.52647
3637
 1382634414.54331
3638
 1382634416.57238
3639
 1382634417.60217
3640
 1382634418.61657
3641
 1382634420.65294
3642
 1382634422.6881
3643
 1382634423.6734
3644
 1382634425.70041
3645
 1382634426.72543
3646
 1382634428.73982
3647
 1382634429.75797
3648
 1382634431.77024
3649
 1382634432.77706
3650
 1382634434.82246
3651
 1382634435.83343
3652
 1382634437.86603
3653
 1382634438.85372
3654
 1382634439.86551
3655
 1382634441.90628
3656
 1382634442.91886
3657
 1382634444.96141
3658
 1382634445.97649
3659
 1382634447.99518
3660
 1382634449.01622
3661
 1382634451.03746
3662
 1382634453.06902
3663
 1382634454.0589
3664
 1382634455.07658
3665
 1382634457.11771
3666
 1382634458.11185
3667
 1382634460.13364
3668
 1382634461.14497
3669
 1382634463.16539
3670
 1382634465.19412
3671
 1382634466.20299
3672
 1382634467.22371
3673
 1382634469.25471
3674
 1382634470.27079
3675
 1382634472.30553
3676
 1382634473.30881
3677
 1382634475.35349
3678
 1382634477.36111
3679
 1382634478.3882
3680
 1382634479.37774
3681
 1382634481.39166
3682
 1382634482.4212
3683
 1382634483.4238
3684
 1382634485.43222
3685
 1382634487.47417
3686
 1382634488.49284
3687
 1382634490.51992
3688
 1382634491.53971
3689
 1382634492.55429
3690
 1382634494.57789
3691
 1382634496.59756
3692
 1382634497.61701
3693
 1382634498.62868
3694
 1382634500.64752
3695
 1382634501.65446
3696
 1382634503.68304
3697
 1382634504.70922
3698
 1382634506.72563
3699
 1382634507.73217
3700
 1382634509.76909
3701
 1382634510.77603
3702
 1382634512.79665
3703
 1382634513.81962
3704
 1382634515.84653
3705
 1382634516.86907
3706
 1382634518.89675
3707
 1382634519.90371
3708
 1382634521.93402
3709
 1382634523.95305
3710
 1382634524.97577
3711
 1382634525.98126
3712
 1382634528.00726
3713
 1382634529.02709
3714
 1382634531.06414
3715
 1382634533.05762
3716
 1382634534.08216
3717
 1382634536.10686
3718
 1382634537.1238
3719
 1382634539.15385
3720
 1382634540.16674
3721
 1382634542.21504
3722
 1382634543.21752
3723
 1382634545.24624
3724
 1382634546.25505
3725
 1382634548.28837
3726
 1382634549.30575
3727
 1382634551.33251
3728
 1382634552.36111
3729
 1382634554.40286
3730
 1382634555.42193
3731
 1382634557.45073
3732
 1382634558.46803
3733
 1382634560.5062
3734
 1382634561.53576
3735
 1382634563.5264
3736
 1382634564.53163
3737
 1382634566.57152
3738
 1382634567.55404
3739
 1382634569.58032
3740
 1382634570.59977
3741
 1382634571.6281
3742
 1382634573.65406
3743
 1382634575.67412
3744
 1382634576.68286
3745
 1382634578.71791
3746
 1382634579.72311
3747
 1382634581.74998
3748
 1382634582.75711
3749
 1382634584.80145
3750
 1382634585.80861
3751
 1382634586.8343
3752
 1382634588.83435
3753
 1382634590.86584
3754
 1382634591.85887
3755
 1382634592.88201
3756
 1382634594.90852
3757
 1382634595.92917
3758
 1382634597.97831
3759
 1382634598.97435
3760
 1382634601.01258
3761
 1382634602.0282
3762
 1382634604.06572
3763
 1382634606.11728
3764
 1382634607.14016
3765
 1382634608.14413
3766
 1382634610.16218
3767
 1382634611.18127
3768
 1382634613.21178
3769
 1382634615.23639
3770
 1382634616.24352
3771
 1382634618.25418
3772
 1382634619.25867
3773
 1382634620.27758
3774
 1382634622.30521
3775
 1382634624.34249
3776
 1382634625.3316
3777
 1382634627.34954
3778
 1382634628.35481
3779
 1382634629.35526
3780
 1382634631.39772
3781
 1382634632.39599
3782
 1382634634.41464
3783
 1382634636.44444
3784
 1382634637.46205
3785
 1382634639.48887
3786
 1382634640.51896
3787
 1382634642.51177
3788
 1382634643.53891
3789
 1382634645.58336
3790
 1382634646.60945
3791
 1382634648.60566
3792
 1382634649.62459
3793
 1382634651.64322
3794
 1382634652.65656
3795
 1382634654.69948
3796
 1382634656.70926
3797
 1382634657.71203
3798
 1382634658.72818
3799
 1382634660.7561
3800
 1382634662.7786
3801
 1382634663.77436
3802
 1382634664.78606
3803
 1382634666.83405
3804
 1382634667.83741
3805
 1382634669.88448
3806
 1382634671.91248
3807
 1382634672.92901
3808
 1382634674.96837
3809
 1382634675.9807
3810
 1382634678.01513
3811
 1382634679.02571
3812
 1382634681.06289
3813
 1382634683.09886
3814
 1382634684.11106
3815
 1382634685.13442
3816
 1382634687.15272
3817
 1382634689.18757
3818
 1382634690.20383
3819
 1382634692.21897
3820
 1382634693.23143
3821
 1382634695.26647
3822
 1382634696.27769
3823
 1382634698.30328
3824
 1382634700.33237
3825
 1382634701.34276
3826
 1382634702.36329
3827
 1382634704.36889
3828
 1382634706.39861
3829
 1382634707.41758
3830
 1382634708.43765
3831
 1382634710.48085
3832
 1382634711.50326
3833
 1382634713.50251
3834
 1382634715.53847
3835
 1382634716.55281
3836
 1382634718.58697
3837
 1382634719.57633
3838
 1382634721.60881
3839
 1382634722.62096
3840
 1382634724.64402
3841
 1382634725.66746
3842
 1382634727.68356
3843
 1382634729.72269
3844
 1382634730.73635
3845
 1382634731.75233
3846
 1382634733.78656
3847
 1382634734.80372
3848
 1382634736.84453
3849
 1382634737.87103
3850
 1382634739.87973
3851
 1382634741.89839
3852
 1382634742.91769
3853
 1382634744.94057
3854
 1382634746.95912
3855
 1382634747.97788
3856
 1382634749.98874
3857
 1382634751.00004
3858
 1382634753.04138
3859
 1382634754.05203
3860
 1382634756.06381
3861
 1382634757.08811
3862
 1382634759.12775
3863
 1382634760.12575
3864
 1382634762.14441
3865
 1382634763.17396
3866
 1382634765.16238
3867
 1382634766.1847
3868
 1382634768.2182
3869
 1382634769.22909
3870
 1382634771.25579
3871
 1382634772.2708
3872
 1382634774.28193
3873
 1382634776.30535
3874
 1382634777.3123
3875
 1382634779.33561
3876
 1382634780.33769
3877
 1382634782.38171
3878
 1382634784.39866
3879
 1382634785.41509
3880
 1382634787.4522
3881
 1382634788.46863
3882
 1382634789.47869
3883
 1382634791.50929
3884
 1382634793.54074
3885
 1382634795.55628
3886
 1382634796.57435
3887
 1382634798.59997
3888
 1382634799.61252
3889
 1382634801.63256
3890
 1382634802.64254
3891
 1382634804.67403
3892
 1382634806.69348
3893
 1382634807.70574
3894
 1382634809.7278
3895
 1382634810.73056
3896
 1382634812.75793
3897
 1382634814.786
3898
 1382634815.79303
3899
 1382634816.82166
3900
 1382634818.80929
3901
 1382634819.83696
3902
 1382634821.84779
3903
 1382634823.87909
3904
 1382634824.89662
3905
 1382634826.9402
3906
 1382634827.96361
3907
 1382634829.99001
3908
 1382634832.0094
3909
 1382634833.02534
3910
 1382634834.04616
3911
 1382634836.06293
3912
 1382634838.1038
3913
 1382634839.12837
3914
 1382634841.15585
3915
 1382634842.16764
3916
 1382634843.17616
3917
 1382634845.1949
3918
 1382634847.22622
3919
 1382634848.2547
3920
 1382634850.2947
3921
 1382634851.31663
3922
 1382634853.34521
3923
 1382634855.36794
3924
 1382634856.37038
3925
 1382634858.39271
3926
 1382634860.40938
3927
 1382634861.41688
3928
 1382634863.45351
3929
 1382634864.47726
3930
 1382634866.50026
3931
 1382634868.53055
3932
 1382634869.55052
3933
 1382634871.57723
3934
 1382634872.59313
3935
 1382634874.61541
3936
 1382634875.63011
3937
 1382634877.65096
3938
 1382634878.67595
3939
 1382634880.69238
3940
 1382634881.70282
3941
 1382634883.71509
3942
 1382634884.73397
3943
 1382634886.76191
3944
 1382634887.78147
3945
 1382634889.81231
3946
 1382634891.85144
3947
 1382634892.85855
3948
 1382634894.88441
3949
 1382634896.92738
3950
 1382634898.92127
3951
 1382634899.93652
3952
 1382634901.97363
3953
 1382634902.97804
3954
 1382634905.01519
3955
 1382634907.01146
3956
 1382634909.04241
3957
 1382634910.05291
3958
 1382634912.08677
3959
 1382634913.1081
3960
 1382634915.12965
3961
 1382634917.16631
3962
 1382634918.18078
3963
 1382634920.19288
3964
 1382634921.20519
3965
 1382634923.23093
3966
 1382634925.27237
3967
 1382634926.28133
3968
 1382634928.30222
3969
 1382634930.34514
3970
 1382634931.36177
3971
 1382634932.37841
3972
 1382634934.42328
3973
 1382634936.41431
3974
 1382634937.42671
3975
 1382634939.44875
3976
 1382634941.47926
3977
 1382634942.46423
3978
 1382634944.52146
3979
 1382634945.51575
3980
 1382634947.53063
3981
 1382634948.55373
3982
 1382634950.57597
3983
 1382634952.61965
3984
 1382634953.62306
3985
 1382634955.65677
3986
 1382634956.6698
3987
 1382634958.71024
3988
 1382634959.72011
3989
 1382634961.74092
3990
 1382634962.76077
3991
 1382634964.80185
3992
 1382634966.85004
3993
 1382634967.85036
3994
 1382634969.84377
3995
 1382634971.88502
3996
 1382634972.87343
3997
 1382634974.91363
3998
 1382634976.93251
3999
 1382634977.95831
4000
 1382634979.97503
4001
 1382634980.9896
4002
 1382634983.02448
4004
 1382634985.79884
4005
 1382634987.84263
4006
 1382634988.84508
4007
 1382634990.8795
