 1382630213.94285
9
 1382630241.60984
25
 1382630242.61065
40
 1382630243.61791
53
 1382630244.81628
68
 1382630245.82525
80
 1382630246.82561
92
 1382630247.85228
103
 1382630248.85491
113
 1382630249.86751
124
 1382630250.9055
134
 1382630251.95219
144
 1382630252.93372
153
 1382630253.96127
162
 1382630254.97287
171
 1382630255.98374
179
 1382630257.00517
187
 1382630258.05792
196
 1382630259.02416
203
 1382630260.05048
211
 1382630261.05709
219
 1382630262.06457
226
 1382630263.08691
233
 1382630264.11332
240
 1382630265.14072
248
 1382630266.13567
254
 1382630267.14609
261
 1382630268.18611
268
 1382630269.17646
274
 1382630270.16821
281
 1382630271.19157
287
 1382630272.20198
293
 1382630273.21764
300
 1382630274.25288
306
 1382630275.28343
312
 1382630276.28738
318
 1382630277.29801
324
 1382630278.31987
330
 1382630279.35639
336
 1382630280.33062
342
 1382630281.34318
347
 1382630282.36021
353
 1382630283.382
359
 1382630284.38585
364
 1382630285.39531
369
 1382630286.41069
375
 1382630287.41459
380
 1382630288.44015
385
 1382630289.44118
391
 1382630290.45114
396
 1382630291.4715
401
 1382630292.49382
406
 1382630293.50385
411
 1382630294.51106
416
 1382630295.51932
421
 1382630296.54983
426
 1382630297.5432
431
 1382630298.56539
435
 1382630299.59945
441
 1382630300.611
445
 1382630301.63058
450
 1382630302.65452
455
 1382630303.6762
460
 1382630304.69598
464
 1382630305.70412
469
 1382630306.70292
473
 1382630307.73226
478
 1382630308.74366
481
 1382630309.74923
486
 1382630310.71429
490
 1382630311.74046
495
 1382630312.76317
499
 1382630313.78153
504
 1382630314.79018
508
 1382630315.81017
512
 1382630316.83249
517
 1382630317.85964
521
 1382630318.89599
525
 1382630319.89896
529
 1382630320.89814
534
 1382630321.91186
538
 1382630322.93614
542
 1382630323.94656
546
 1382630324.97316
550
 1382630325.95908
554
 1382630327.0042
558
 1382630327.97972
562
 1382630328.99352
566
 1382630330.01993
569
 1382630331.01891
573
 1382630332.03937
577
 1382630333.0665
581
 1382630334.06016
585
 1382630335.07251
588
 1382630336.0703
593
 1382630337.08354
596
 1382630338.09645
600
 1382630339.12915
604
 1382630340.13667
608
 1382630341.15626
611
 1382630342.1743
615
 1382630343.1778
619
 1382630344.18369
623
 1382630345.20883
626
 1382630346.21691
630
 1382630347.22444
634
 1382630348.239
638
 1382630349.26743
641
 1382630350.27274
644
 1382630351.27897
648
 1382630352.30111
652
 1382630353.32271
655
 1382630354.3475
659
 1382630355.37471
663
 1382630356.40746
666
 1382630357.3817
669
 1382630358.41421
673
 1382630359.39369
676
 1382630360.42227
680
 1382630361.40219
683
 1382630362.42451
686
 1382630363.45767
690
 1382630364.45885
693
 1382630365.49613
697
 1382630366.52252
700
 1382630367.54076
703
 1382630368.56471
707
 1382630369.58537
710
 1382630370.60449
714
 1382630371.61912
717
 1382630372.62739
720
 1382630373.64891
723
 1382630374.66553
727
 1382630375.69423
730
 1382630376.72307
733
 1382630377.75505
737
 1382630378.76498
740
 1382630379.7817
743
 1382630380.80105
747
 1382630381.81999
750
 1382630382.82714
753
 1382630383.85229
756
 1382630384.87537
759
 1382630385.91103
763
 1382630386.9313
766
 1382630387.9516
769
 1382630388.97803
772
 1382630390.00009
775
 1382630390.99442
778
 1382630392.00363
781
 1382630393.03453
784
 1382630394.03752
788
 1382630395.01664
790
 1382630396.05144
793
 1382630397.08226
797
 1382630398.10439
799
 1382630399.13636
802
 1382630400.12366
805
 1382630401.14565
808
 1382630402.17259
811
 1382630403.16265
814
 1382630404.17163
817
 1382630405.17213
820
 1382630406.19351
823
 1382630407.20552
826
 1382630408.21501
829
 1382630409.23204
832
 1382630410.26701
835
 1382630411.2972
838
 1382630412.30652
841
 1382630413.33093
844
 1382630414.3446
847
 1382630415.35833
850
 1382630416.36666
853
 1382630417.38904
855
 1382630418.41253
859
 1382630419.4262
861
 1382630420.46736
865
 1382630421.47489
867
 1382630422.49119
870
 1382630423.50896
872
 1382630424.53008
876
 1382630425.54878
879
 1382630426.57182
882
 1382630427.59195
884
 1382630428.60162
887
 1382630429.63248
890
 1382630430.64256
893
 1382630431.64579
895
 1382630432.66644
898
 1382630433.69281
901
 1382630434.74424
903
 1382630435.71226
906
 1382630436.72582
909
 1382630437.74538
912
 1382630438.74861
914
 1382630439.76605
917
 1382630440.77494
919
 1382630441.79955
922
 1382630442.81114
925
 1382630443.83935
928
 1382630444.84493
930
 1382630445.85544
933
 1382630446.88304
935
 1382630447.91469
939
 1382630448.94052
941
 1382630449.96086
944
 1382630450.98744
946
 1382630452.02269
950
 1382630453.05381
952
 1382630454.03514
955
 1382630455.07388
957
 1382630456.10359
960
 1382630457.13314
962
 1382630458.11473
965
 1382630459.11888
968
 1382630460.13903
970
 1382630461.14247
973
 1382630462.15564
975
 1382630463.18059
978
 1382630464.18159
980
 1382630465.21362
983
 1382630466.21973
985
 1382630467.22856
988
 1382630468.2504
990
 1382630469.27104
994
 1382630470.30087
996
 1382630471.33656
998
 1382630472.36548
1000
 1382630473.40196
1003
 1382630474.40469
1005
 1382630475.42793
1007
 1382630476.4715
