 1382630218.54494
9
 1382630683.16003
25
 1382630684.15675
40
 1382630685.18231
55
 1382630686.20152
68
 1382630687.2036
81
 1382630688.22358
93
 1382630689.26051
105
 1382630690.26398
116
 1382630691.2752
127
 1382630692.29918
137
 1382630693.32939
148
 1382630694.35629
158
 1382630695.35663
167
 1382630696.36583
177
 1382630697.38405
186
 1382630698.3862
195
 1382630699.40726
204
 1382630700.43562
212
 1382630701.45216
221
 1382630702.4804
229
 1382630703.51316
237
 1382630704.51736
245
 1382630705.53076
253
 1382630706.53997
260
 1382630707.55951
268
 1382630708.54584
275
 1382630709.56147
283
 1382630710.59706
290
 1382630711.60819
297
 1382630712.62849
304
 1382630713.63641
311
 1382630714.66226
317
 1382630715.6944
325
 1382630716.69798
331
 1382630717.70777
338
 1382630718.70602
344
 1382630719.71021
350
 1382630720.72363
357
 1382630721.73629
363
 1382630722.75211
369
 1382630723.76008
375
 1382630724.79402
381
 1382630725.77489
387
 1382630726.79401
393
 1382630727.80431
398
 1382630728.80952
405
 1382630729.83361
410
 1382630730.85915
416
 1382630731.87657
421
 1382630732.88076
427
 1382630733.88751
433
 1382630734.90874
438
 1382630735.91393
444
 1382630736.9434
449
 1382630737.97274
454
 1382630739.00446
460
 1382630740.01653
465
 1382630741.0335
471
 1382630742.04153
476
 1382630743.04693
482
 1382630744.07216
486
 1382630745.0849
492
 1382630746.10157
497
 1382630747.12011
502
 1382630748.15296
507
 1382630749.16624
511
 1382630750.18116
517
 1382630751.21026
522
 1382630752.2262
526
 1382630753.24897
531
 1382630754.24461
536
 1382630755.25302
541
 1382630756.25768
545
 1382630757.28442
550
 1382630758.28965
555
 1382630759.31024
560
 1382630760.33059
564
 1382630761.33595
569
 1382630762.34923
574
 1382630763.35759
578
 1382630764.38359
583
 1382630765.4069
588
 1382630766.43132
592
 1382630767.45769
596
 1382630768.4597
601
 1382630769.46718
605
 1382630770.49839
609
 1382630771.50727
614
 1382630772.52337
618
 1382630773.55015
622
 1382630774.53391
626
 1382630775.56735
630
 1382630776.57008
634
 1382630777.58607
639
 1382630778.61749
642
 1382630779.64975
647
 1382630780.61719
651
 1382630781.62959
655
 1382630782.63374
659
 1382630783.66549
665
 1382630784.65798
668
 1382630785.67196
673
 1382630786.66015
676
 1382630787.67186
681
 1382630788.68315
685
 1382630789.72501
688
 1382630790.71274
692
 1382630791.71696
696
 1382630792.75256
700
 1382630793.76503
704
 1382630794.79373
708
 1382630795.78745
712
 1382630796.80778
716
 1382630797.81987
719
 1382630798.84327
723
 1382630799.84942
727
 1382630800.85859
731
 1382630801.88287
734
 1382630802.90147
739
 1382630803.90761
742
 1382630804.92497
746
 1382630805.94263
750
 1382630806.95552
754
 1382630807.98017
758
 1382630808.98299
761
 1382630809.98663
765
 1382630811.00054
768
 1382630812.01954
772
 1382630813.04364
775
 1382630814.0538
779
 1382630815.08611
782
 1382630816.0888
787
 1382630817.0991
790
 1382630818.12917
794
 1382630819.14818
796
 1382630820.16966
801
 1382630821.17176
804
 1382630822.1871
807
 1382630823.21964
810
 1382630824.22473
814
 1382630825.22912
818
 1382630826.25097
821
 1382630827.2502
825
 1382630828.25352
828
 1382630829.2595
832
 1382630830.27084
835
 1382630831.2989
839
 1382630832.29401
841
 1382630833.31419
845
 1382630834.34325
848
 1382630835.31786
852
 1382630836.35325
856
 1382630837.34964
859
 1382630838.3767
861
 1382630839.38506
864
 1382630840.42038
868
 1382630841.43445
871
 1382630842.45846
875
 1382630843.48631
877
 1382630844.52713
882
 1382630845.52251
884
 1382630846.52322
888
 1382630847.54121
891
 1382630848.57158
894
 1382630849.5504
897
 1382630850.58681
900
 1382630851.57713
904
 1382630852.58367
907
 1382630853.63795
910
 1382630854.60279
913
 1382630855.61256
917
 1382630856.61737
920
 1382630857.62621
923
 1382630858.64238
925
 1382630859.65544
929
 1382630860.67788
932
 1382630861.72142
935
 1382630862.68822
939
 1382630863.7126
941
 1382630864.73853
944
 1382630865.74744
947
 1382630866.74128
951
 1382630867.74699
953
 1382630868.76057
957
 1382630869.77649
959
 1382630870.78954
962
 1382630871.79445
965
 1382630872.81799
968
 1382630873.82452
971
 1382630874.85269
974
 1382630875.83472
978
 1382630876.83976
980
 1382630877.85325
983
 1382630878.88071
985
 1382630879.86698
990
 1382630880.89287
992
 1382630881.91624
995
 1382630882.93212
997
 1382630883.96291
1001
 1382630884.96715
1004
 1382630885.97043
1006
 1382630887.00417
1007
 1382630887.99205
