1382629805.639636039733887
1382629805.648067951202393
1382629805.656677007675171
1382629805.665661096572876
1382629805.674936056137085
1382629805.684725999832153
1382629805.694513082504272
1382629805.704518079757690
1382629805.714327096939087
1382629805.725050926208496
1382629805.735693931579590
1382629805.746258974075317
1382629805.757031917572021
1382629805.768220901489258
1382629805.779835939407349
1382629805.793965101242065
1382629805.806022882461548
1382629805.817909955978394
1382629805.830308914184570
1382629805.842602968215942
1382629805.854983091354370
1382629805.868246078491211
1382629805.881027936935425
1382629805.894355058670044
1382629805.907857894897461
1382629805.921691894531250
1382629805.935638904571533
1382629805.949631929397583
1382629805.966185092926025
1382629805.980613946914673
1382629805.995388984680176
1382629806.010379076004028
1382629806.025614023208618
1382629806.041096925735474
1382629806.056642055511475
1382629806.072510957717896
1382629806.093453884124756
1382629806.109564065933228
1382629806.125931978225708
1382629806.142577886581421
1382629806.159392118453979
1382629806.178340911865234
1382629806.195858955383301
1382629806.213427066802979
1382629806.234889030456543
1382629806.252975940704346
1382629806.271225929260254
1382629806.289490938186646
1382629806.308002948760986
1382629806.326724052429199
1382629806.347210884094238
1382629806.366322994232178
1382629806.385276079177856
1382629806.405868053436279
1382629806.425448894500732
1382629806.445630073547363
1382629806.469944953918457
1382629806.493136882781982
1382629806.516146898269653
1382629806.537704944610596
1382629806.559128999710083
1382629806.581650972366333
1382629806.606172084808350
1382629806.631220102310181
1382629806.655358076095581
1382629806.683087110519409
1382629806.708174943923950
1382629806.734765052795410
1382629806.760962963104248
1382629806.788639068603516
1382629806.816076040267944
1382629806.849313974380493
1382629806.889039039611816
1382629806.917716979980469
1382629806.948477029800415
1382629806.984210968017578
1382629807.014305114746094
1382629807.044771909713745
1382629807.080739021301270
1382629807.115293025970459
1382629807.149403095245361
1382629807.181694984436035
1382629807.217416048049927
1382629807.250917911529541
1382629807.284454107284546
1382629807.318985939025879
1382629807.356578111648560
1382629807.397706031799316
1382629807.437562942504883
1382629807.477720975875854
1382629807.520550966262817
1382629807.561496019363403
1382629807.606611013412476
1382629807.653127908706665
1382629807.702439069747925
1382629807.746023893356323
1382629807.779818058013916
1382629807.808912038803101
1382629807.838359117507935
1382629807.894059896469116
1382629807.902096033096313
1382629807.910377979278564
1382629807.918567895889282
1382629807.927144050598145
1382629807.936000108718872
1382629807.944832086563110
1382629807.953579902648926
1382629807.962757110595703
1382629807.972311019897461
1382629807.984349012374878
1382629807.997385025024414
1382629808.007345914840698
1382629808.017246961593628
1382629808.027302980422974
1382629808.039561033248901
1382629808.055066108703613
1382629808.070081949234009
1382629808.081587076187134
1382629808.092503070831299
1382629808.104046106338501
1382629808.115278959274292
1382629808.126631021499634
1382629808.138643980026245
1382629808.150877952575684
1382629808.163199901580811
1382629808.176784992218018
1382629808.188822031021118
1382629808.201198101043701
1382629808.213888883590698
1382629808.227045059204102
1382629808.239975929260254
1382629808.252979993820190
1382629808.266099929809570
1382629808.279503107070923
1382629808.294132947921753
1382629808.307665109634399
1382629808.321512937545776
1382629808.335436105728149
1382629808.350311994552612
1382629808.364424943923950
1382629808.378968954086304
1382629808.394012928009033
1382629808.410998106002808
1382629808.425880908966064
1382629808.440963029861450
1382629808.456480979919434
1382629808.471857070922852
1382629808.487808942794800
1382629808.503489971160889
1382629808.519673109054565
1382629808.535835027694702
1382629808.552247047424316
1382629808.575184106826782
1382629808.588851928710938
1382629808.609944105148315
1382629808.637444972991943
1382629808.672425031661987
1382629808.701868057250977
1382629808.723503112792969
1382629808.745786905288696
1382629808.768225908279419
1382629808.791311979293823
1382629808.814171075820923
1382629808.837235927581787
1382629808.862917900085449
1382629808.887233972549438
1382629808.911079883575439
1382629808.935203075408936
1382629808.959319114685059
1382629808.983866930007935
1382629809.014944076538086
1382629809.046935081481934
1382629809.072390079498291
1382629809.103051900863647
1382629809.133577108383179
1382629809.170109987258911
1382629809.195911884307861
1382629809.226969957351685
1382629809.253261089324951
1382629809.280170917510986
1382629809.307533979415894
1382629809.334654092788696
1382629809.361927986145020
1382629809.389549016952515
1382629809.416968107223511
1382629809.444972991943359
1382629809.473021984100342
1382629809.503483057022095
1382629809.522299051284790
1382629809.550311088562012
1382629809.569334030151367
1382629809.589114904403687
1382629809.608150005340576
1382629809.627490997314453
1382629809.647720098495483
1382629809.668437957763672
1382629809.691102027893066
1382629809.711340904235840
1382629809.749525070190430
1382629809.761984109878540
1382629809.775577068328857
1382629809.786817073822021
1382629809.798892021179199
1382629809.810431957244873
1382629809.826184034347534
1382629809.838406085968018
1382629809.850711107254028
1382629809.863101959228516
1382629809.875705003738403
1382629809.888756036758423
1382629809.901853084564209
1382629809.915174007415771
1382629809.928683042526245
1382629809.942573070526123
1382629809.958134889602661
1382629809.975054025650024
1382629809.991542100906372
1382629810.006182909011841
1382629810.021363973617554
1382629810.037493944168091
1382629810.052715063095093
1382629810.068268060684204
1382629810.084220886230469
1382629810.106539964675903
1382629810.123133897781372
1382629810.141333103179932
1382629810.158066034317017
1382629810.175025939941406
1382629810.201097011566162
1382629810.211822032928467
1382629810.225375890731812
1382629810.236277103424072
1382629810.248128890991211
1382629810.259475946426392
1382629810.270697116851807
1382629810.282672882080078
1382629810.294059038162231
1382629810.305705070495605
1382629810.317511081695557
1382629810.329322099685669
1382629810.341372013092041
1382629810.353262901306152
1382629810.368489027023315
1382629810.389178037643433
1382629810.401490926742554
1382629810.413695096969604
1382629810.426460027694702
1382629810.439050912857056
1382629810.451817035675049
1382629810.464653968811035
1382629810.477646112442017
1382629810.490410089492798
1382629810.510921001434326
1382629810.532753944396973
1382629810.558373928070068
1382629810.578850030899048
1382629810.599389076232910
1382629810.620256900787354
1382629810.655042886734009
1382629810.688106060028076
1382629810.721312046051025
1382629810.758727073669434
1382629810.781044006347656
1382629810.803287029266357
1382629810.825790882110596
1382629810.848503112792969
1382629810.872585058212280
1382629810.906435012817383
1382629810.930543899536133
1382629810.954432964324951
1382629810.983113050460815
1382629811.009776115417480
1382629811.034379005432129
1382629811.058712959289551
1382629811.083072900772095
1382629811.108069896697998
1382629811.133141994476318
1382629811.158550024032593
1382629811.194425106048584
1382629811.233078002929688
1382629811.259397983551025
1382629811.286801099777222
1382629811.318468093872070
1382629811.355281114578247
1382629811.387461900711060
1382629811.415950059890747
1382629811.443742036819458
1382629811.474231004714966
1382629811.502067089080811
1382629811.533170938491821
1382629811.561846971511841
1382629811.595940113067627
1382629811.631885051727295
1382629811.653028964996338
1382629811.672751903533936
1382629811.691782951354980
1382629811.720107078552246
