 1382660980.15243
9
 1382665501.83897
12
 1382665502.86579
15
 1382665503.89951
18
 1382665504.9067
22
 1382665505.92179
25
 1382665506.95627
28
 1382665507.95061
31
 1382665508.9679
34
 1382665509.9819
38
 1382665511.00827
41
 1382665512.04506
44
 1382665513.04705
48
 1382665514.0601
51
 1382665515.07923
54
 1382665516.11033
58
 1382665517.14619
61
 1382665518.15234
64
 1382665519.1735
68
 1382665520.21426
71
 1382665521.24399
74
 1382665522.27755
78
 1382665523.30923
81
 1382665524.33728
84
 1382665525.36586
88
 1382665526.38218
91
 1382665527.39236
94
 1382665528.42233
97
 1382665529.43338
100
 1382665530.46851
104
 1382665531.48023
107
 1382665532.50199
110
 1382665533.534
113
 1382665534.53262
116
 1382665535.55405
119
 1382665536.58037
122
 1382665537.58575
125
 1382665538.62106
128
 1382665539.65117
131
 1382665540.65371
134
 1382665541.67546
137
 1382665542.69714
140
 1382665543.71026
143
 1382665544.72851
147
 1382665545.76384
150
 1382665546.80084
153
 1382665547.79338
156
 1382665548.82408
159
 1382665549.86164
162
 1382665550.86825
166
 1382665551.9056
168
 1382665552.89511
172
 1382665553.92283
174
 1382665554.93664
178
 1382665555.96875
181
 1382665556.99856
184
 1382665558.04149
187
 1382665559.03465
190
 1382665560.06039
192
 1382665561.07774
195
 1382665562.09762
198
 1382665563.10483
201
 1382665564.13724
204
 1382665565.16489
207
 1382665566.1972
210
 1382665567.20483
213
 1382665568.24275
216
 1382665569.25839
219
 1382665570.25188
221
 1382665571.28886
224
 1382665572.32812
227
 1382665573.34205
230
 1382665574.34043
233
 1382665575.37133
235
 1382665576.38822
238
 1382665577.39199
241
 1382665578.42842
244
 1382665579.4539
247
 1382665580.48495
250
 1382665581.52413
253
 1382665582.55561
255
 1382665583.57469
258
 1382665584.59077
261
 1382665585.62157
264
 1382665586.65417
266
 1382665587.67835
269
 1382665588.66689
272
 1382665589.68636
274
 1382665590.71011
277
 1382665591.73591
280
 1382665592.76338
283
 1382665593.78665
285
 1382665594.81288
288
 1382665595.84859
291
 1382665596.88265
293
 1382665597.91876
295
 1382665598.9109
298
 1382665599.92987
300
 1382665600.93827
303
 1382665601.95662
305
 1382665602.97289
308
 1382665604.00153
310
 1382665605.03716
312
 1382665606.0359
314
 1382665607.05396
316
 1382665608.07187
318
 1382665609.08694
320
 1382665610.12446
322
 1382665611.1126
324
 1382665612.13457
326
 1382665613.19796
328
 1382665614.22055
329
 1382665615.19921
331
 1382665616.22326
333
 1382665617.25748
335
 1382665618.25985
337
 1382665619.29728
339
 1382665620.31174
340
 1382665621.32354
342
 1382665622.34476
344
 1382665623.38371
346
 1382665624.43225
347
 1382665625.42148
348
 1382665626.44865
350
 1382665627.46215
352
 1382665628.49687
354
 1382665629.52401
355
 1382665630.55937
357
 1382665631.56668
359
 1382665632.60546
361
 1382665633.61999
363
 1382665634.62259
365
 1382665635.66631
367
 1382665636.65727
369
 1382665637.66792
371
 1382665638.68059
373
 1382665639.71579
375
 1382665640.72172
377
 1382665641.74539
379
 1382665642.77967
381
 1382665643.81894
383
 1382665644.80719
386
 1382665645.82295
388
 1382665646.8359
390
 1382665647.85589
392
 1382665648.86848
394
 1382665649.89153
396
 1382665650.90576
398
 1382665651.92622
401
 1382665652.95862
403
 1382665653.98221
405
 1382665655.01741
407
 1382665656.03668
409
 1382665657.08072
411
 1382665658.0851
414
 1382665659.11237
416
 1382665660.16543
417
 1382665661.1442
419
 1382665662.17471
422
 1382665663.18513
424
 1382665664.20587
426
 1382665665.21609
429
 1382665666.22967
431
 1382665667.24815
433
 1382665668.2819
435
 1382665669.29751
437
 1382665670.32402
439
 1382665671.36985
442
 1382665672.38162
444
 1382665673.4116
446
 1382665674.43359
447
 1382665675.43991
449
 1382665676.46801
451
 1382665677.4913
453
 1382665678.50979
455
 1382665679.52989
456
 1382665680.54505
458
 1382665681.57633
460
 1382665682.59552
462
 1382665683.62621
464
 1382665684.66606
466
 1382665685.66136
467
 1382665686.69677
469
 1382665687.72297
471
 1382665688.75999
472
 1382665689.75415
474
 1382665690.77545
476
 1382665691.78661
478
 1382665692.81894
479
 1382665693.85639
481
 1382665694.87589
483
 1382665695.8922
485
 1382665696.93886
486
 1382665697.92322
488
 1382665698.95599
490
 1382665699.97135
491
 1382665700.98938
493
 1382665702.00093
495
 1382665703.02922
497
 1382665704.05888
499
 1382665705.0748
501
 1382665706.11954
503
 1382665707.12553
505
 1382665708.14855
507
 1382665709.16762
509
 1382665710.18348
511
 1382665711.1989
513
 1382665712.22124
515
 1382665713.25613
517
 1382665714.29009
519
 1382665715.31302
521
 1382665716.33175
524
 1382665717.37252
526
 1382665718.37633
528
 1382665719.41145
530
 1382665720.42922
532
 1382665721.43679
534
 1382665722.46602
536
 1382665723.49698
539
 1382665724.5359
540
 1382665725.57041
542
 1382665726.58138
544
 1382665727.59098
545
 1382665728.63127
547
 1382665729.64104
548
 1382665730.66882
550
 1382665731.68848
552
 1382665732.70341
553
 1382665733.73885
554
 1382665734.73844
556
 1382665735.77195
558
 1382665736.79874
559
 1382665737.81883
561
 1382665738.8501
562
 1382665739.86731
563
 1382665740.89576
565
 1382665741.91594
566
 1382665742.9205
568
 1382665743.94805
569
 1382665744.96962
571
 1382665746.01342
572
 1382665747.01893
574
 1382665748.03161
576
 1382665749.05967
578
 1382665750.06669
580
 1382665751.09106
581
 1382665752.1034
584
 1382665753.12621
586
 1382665754.16429
587
 1382665755.15899
589
 1382665756.19286
591
 1382665757.20098
593
 1382665758.21883
595
 1382665759.24141
597
 1382665760.25769
599
 1382665761.2922
601
 1382665762.3228
603
 1382665763.33526
605
 1382665764.37612
607
 1382665765.36975
609
 1382665766.38862
611
 1382665767.40066
613
 1382665768.43196
614
 1382665769.4661
616
 1382665770.49963
618
 1382665771.51592
619
 1382665772.54495
621
 1382665773.58121
622
 1382665774.56731
623
 1382665775.58723
625
 1382665776.61026
626
 1382665777.64527
628
 1382665778.65825
629
 1382665779.69609
631
 1382665780.68759
632
 1382665781.7089
634
 1382665782.73634
636
 1382665783.76454
637
 1382665784.79354
638
 1382665785.81772
640
 1382665786.86036
641
 1382665787.88905
643
 1382665788.91426
644
 1382665789.94635
645
 1382665790.96547
647
 1382665791.99831
649
 1382665793.01664
650
 1382665794.04987
652
 1382665795.06598
653
 1382665796.09499
654
 1382665797.10913
655
 1382665798.11935
657
 1382665799.14699
658
 1382665800.1755
660
 1382665801.18633
662
 1382665802.20017
663
 1382665803.23675
665
 1382665804.25672
667
 1382665805.29126
669
 1382665806.3225
670
 1382665807.33641
672
 1382665808.35464
673
 1382665809.37922
675
 1382665810.38816
677
 1382665811.42
679
 1382665812.45271
680
 1382665813.48511
682
 1382665814.4796
684
 1382665815.50775
686
 1382665816.53185
688
 1382665817.55409
689
 1382665818.5673
691
 1382665819.58709
693
 1382665820.60429
695
 1382665821.64045
696
 1382665822.63338
699
 1382665823.6712
700
 1382665824.68699
702
 1382665825.71601
704
 1382665826.74745
706
 1382665827.7814
707
 1382665828.81568
709
 1382665829.83108
711
 1382665830.86967
712
 1382665831.89328
714
 1382665832.92517
715
 1382665833.94597
717
 1382665834.97826
718
 1382665835.99466
720
 1382665837.02838
722
 1382665838.01685
723
 1382665839.03574
725
 1382665840.071
726
 1382665841.10092
728
 1382665842.1362
730
 1382665843.14094
731
 1382665844.16291
733
 1382665845.18559
735
 1382665846.20214
737
 1382665847.21359
738
 1382665848.22824
740
 1382665849.25573
741
 1382665850.29764
743
 1382665851.29883
744
 1382665852.33162
746
 1382665853.3705
747
 1382665854.35345
749
 1382665855.37298
750
 1382665856.39246
752
 1382665857.41853
754
 1382665858.45399
755
 1382665859.48001
757
 1382665860.49453
759
 1382665861.52176
760
 1382665862.54154
762
 1382665863.568
764
 1382665864.6052
766
 1382665865.61437
767
 1382665866.63871
769
 1382665867.66455
771
 1382665868.68536
772
 1382665869.70416
774
 1382665870.71857
776
 1382665871.7464
777
 1382665872.78511
779
 1382665873.80797
781
 1382665874.83065
782
 1382665875.87272
784
 1382665876.88695
786
 1382665877.87177
787
 1382665878.91012
789
 1382665879.90936
791
 1382665880.94076
792
 1382665881.93629
794
 1382665882.96156
796
 1382665883.99066
797
 1382665885.02943
799
 1382665886.00919
800
 1382665887.03283
802
 1382665888.06598
804
 1382665889.07386
805
 1382665890.08181
807
 1382665891.11992
808
 1382665892.14293
810
 1382665893.16762
811
 1382665894.20951
813
 1382665895.20727
815
 1382665896.22878
816
 1382665897.26644
818
 1382665898.27938
819
 1382665899.27039
821
 1382665900.30117
822
 1382665901.32566
824
 1382665902.3435
825
 1382665903.36757
827
 1382665904.40682
828
 1382665905.41404
830
 1382665906.44622
831
 1382665907.46444
833
 1382665908.4914
835
 1382665909.51939
836
 1382665910.53098
838
 1382665911.54378
839
 1382665912.57376
841
 1382665913.59958
842
 1382665914.64281
844
 1382665915.6334
845
 1382665916.66481
847
 1382665917.68117
849
 1382665918.72708
851
 1382665919.73186
852
 1382665920.75029
854
 1382665921.77829
855
 1382665922.79221
857
 1382665923.83572
858
 1382665924.847
860
 1382665925.85404
862
 1382665926.87833
863
 1382665927.91183
865
 1382665928.92116
866
 1382665929.95295
868
 1382665930.98387
869
 1382665932.0186
870
 1382665933.04547
872
 1382665934.05611
873
 1382665935.08461
875
 1382665936.11794
876
 1382665937.15087
877
 1382665938.17433
879
 1382665939.2027
880
 1382665940.19878
881
 1382665941.24864
883
 1382665942.25638
884
 1382665943.29071
885
 1382665944.31339
887
 1382665945.34573
888
 1382665946.38813
889
 1382665947.37735
890
 1382665948.4076
892
 1382665949.44074
893
 1382665950.46292
895
 1382665951.47766
896
 1382665952.49516
897
 1382665953.51456
899
 1382665954.55306
900
 1382665955.56651
901
 1382665956.56656
902
 1382665957.58887
904
 1382665958.62319
905
 1382665959.63827
906
 1382665960.67697
907
 1382665961.67579
909
 1382665962.71302
910
 1382665963.72102
911
 1382665964.76747
912
 1382665965.7815
914
 1382665966.80186
915
 1382665967.84074
917
 1382665968.8481
918
 1382665969.88205
919
 1382665970.86837
921
 1382665971.90907
922
 1382665972.91737
924
 1382665973.95462
925
 1382665974.96808
926
 1382665976.00327
928
 1382665977.03685
930
 1382665979.06665
931
 1382665980.10064
932
 1382665981.127
933
 1382665982.14341
934
 1382665983.182
935
 1382665984.19035
937
 1382665985.20568
938
 1382665986.23067
939
 1382665987.25975
941
 1382665988.27726
942
 1382665989.30831
944
 1382665990.2985
945
 1382665991.30975
946
 1382665992.34473
948
 1382665993.36384
949
 1382665994.41167
951
 1382665995.41382
952
 1382665996.45095
954
 1382665997.44693
955
 1382665998.46898
957
 1382665999.51552
958
 1382666000.51036
959
 1382666001.51506
961
 1382666002.5266
963
 1382666003.56437
965
 1382666004.56935
966
 1382666005.58283
968
 1382666006.61034
969
 1382666007.65167
971
 1382666008.6795
972
 1382666009.69042
974
 1382666010.70891
976
 1382666011.75363
977
 1382666012.78975
978
 1382666013.80224
980
 1382666014.8396
982
 1382666015.8764
983
 1382666016.91145
984
 1382666017.94387
985
 1382666018.9599
986
 1382666019.97933
988
 1382666020.99598
989
 1382666022.01717
990
 1382666023.03422
991
 1382666024.05844
992
 1382666025.08378
994
 1382666026.0984
995
 1382666027.11343
996
 1382666028.15454
997
 1382666029.17349
998
 1382666031.23233
999
 1382666032.26555
1000
 1382666033.28909
1001
 1382666034.31907
1002
 1382666035.3296
1003
 1382666036.35822
1004
 1382666037.37357
1006
 1382666038.41406
1007
 1382666039.40309
1008
 1382666040.4204
1010
 1382666041.45667
1011
 1382666042.47848
1013
 1382666043.4647
1014
 1382666044.49746
1016
 1382666045.5383
1017
 1382666046.55433
1018
 1382666047.56453
1019
 1382666048.59345
1021
 1382666049.62247
1022
 1382666050.64254
1023
 1382666051.67821
1024
 1382666052.71299
1026
 1382666053.71158
1027
 1382666054.72404
1028
 1382666055.75545
1029
 1382666056.78155
1030
 1382666057.79492
1031
 1382666058.82754
1033
 1382666059.85164
1034
 1382666060.88019
1035
 1382666062.9172
1036
 1382666063.95484
1038
 1382666064.98619
1039
 1382666066.02569
1041
 1382666067.02572
1042
 1382666068.04595
1043
 1382666069.09355
1044
 1382666070.09799
1045
 1382666071.13197
1046
 1382666072.14942
1047
 1382666073.1875
1048
 1382666074.206
1049
 1382666075.22832
1050
 1382666076.26233
1051
 1382666077.28538
1052
 1382666078.30352
1054
 1382666079.32454
1055
 1382666080.36319
1056
 1382666081.36771
1057
 1382666082.39138
1058
 1382666083.425
1060
 1382666084.44839
1061
 1382666085.47949
1062
 1382666086.49332
1064
 1382666087.52509
1065
 1382666088.54147
1066
 1382666089.56047
1068
 1382666090.57632
1069
 1382666091.61497
1070
 1382666092.63616
1071
 1382666093.66499
1072
 1382666094.68223
1074
 1382666095.71593
1075
 1382666096.73042
1076
 1382666097.76647
1077
 1382666098.76238
1079
 1382666099.79766
1080
 1382666100.81141
1081
 1382666101.82538
1082
 1382666102.86529
1083
 1382666103.87965
1084
 1382666104.89069
1086
 1382666105.8758
1087
 1382666106.88619
1088
 1382666107.92057
1090
 1382666108.93906
1091
 1382666109.9749
1092
 1382666110.98598
1093
 1382666112.01458
1095
 1382666113.05496
1096
 1382666114.05235
1097
 1382666115.07188
1098
 1382666116.09755
1099
 1382666117.14895
1100
 1382666118.13859
1102
 1382666119.15829
1103
 1382666120.20218
1104
 1382666121.23946
1105
 1382666122.27026
1106
 1382666123.28577
1107
 1382666124.31943
1108
 1382666125.32582
1109
 1382666126.33929
1110
 1382666127.36964
1112
 1382666128.41185
1113
 1382666129.42544
1114
 1382666130.46836
1115
 1382666131.48699
1117
 1382666132.52072
1118
 1382666133.52567
1119
 1382666134.55842
1120
 1382666135.5619
1122
 1382666136.58301
1123
 1382666137.61655
1124
 1382666138.63738
1125
 1382666139.65642
1126
 1382666140.66462
1128
 1382666141.70823
1129
 1382666142.71985
1130
 1382666143.7132
1131
 1382666144.72548
1133
 1382666145.75768
1134
 1382666146.77824
1135
 1382666147.81365
1136
 1382666148.84691
1138
 1382666149.87897
1139
 1382666150.91349
1140
 1382666151.95074
1141
 1382666152.96797
1142
 1382666153.98421
1144
 1382666155.01383
1145
 1382666156.03239
1146
 1382666157.05069
1147
 1382666158.06793
1148
 1382666159.09118
1149
 1382666160.11478
1150
 1382666161.14586
1152
 1382666162.18226
1153
 1382666163.21293
1154
 1382666164.24158
1156
 1382666165.26599
1157
 1382666166.29917
1159
 1382666167.34159
1160
 1382666168.32295
1161
 1382666169.36214
1162
 1382666170.35368
1164
 1382666171.38296
1165
 1382666172.42047
1166
 1382666173.44349
1167
 1382666174.46622
1168
 1382666175.50323
1169
 1382666176.54383
1171
 1382666177.55599
1173
 1382666179.5893
1174
 1382666180.63552
1175
 1382666181.64202
1176
 1382666182.67493
1177
 1382666183.6997
1179
 1382666184.73181
1180
 1382666185.73839
1182
 1382666186.75065
1183
 1382666187.77891
1184
 1382666188.81054
1186
 1382666189.82284
1187
 1382666190.81501
1188
 1382666191.82276
1189
 1382666192.85915
1190
 1382666193.86334
1191
 1382666194.88916
1192
 1382666195.91557
1194
 1382666196.9424
1195
 1382666197.94758
1196
 1382666198.97265
1197
 1382666200.00969
1199
 1382666201.01097
1200
 1382666202.01979
1201
 1382666203.05111
1202
 1382666204.06285
1204
 1382666205.0845
1205
 1382666206.10855
1206
 1382666207.14492
1208
 1382666208.17656
1209
 1382666209.1898
1210
 1382666210.21784
1211
 1382666211.23456
1213
 1382666212.26885
1214
 1382666213.28343
1215
 1382666214.31695
1216
 1382666215.34698
1218
 1382666216.37145
1219
 1382666217.38389
1220
 1382666218.41752
1221
 1382666219.43414
1222
 1382666220.46142
1224
 1382666221.50014
1225
 1382666222.53556
1226
 1382666223.57804
1227
 1382666224.5648
1228
 1382666225.59742
1229
 1382666226.61048
1231
 1382666227.6302
1232
 1382666228.65056
1233
 1382666229.69226
1234
 1382666230.69871
1235
 1382666231.7394
1237
 1382666232.75528
1238
 1382666233.74901
1239
 1382666234.78883
1240
 1382666235.80606
1241
 1382666236.82808
1242
 1382666237.85535
1243
 1382666238.88841
1244
 1382666239.89339
1245
 1382666240.90496
1246
 1382666241.9231
1247
 1382666242.95829
1249
 1382666243.95127
1250
 1382666244.97288
1251
 1382666245.99873
1252
 1382666247.02927
1253
 1382666248.05564
1254
 1382666249.10433
1255
 1382666250.1298
1256
 1382666251.14971
1258
 1382666252.16631
1259
 1382666253.20385
1260
 1382666254.23022
1261
 1382666255.2285
1263
 1382666256.24866
1264
 1382666257.28163
1265
 1382666258.30071
1266
 1382666259.32477
1268
 1382666260.33571
1269
 1382666261.37486
1270
 1382666262.36557
1271
 1382666263.4011
1272
 1382666264.39674
1274
 1382666265.4176
1275
 1382666266.45314
1276
 1382666267.48571
1278
 1382666268.51349
1279
 1382666269.53836
1280
 1382666270.54628
1282
 1382666271.58108
1283
 1382666272.59372
1284
 1382666273.62086
1285
 1382666274.64111
1286
 1382666275.67352
1287
 1382666276.69497
1288
 1382666277.71542
1289
 1382666278.75192
1290
 1382666279.77471
1291
 1382666280.78647
1293
 1382666281.81549
1294
 1382666282.85041
1295
 1382666283.8905
1296
 1382666284.90147
1297
 1382666285.9272
1298
 1382666286.97547
1299
 1382666287.98639
1301
 1382666289.47255
1302
 1382666290.46793
1303
 1382666291.5163
1305
 1382666292.54575
1306
 1382666293.58646
1307
 1382666294.58734
1308
 1382666295.58275
1309
 1382666296.65322
1311
 1382666297.61809
1312
 1382666298.63613
1313
 1382666299.65858
1314
 1382666300.693
1315
 1382666301.71165
1316
 1382666302.72001
1317
 1382666303.75731
1318
 1382666304.75296
1319
 1382666305.77453
1320
 1382666306.79836
1322
 1382666307.81269
1323
 1382666308.84444
1324
 1382666309.88964
1325
 1382666310.87648
1326
 1382666311.91473
1327
 1382666312.94405
1328
 1382666313.97817
1329
 1382666314.98938
1331
 1382666316.00838
1332
 1382666317.02115
1333
 1382666318.04826
1334
 1382666319.06745
1335
 1382666320.09066
1336
 1382666321.12255
1338
 1382666322.16572
1339
 1382666323.17949
1340
 1382666324.1712
1341
 1382666325.19673
1342
 1382666326.20303
1343
 1382666327.24107
1344
 1382666328.26821
1346
 1382666329.29105
1347
 1382666330.31114
1348
 1382666331.3476
1349
 1382666332.37891
1350
 1382666333.41964
1351
 1382666334.44227
1352
 1382666335.45462
1353
 1382666336.48033
1354
 1382666337.49484
1355
 1382666338.52059
1357
 1382666339.55333
1358
 1382666340.54329
1359
 1382666341.55935
1360
 1382666342.58458
1361
 1382666343.60477
1363
 1382666344.6375
1364
 1382666346.67875
1366
 1382666347.71598
1367
 1382666348.7382
1368
 1382666349.76981
1369
 1382666350.80368
1370
 1382666351.83211
1371
 1382666352.83395
1372
 1382666353.85072
1373
 1382666354.87192
1375
 1382666355.89044
1376
 1382666356.93244
1377
 1382666357.92839
1378
 1382666358.9692
1379
 1382666359.96162
1381
 1382666361.00258
1382
 1382666362.0041
1383
 1382666363.01094
1384
 1382666364.04112
1385
 1382666365.04727
1386
 1382666366.09411
1387
 1382666367.10353
1389
 1382666368.10212
1390
 1382666369.13766
1391
 1382666370.17178
1392
 1382666371.20553
1393
 1382666372.21497
1394
 1382666373.22926
1396
 1382666374.25351
1397
 1382666376.31247
1399
 1382666377.30995
1400
 1382666378.33493
1401
 1382666379.37179
1402
 1382666380.39237
1403
 1382666381.40486
1404
 1382666382.42948
1406
 1382666383.4595
1407
 1382666384.48728
1408
 1382666385.52232
1410
 1382666386.55377
1411
 1382666387.58085
1412
 1382666388.59043
1413
 1382666389.6248
1414
 1382666390.63199
1416
 1382666391.66745
1417
 1382666392.69751
1418
 1382666393.7096
1419
 1382666394.74349
1420
 1382666395.75198
1421
 1382666396.77709
1423
 1382666397.81024
1424
 1382666398.84351
1425
 1382666399.87899
1426
 1382666400.90087
1427
 1382666401.92485
1428
 1382666402.95514
1430
 1382666403.96919
1431
 1382666404.97957
1432
 1382666406.006
1433
 1382666407.01257
1434
 1382666408.03773
1436
 1382666409.06808
1437
 1382666410.08644
1438
 1382666411.09896
1439
 1382666412.11201
1440
 1382666413.14725
1441
 1382666414.16391
1443
 1382666415.19012
1444
 1382666416.21287
1445
 1382666417.24922
1446
 1382666418.26445
1447
 1382666419.29793
1448
 1382666420.2839
1450
 1382666421.31384
1451
 1382666422.3249
1452
 1382666423.35698
1453
 1382666424.38761
1454
 1382666425.41934
1455
 1382666426.45635
1457
 1382666427.49406
1458
 1382666428.50391
1459
 1382666429.50895
1460
 1382666430.54919
1461
 1382666431.54636
1462
 1382666432.56858
1463
 1382666433.5966
1465
 1382666434.60894
1466
 1382666436.65185
1467
 1382666437.65962
1469
 1382666438.68845
1470
 1382666439.72493
1471
 1382666440.72403
1472
 1382666441.75375
1474
 1382666442.79039
1475
 1382666443.79411
1476
 1382666444.82055
1477
 1382666445.91338
1478
 1382666446.91514
1479
 1382666447.93912
1481
 1382666448.94941
1482
 1382666449.98638
1483
 1382666451.02304
1484
 1382666452.05127
1485
 1382666453.07169
1486
 1382666454.09463
1487
 1382666455.11523
1488
 1382666456.12855
1489
 1382666457.16164
1490
 1382666458.17687
1491
 1382666459.22884
1492
 1382666460.21095
1493
 1382666461.22178
1494
 1382666462.26718
1495
 1382666463.3051
1496
 1382666464.31484
1498
 1382666465.32386
1499
 1382666466.35079
1500
 1382666467.38362
1501
 1382666468.41233
1502
 1382666469.43803
1503
 1382666470.47369
1505
 1382666471.50113
1506
 1382666472.52292
1507
 1382666473.54146
1508
 1382666474.54952
1509
 1382666475.56791
1510
 1382666476.60881
1511
 1382666477.62184
1512
 1382666478.62221
1513
 1382666479.64851
1515
 1382666480.67574
1516
 1382666481.68878
1517
 1382666482.72332
1518
 1382666483.74307
1519
 1382666484.75278
1520
 1382666485.79592
1521
 1382666486.80054
1523
 1382666487.82725
1524
 1382666488.85511
1525
 1382666489.88333
1526
 1382666490.90913
1527
 1382666491.92477
1528
 1382666492.95718
1530
 1382666493.9755
1531
 1382666495.00122
1532
 1382666496.01287
1533
 1382666497.05035
1534
 1382666498.04791
1535
 1382666499.0823
1536
 1382666500.12225
1537
 1382666501.1293
1539
 1382666502.15781
1540
 1382666503.18976
1541
 1382666504.21995
1542
 1382666505.25851
1543
 1382666506.27468
1544
 1382666507.31255
1545
 1382666508.3086
1546
 1382666509.31818
1548
 1382666510.34331
1549
 1382666511.36032
1550
 1382666512.40013
1551
 1382666513.38572
1552
 1382666514.4047
1553
 1382666515.43611
1554
 1382666516.47476
1555
 1382666517.4805
1557
 1382666518.50313
1558
 1382666519.54568
1559
 1382666520.53579
1560
 1382666521.55251
1561
 1382666522.56712
1562
 1382666524.60713
1563
 1382666525.63976
1564
 1382666526.64658
1565
 1382666527.66737
1566
 1382666528.70265
1568
 1382666529.68789
1569
 1382666530.7233
1570
 1382666531.75403
1571
 1382666532.77883
1572
 1382666533.82707
1573
 1382666534.84611
1574
 1382666535.85079
1575
 1382666536.87866
1576
 1382666537.90261
1578
 1382666538.91988
1579
 1382666539.94166
1580
 1382666540.97033
1581
 1382666542.01167
1582
 1382666543.0449
1583
 1382666544.07819
1584
 1382666545.11015
1585
 1382666546.12224
1587
 1382666547.12754
1588
 1382666548.15184
1589
 1382666549.19037
1590
 1382666550.20002
1591
 1382666551.20752
1593
 1382666552.24426
1594
 1382666553.26201
1595
 1382666554.26663
1596
 1382666555.26241
1597
 1382666556.29496
1598
 1382666557.32856
1599
 1382666558.37818
1601
 1382666559.39202
1602
 1382666560.42303
1603
 1382666561.43438
1604
 1382666562.45849
1605
 1382666563.45457
1606
 1382666564.50603
1607
 1382666565.52131
1608
 1382666566.50864
1609
 1382666567.52079
1610
 1382666568.53451
1611
 1382666569.5639
1613
 1382666570.57996
1614
 1382666571.59219
1615
 1382666572.62562
1616
 1382666573.66173
1617
 1382666574.70242
1618
 1382666575.7396
1619
 1382666576.74019
1620
 1382666577.78589
1621
 1382666578.77833
1622
 1382666579.81246
1623
 1382666580.81776
1624
 1382666581.84462
1625
 1382666582.90035
1626
 1382666583.8869
1627
 1382666584.9118
1628
 1382666585.94895
1629
 1382666586.96038
1630
 1382666587.98129
1631
 1382666589.01581
1632
 1382666590.04416
1633
 1382666591.07862
1634
 1382666592.08118
1635
 1382666593.10388
1637
 1382666594.12182
1638
 1382666595.14377
1639
 1382666596.17606
1640
 1382666597.19137
1641
 1382666598.20009
1642
 1382666599.23227
1643
 1382666600.27431
1644
 1382666601.27617
1645
 1382666602.31019
1646
 1382666603.31752
1647
 1382666604.33231
1648
 1382666605.35953
1649
 1382666606.39953
1650
 1382666607.39116
1651
 1382666608.42421
1652
 1382666609.44316
1653
 1382666610.45117
1654
 1382666611.46371
1655
 1382666612.49248
1656
 1382666613.52128
1657
 1382666614.52118
1658
 1382666615.53636
1659
 1382666616.56785
1660
 1382666617.58595
1661
 1382666618.61122
1662
 1382666619.64377
1663
 1382666620.63145
1664
 1382666621.6507
1665
 1382666622.66485
1666
 1382666623.69891
1668
 1382666624.71531
1669
 1382666625.75336
1670
 1382666626.76709
1671
 1382666627.80031
1672
 1382666628.8104
1673
 1382666629.84545
1674
 1382666630.86406
1675
 1382666631.87515
1676
 1382666632.8889
1677
 1382666633.92667
1678
 1382666634.95467
1679
 1382666635.98533
1680
 1382666636.98257
1681
 1382666637.99178
1682
 1382666639.02301
1683
 1382666640.05352
1685
 1382666641.07493
1687
 1382666643.12049
1688
 1382666644.16181
1689
 1382666645.15973
1690
 1382666646.17649
1691
 1382666647.21161
1692
 1382666648.24181
1693
 1382666649.26914
1695
 1382666650.29851
1696
 1382666651.33096
1697
 1382666652.37009
1698
 1382666653.37399
1699
 1382666654.40361
1701
 1382666655.43634
1702
 1382666656.45495
1703
 1382666657.48509
1704
 1382666658.51364
1705
 1382666659.55449
1706
 1382666660.54217
1707
 1382666661.57941
1709
 1382666662.58375
1710
 1382666663.61974
1711
 1382666664.63534
1712
 1382666665.66748
1713
 1382666666.69074
1714
 1382666667.70877
1716
 1382666668.72542
1717
 1382666669.76989
1718
 1382666670.78076
1719
 1382666671.81406
1720
 1382666672.84678
1721
 1382666673.85496
1722
 1382666674.87187
1723
 1382666675.90322
1724
 1382666676.90897
1725
 1382666677.93797
1726
 1382666678.96872
1727
 1382666679.9758
1728
 1382666681.00355
1729
 1382666682.04356
1730
 1382666683.05166
1731
 1382666684.08277
1732
 1382666685.10824
1733
 1382666686.14216
1734
 1382666687.15363
1735
 1382666688.18828
1736
 1382666689.20558
1737
 1382666690.22446
1738
 1382666691.23814
1739
 1382666692.25956
1740
 1382666693.27046
1741
 1382666694.28781
1742
 1382666695.3182
1743
 1382666696.34558
1744
 1382666697.37476
1746
 1382666698.38993
1747
 1382666699.43137
1749
 1382666701.4528
1750
 1382666702.47947
1751
 1382666703.5224
1752
 1382666704.51411
1753
 1382666705.53089
1754
 1382666706.56314
1756
 1382666707.59736
1758
 1382666709.64767
1759
 1382666710.64248
1760
 1382666711.65801
1761
 1382666712.67124
1762
 1382666713.7099
1763
 1382666714.69767
1764
 1382666715.72331
1765
 1382666716.76009
1766
 1382666717.77007
1767
 1382666718.79416
1768
 1382666719.82675
1769
 1382666720.84755
1770
 1382666721.86408
1771
 1382666722.87765
1772
 1382666723.88918
1774
 1382666724.90311
1775
 1382666726.96401
1777
 1382666727.99677
1778
 1382666728.99521
1779
 1382666731.02303
1780
 1382666732.04045
1781
 1382666733.06828
1782
 1382666734.10595
1783
 1382666735.1478
1784
 1382666736.13147
1785
 1382666737.16418
1786
 1382666738.20881
1787
 1382666739.20273
1788
 1382666740.2312
1789
 1382666741.26026
1790
 1382666742.26722
1791
 1382666743.2891
1792
 1382666744.32842
1793
 1382666745.35089
1794
 1382666746.36061
1795
 1382666747.36855
1796
 1382666748.39287
1797
 1382666749.41184
1798
 1382666750.42556
1799
 1382666751.45485
1800
 1382666752.47953
1801
 1382666753.48421
1802
 1382666754.52155
1803
 1382666755.56175
1804
 1382666756.57668
1805
 1382666757.56699
1806
 1382666758.59669
1807
 1382666759.62906
1808
 1382666760.65974
1809
 1382666761.69188
1810
 1382666762.71606
1811
 1382666763.73878
1812
 1382666764.77375
1813
 1382666765.77569
1814
 1382666766.80238
1815
 1382666767.83771
1816
 1382666768.87765
1817
 1382666769.88175
1818
 1382666770.91709
1819
 1382666771.94713
1820
 1382666772.96373
1821
 1382666773.99513
1822
 1382666775.00548
1823
 1382666776.0469
1824
 1382666777.05064
1825
 1382666778.07509
1826
 1382666779.10923
1827
 1382666780.11482
1828
 1382666781.14748
1829
 1382666782.17462
1830
 1382666783.20918
1831
 1382666784.20859
1832
 1382666785.24166
1833
 1382666786.26165
1834
 1382666787.29476
1835
 1382666788.30708
1836
 1382666789.34326
1837
 1382666790.37171
1838
 1382666791.37894
1839
 1382666792.41873
1840
 1382666793.45621
1841
 1382666794.48941
1842
 1382666795.50995
1843
 1382666796.52989
1844
 1382666797.56583
1845
 1382666798.5799
1847
 1382666799.5992
1848
 1382666800.62805
1849
 1382666802.66446
1850
 1382666803.69739
1851
 1382666804.72122
1852
 1382666805.73171
1853
 1382666806.75689
1854
 1382666807.78733
1855
 1382666808.82441
1856
 1382666809.86146
1857
 1382666810.86772
1858
 1382666811.89841
1859
 1382666812.92762
1860
 1382666813.96178
1861
 1382666814.95743
1862
 1382666815.99215
1863
 1382666817.02796
1864
 1382666818.06286
1865
 1382666819.09693
1866
 1382666820.13288
1867
 1382666821.16619
1868
 1382666822.16085
1869
 1382666823.19261
1870
 1382666824.2213
1871
 1382666825.25411
1872
 1382666826.2785
1874
 1382666827.30163
1875
 1382666828.33966
1876
 1382666829.37378
1877
 1382666830.40729
1878
 1382666831.41298
1879
 1382666832.46036
1880
 1382666833.44516
1881
 1382666834.47586
1882
 1382666835.50546
1883
 1382666837.55384
1884
 1382666838.56875
1885
 1382666839.59788
1886
 1382666840.63375
1887
 1382666841.66882
1888
 1382666842.67257
1889
 1382666843.68246
1890
 1382666844.71919
1891
 1382666845.76507
1892
 1382666846.75212
1893
 1382666847.78562
1894
 1382666848.79075
1895
 1382666849.82337
1896
 1382666850.85225
1897
 1382666851.8609
1898
 1382666852.90571
1899
 1382666853.91363
1900
 1382666854.92556
1901
 1382666855.93353
1902
 1382666856.95026
1903
 1382666857.96195
1904
 1382666858.98614
1905
 1382666860.02114
1906
 1382666861.02513
1908
 1382666863.07653
1910
 1382666865.11569
1911
 1382666867.17915
1912
 1382666868.15947
1913
 1382666869.1782
1914
 1382666870.21251
1915
 1382666871.24404
1916
 1382666872.27063
1917
 1382666873.29874
1918
 1382666874.33506
1919
 1382666875.35644
1920
 1382666876.3795
1921
 1382666877.40948
1922
 1382666878.44488
1923
 1382666879.47735
1924
 1382666880.51146
1925
 1382666881.52717
1926
 1382666882.56342
1927
 1382666883.59426
1928
 1382666884.60817
1929
 1382666885.62743
1930
 1382666886.63543
1931
 1382666887.67137
1932
 1382666888.65708
1933
 1382666889.69235
1934
 1382666890.719
1936
 1382666892.77831
1937
 1382666893.79629
1938
 1382666895.84879
1939
 1382666896.86321
1940
 1382666897.89226
1941
 1382666898.92097
1942
 1382666899.95225
1943
 1382666900.98583
1944
 1382666901.99503
1945
 1382666903.00696
1946
 1382666904.02722
1947
 1382666905.0672
1948
 1382666906.0986
1949
 1382666907.1303
1950
 1382666908.147
1952
 1382666910.19867
1953
 1382666912.22911
1954
 1382666913.26443
1955
 1382666914.30139
1956
 1382666915.31447
1957
 1382666916.34437
1958
 1382666917.35994
1959
 1382666918.37961
1960
 1382666919.41687
1961
 1382666920.41826
1962
 1382666921.44413
1963
 1382666922.46056
1964
 1382666923.5001
1965
 1382666924.50358
1966
 1382666926.57454
1967
 1382666927.59645
1968
 1382666928.59808
1969
 1382666929.63012
1970
 1382666930.64978
1971
 1382666931.68177
1972
 1382666932.70939
1973
 1382666933.74144
1974
 1382666934.75834
1975
 1382666935.7652
1976
 1382666937.81195
1977
 1382666938.82667
1978
 1382666939.85197
1979
 1382666940.86078
1980
 1382666941.89696
1981
 1382666942.90826
1982
 1382666943.91934
1983
 1382666944.94884
1984
 1382666945.98101
1985
 1382666946.98915
1986
 1382666947.99378
1987
 1382666949.02431
1988
 1382666950.05903
1989
 1382666951.08692
1990
 1382666953.12113
1991
 1382666954.1556
1992
 1382666955.17557
1993
 1382666956.19151
1994
 1382666957.23196
1995
 1382666958.24017
1996
 1382666959.27606
1997
 1382666960.29268
1998
 1382666961.3259
1999
 1382666962.35353
2000
 1382666964.39944
2001
 1382666965.42549
2002
 1382666966.45313
2003
 1382666967.4854
2004
 1382666968.49001
2005
 1382666969.51351
2006
 1382666970.54687
2007
 1382666971.57387
2008
 1382666972.58849
2009
 1382666973.61671
2010
 1382666975.65857
2011
 1382666976.67308
2012
 1382666977.71389
2013
 1382666978.72042
2014
 1382666979.72572
2015
 1382666980.75136
2016
 1382666981.78937
2017
 1382666982.78525
2018
 1382666983.79826
2019
 1382666984.83704
2020
 1382666986.87922
2021
 1382666987.91427
2022
 1382666988.93813
2023
 1382666989.97207
2024
 1382666990.97271
2025
 1382666992.00963
2026
 1382666993.08196
2027
 1382666994.10281
2028
 1382666995.11587
2029
 1382666996.14055
2030
 1382666998.2124
2031
 1382666999.23232
2032
 1382667000.20829
2033
 1382667001.23383
2034
 1382667002.27063
2035
 1382667003.29999
2036
 1382667004.31526
2037
 1382667005.32588
2038
 1382667006.3349
2039
 1382667008.39287
2040
 1382667009.42701
2041
 1382667010.46393
2042
 1382667011.4766
2043
 1382667012.48908
2044
 1382667013.50294
2045
 1382667014.5234
2046
 1382667016.57314
2047
 1382667017.57991
2048
 1382667018.60303
2049
 1382667019.6196
2050
 1382667020.64406
2051
 1382667021.66545
2052
 1382667022.68557
2053
 1382667023.71348
2054
 1382667024.73176
2055
 1382667026.78741
2056
 1382667027.82356
2057
 1382667028.83351
2058
 1382667029.85852
2059
 1382667030.89625
2060
 1382667031.90425
2061
 1382667032.91519
2062
 1382667033.93952
2063
 1382667035.98262
2064
 1382667037.01297
2065
 1382667038.03684
2066
 1382667039.04372
2067
 1382667040.07305
2068
 1382667041.10504
2069
 1382667042.1446
2070
 1382667043.16964
2071
 1382667044.18977
2072
 1382667046.2177
2073
 1382667047.24876
2074
 1382667048.26921
2075
 1382667049.28669
2076
 1382667050.31255
2077
 1382667051.32167
2078
 1382667052.35419
2079
 1382667054.42467
2080
 1382667055.45534
2081
 1382667056.46865
2082
 1382667057.50219
2083
 1382667058.51836
2084
 1382667059.56103
2085
 1382667060.56787
2086
 1382667061.59069
2087
 1382667063.64426
2088
 1382667064.67085
2089
 1382667065.7056
2090
 1382667066.68827
2091
 1382667067.72633
2092
 1382667068.7419
2093
 1382667070.77998
2094
 1382667071.81435
2095
 1382667072.83764
2096
 1382667073.8487
2097
 1382667074.88535
2098
 1382667075.88969
2099
 1382667076.92772
2100
 1382667077.95602
2101
 1382667078.99737
2102
 1382667081.01413
2103
 1382667082.04672
2104
 1382667083.08461
2105
 1382667084.12468
2106
 1382667085.11096
2107
 1382667086.13955
2108
 1382667087.18037
2109
 1382667089.19253
2110
 1382667090.22656
2111
 1382667091.26274
2112
 1382667092.27684
2113
 1382667093.27317
2114
 1382667094.30674
2115
 1382667095.33438
2116
 1382667096.35131
2117
 1382667098.43009
2118
 1382667099.44112
2119
 1382667100.44843
2120
 1382667101.47435
2121
 1382667102.49841
2122
 1382667103.53605
2123
 1382667105.55364
2124
 1382667106.58691
2125
 1382667107.62224
2126
 1382667108.65647
2127
 1382667109.66725
2128
 1382667110.70257
2129
 1382667112.75966
2130
 1382667113.76616
2131
 1382667114.79421
2132
 1382667115.81546
2133
 1382667116.85033
2134
 1382667117.86101
2135
 1382667118.85779
2136
 1382667119.86873
2137
 1382667121.93524
2138
 1382667122.9499
2139
 1382667123.98762
2140
 1382667124.98431
2141
 1382667125.99626
2142
 1382667127.03056
2143
 1382667129.06492
2144
 1382667130.0982
2145
 1382667131.13347
2146
 1382667132.15237
2147
 1382667133.18171
2148
 1382667134.19503
2149
 1382667136.25446
2150
 1382667137.25174
2151
 1382667138.28445
2152
 1382667139.2945
2153
 1382667140.30679
2154
 1382667141.29352
2155
 1382667143.34287
2156
 1382667144.35744
2157
 1382667145.39332
2158
 1382667146.42223
2159
 1382667147.43095
2160
 1382667149.49063
2161
 1382667150.52311
2162
 1382667151.5531
2163
 1382667152.58377
2164
 1382667153.62207
2165
 1382667154.62788
2166
 1382667156.68277
2167
 1382667157.72138
2168
 1382667158.75209
2169
 1382667159.79537
2170
 1382667160.7965
2171
 1382667161.81302
2172
 1382667163.86868
2173
 1382667164.90279
2174
 1382667165.9369
2175
 1382667166.95889
2176
 1382667167.98488
2177
 1382667169.00251
2178
 1382667171.05089
2179
 1382667172.0854
2180
 1382667173.11886
2181
 1382667174.13975
2182
 1382667175.15133
2183
 1382667176.1817
2184
 1382667178.23726
2185
 1382667179.28446
2186
 1382667180.29248
2187
 1382667181.32904
2188
 1382667182.31814
2189
 1382667184.38432
2190
 1382667185.39934
2191
 1382667186.43314
2192
 1382667187.4628
2193
 1382667188.49932
2195
 1382667190.5124
2196
 1382667192.58782
2197
 1382667193.58821
2198
 1382667194.63342
2199
 1382667195.64053
2200
 1382667196.67052
2201
 1382667198.7083
2202
 1382667199.74198
2203
 1382667200.77525
2204
 1382667201.78727
2205
 1382667202.81822
2206
 1382667203.85586
2207
 1382667205.88691
2208
 1382667206.9172
2209
 1382667207.95516
2210
 1382667208.96263
2211
 1382667209.99176
2212
 1382667211.03039
2213
 1382667213.05571
2214
 1382667214.06675
2215
 1382667215.10142
2216
 1382667216.13808
2217
 1382667218.19633
2218
 1382667219.23766
2219
 1382667220.24775
2220
 1382667221.25359
2221
 1382667222.27047
2222
 1382667224.33754
2223
 1382667225.37432
2224
 1382667226.41143
2225
 1382667227.41459
2226
 1382667228.44834
2227
 1382667229.48198
2228
 1382667231.51701
2229
 1382667232.55273
2230
 1382667233.57217
2231
 1382667234.58255
2232
 1382667235.61047
2233
 1382667237.67513
2234
 1382667238.6952
2235
 1382667239.71856
2236
 1382667241.76332
2237
 1382667242.78777
2238
 1382667243.82362
2239
 1382667244.8531
2240
 1382667245.87483
2241
 1382667247.91807
2242
 1382667248.93086
2243
 1382667249.95383
2244
 1382667250.98136
2245
 1382667252.0175
2246
 1382667254.07799
2247
 1382667255.11056
2248
 1382667256.12601
2249
 1382667257.1588
2250
 1382667258.18721
2251
 1382667260.23416
2252
 1382667261.24743
2253
 1382667262.26195
2254
 1382667263.28322
2255
 1382667264.30524
2256
 1382667266.37438
2257
 1382667267.40045
2258
 1382667268.41486
2259
 1382667270.45209
2260
 1382667271.46771
2261
 1382667272.49854
2262
 1382667273.50429
2263
 1382667275.54703
2264
 1382667276.56341
2265
 1382667277.59647
2266
 1382667278.63023
2267
 1382667279.6642
2268
 1382667280.68563
2269
 1382667281.67894
2270
 1382667283.72831
2271
 1382667284.75922
2272
 1382667285.78806
2273
 1382667286.81492
2274
 1382667287.84127
2275
 1382667289.9176
2276
 1382667290.95414
2277
 1382667291.94966
2278
 1382667292.97635
2279
 1382667294.00801
2280
 1382667296.07155
2281
 1382667297.09148
2282
 1382667298.11279
2283
 1382667299.14733
2284
 1382667301.19328
2285
 1382667302.23082
2286
 1382667303.25037
2287
 1382667304.2847
2288
 1382667306.31356
2289
 1382667307.3511
2290
 1382667308.36239
2291
 1382667310.40656
2292
 1382667311.42203
2293
 1382667312.4302
2294
 1382667313.46868
2295
 1382667315.48241
2296
 1382667316.49343
2297
 1382667317.52432
2298
 1382667318.55685
2299
 1382667319.59851
2300
 1382667320.60004
2301
 1382667322.63358
2302
 1382667323.65574
2303
 1382667324.68657
2304
 1382667325.69632
2305
 1382667326.73218
2306
 1382667328.79672
2307
 1382667329.8299
2308
 1382667330.84716
2309
 1382667332.88251
2310
 1382667333.89919
2311
 1382667334.9366
2312
 1382667335.94088
2313
 1382667337.9814
2314
 1382667339.00907
2315
 1382667340.04562
2316
 1382667341.07651
2317
 1382667342.10046
2318
 1382667344.15832
2319
 1382667345.17226
2320
 1382667346.18963
2321
 1382667347.21454
2322
 1382667348.22874
2323
 1382667349.26171
2324
 1382667351.30342
2325
 1382667352.32646
2326
 1382667353.35199
2327
 1382667354.38472
2328
 1382667356.4228
2329
 1382667357.45636
2330
 1382667358.48183
2331
 1382667359.51444
2332
 1382667361.55731
2333
 1382667362.59246
2334
 1382667363.62362
2335
 1382667365.68834
2336
 1382667366.69362
2337
 1382667367.70146
2338
 1382667368.74086
2339
 1382667370.78308
2340
 1382667371.80353
2341
 1382667372.82127
2342
 1382667373.85292
2343
 1382667374.8843
2344
 1382667375.89464
2345
 1382667377.94564
2346
 1382667378.98848
2347
 1382667381.01082
2348
 1382667382.00555
2349
 1382667383.04573
2350
 1382667385.07033
2351
 1382667386.0809
2352
 1382667387.11382
2353
 1382667388.1408
2354
 1382667390.20268
2355
 1382667391.2084
2356
 1382667392.22279
2357
 1382667393.25307
2358
 1382667394.27418
2359
 1382667396.32559
2360
 1382667397.35076
2361
 1382667398.37644
2362
 1382667399.39373
2363
 1382667401.43549
2364
 1382667402.46393
2365
 1382667404.5065
2366
 1382667405.51819
2367
 1382667407.56226
2368
 1382667408.57938
2369
 1382667409.6247
2370
 1382667411.63439
2371
 1382667412.66047
2372
 1382667414.71372
2373
 1382667415.72658
2374
 1382667416.7665
2375
 1382667418.82255
2376
 1382667420.83097
2377
 1382667421.85962
2378
 1382667422.89764
2379
 1382667424.96152
2380
 1382667427.00499
2381
 1382667428.0426
2382
 1382667429.04825
2383
 1382667430.06646
2384
 1382667432.12524
2385
 1382667433.16337
2386
 1382667434.15119
2387
 1382667435.16983
2388
 1382667437.22177
2389
 1382667438.23485
2390
 1382667439.23787
2391
 1382667440.27256
2392
 1382667442.32771
2393
 1382667443.33637
2394
 1382667444.35004
2395
 1382667445.37551
2396
 1382667447.43896
2397
 1382667448.4729
2398
 1382667449.49123
2399
 1382667450.47327
2400
 1382667452.54322
2401
 1382667453.54765
2402
 1382667454.58576
2403
 1382667455.62321
2404
 1382667457.67122
2405
 1382667458.68251
2406
 1382667459.71011
2407
 1382667460.72135
2408
 1382667462.78407
2409
 1382667463.79577
2410
 1382667464.80119
2411
 1382667466.85511
2412
 1382667467.88551
2413
 1382667468.91964
2414
 1382667469.96047
2415
 1382667471.99271
2416
 1382667472.98292
2417
 1382667474.00416
2418
 1382667475.03933
2419
 1382667477.08359
2420
 1382667478.10489
2421
 1382667479.13747
2422
 1382667481.18088
2423
 1382667482.19831
2424
 1382667483.21358
2425
 1382667484.24294
2426
 1382667486.29128
2427
 1382667487.32747
2428
 1382667488.35556
2429
 1382667489.36832
2430
 1382667491.42943
2431
 1382667492.46491
2432
 1382667493.46229
2433
 1382667495.52023
2434
 1382667496.55941
2435
 1382667497.56818
2436
 1382667498.597
2437
 1382667500.63962
2438
 1382667501.65641
2439
 1382667502.69487
2440
 1382667504.7342
2441
 1382667505.76635
2442
 1382667506.79494
2443
 1382667508.83768
2444
 1382667509.86622
2445
 1382667510.86582
2446
 1382667512.91969
2447
 1382667513.94868
2448
 1382667514.97603
2449
 1382667516.00692
2450
 1382667518.05794
2451
 1382667519.08437
2452
 1382667520.12556
2453
 1382667522.15381
2454
 1382667523.16151
2455
 1382667524.18052
2456
 1382667526.19237
2457
 1382667527.22775
2458
 1382667528.25792
2459
 1382667529.28118
2460
 1382667531.30969
2461
 1382667532.32722
2462
 1382667534.3866
2463
 1382667535.39903
2464
 1382667536.43501
2465
 1382667537.46364
2466
 1382667539.51833
2467
 1382667540.53202
2468
 1382667541.5517
2469
 1382667543.58153
2470
 1382667544.59322
2471
 1382667545.63461
2472
 1382667547.65494
2473
 1382667548.69127
2474
 1382667549.7133
2475
 1382667550.75008
2476
 1382667552.79155
2477
 1382667553.8204
2478
 1382667554.83694
2479
 1382667556.88866
2480
 1382667557.90676
2481
 1382667558.9295
2482
 1382667560.98391
2483
 1382667562.00097
2484
 1382667564.0589
2485
 1382667565.09745
2486
 1382667566.11545
2487
 1382667568.17588
2488
 1382667569.21114
2489
 1382667570.24233
2490
 1382667571.27433
2491
 1382667573.32251
2492
 1382667574.3614
2493
 1382667576.39111
2494
 1382667577.41684
2495
 1382667578.43921
2496
 1382667579.47712
2497
 1382667581.50071
2498
 1382667582.52413
2499
 1382667583.56097
2500
 1382667584.57814
2501
 1382667586.6594
2502
 1382667587.69762
2503
 1382667588.70825
2504
 1382667590.76724
2505
 1382667591.80601
2506
 1382667592.81965
2507
 1382667594.86928
2508
 1382667595.89449
2509
 1382667596.92249
2510
 1382667598.9665
2511
 1382667599.99337
2512
 1382667602.06182
2513
 1382667603.06796
2514
 1382667604.09119
2515
 1382667605.12491
2516
 1382667607.15726
2517
 1382667608.18879
2518
 1382667610.22439
2519
 1382667611.237
2520
 1382667612.25124
2521
 1382667613.29824
2522
 1382667615.30019
2523
 1382667616.31899
2524
 1382667617.3611
2525
 1382667619.37476
2526
 1382667620.40196
2527
 1382667621.4272
2528
 1382667623.50236
2529
 1382667624.52515
2530
 1382667625.54494
2531
 1382667627.61799
2532
 1382667628.62954
2533
 1382667629.65739
2534
 1382667631.73492
2535
 1382667632.76261
2536
 1382667633.7828
2537
 1382667635.82924
2538
 1382667636.84697
2539
 1382667637.86477
2540
 1382667639.92548
2541
 1382667640.94937
2542
 1382667641.97809
2543
 1382667644.02337
2544
 1382667645.03503
2545
 1382667646.07811
2546
 1382667648.11597
2547
 1382667649.13267
2548
 1382667650.16936
2549
 1382667652.20424
2550
 1382667653.255
2551
 1382667654.25779
2552
 1382667656.31735
2553
 1382667657.33698
2554
 1382667659.38637
2555
 1382667660.41767
2556
 1382667661.43977
2557
 1382667662.47719
2558
 1382667664.5158
2559
 1382667665.54955
2560
 1382667667.65519
2561
 1382667668.67401
2562
 1382667670.7028
2563
 1382667671.72541
2564
 1382667672.76538
2565
 1382667674.80761
2566
 1382667675.81554
2567
 1382667676.85969
2568
 1382667678.88017
2569
 1382667679.90911
2570
 1382667680.9394
2571
 1382667682.98477
2572
 1382667683.99166
2573
 1382667685.02136
2574
 1382667687.06984
2575
 1382667688.11822
2576
 1382667690.12448
2577
 1382667691.1478
2578
 1382667692.19117
2579
 1382667694.22407
2580
 1382667695.25514
2581
 1382667696.2741
2582
 1382667698.34526
2583
 1382667699.36861
2584
 1382667700.39285
2585
 1382667702.44459
2586
 1382667703.45076
2587
 1382667704.48761
2588
 1382667706.55108
2589
 1382667707.58742
2590
 1382667709.63898
2591
 1382667710.6592
2592
 1382667712.69392
2593
 1382667713.72413
2594
 1382667714.76302
2595
 1382667715.76369
2596
 1382667717.81606
2597
 1382667718.85129
2598
 1382667720.9163
2599
 1382667721.91434
2600
 1382667722.9276
2601
 1382667724.98142
2602
 1382667725.97146
2603
 1382667728.00671
2604
 1382667729.02348
2605
 1382667730.051
2606
 1382667732.09169
2607
 1382667733.13386
2608
 1382667734.13131
2609
 1382667735.15276
2610
 1382667737.19574
2611
 1382667738.23976
2612
 1382667740.26981
2613
 1382667741.30371
2614
 1382667743.31015
2615
 1382667744.33546
2616
 1382667745.36645
2617
 1382667747.37333
2618
 1382667748.3824
2619
 1382667750.42164
2620
 1382667751.45487
2621
 1382667753.49471
2622
 1382667754.52183
2623
 1382667755.59313
2624
 1382667756.59415
2625
 1382667758.62517
2626
 1382667759.65578
2627
 1382667760.69115
2628
 1382667762.73107
2629
 1382667763.75993
2630
 1382667765.79934
2631
 1382667766.82632
2632
 1382667768.88018
2633
 1382667769.88617
2634
 1382667771.94181
2635
 1382667772.96723
2636
 1382667774.0002
2637
 1382667776.05537
2638
 1382667777.09432
2639
 1382667779.15744
2640
 1382667780.1724
2641
 1382667782.21663
2642
 1382667783.24702
2643
 1382667784.24975
2644
 1382667786.32069
2645
 1382667787.3578
2646
 1382667789.37744
2647
 1382667790.40989
2648
 1382667791.44853
2649
 1382667793.47508
2650
 1382667794.49511
2651
 1382667796.55236
2652
 1382667797.59126
2653
 1382667798.61735
2654
 1382667800.64143
2655
 1382667801.68297
2656
 1382667802.71912
2657
 1382667804.75012
2658
 1382667805.76702
2659
 1382667807.83464
2660
 1382667808.85006
2661
 1382667810.89
2662
 1382667811.90544
2663
 1382667813.97115
2664
 1382667814.9883
2665
 1382667816.02202
2666
 1382667817.01563
2667
 1382667819.06185
2668
 1382667820.08034
2669
 1382667822.12605
2670
 1382667823.14499
2671
 1382667825.18678
2672
 1382667826.22351
2673
 1382667827.21134
2674
 1382667829.26818
2675
 1382667830.30714
2676
 1382667832.35087
2677
 1382667833.37502
2678
 1382667834.40903
2679
 1382667836.45385
2680
 1382667837.48927
2681
 1382667838.5304
2682
 1382667840.55728
2683
 1382667841.58594
2684
 1382667843.61968
2685
 1382667844.63346
2686
 1382667846.70579
2687
 1382667847.72552
2688
 1382667848.75468
2689
 1382667850.79559
2690
 1382667851.82526
2691
 1382667853.89556
2692
 1382667854.89381
2693
 1382667855.94177
2694
 1382667857.96266
2695
 1382667858.97798
2696
 1382667861.01974
2697
 1382667862.04838
2698
 1382667864.07455
2699
 1382667865.10369
2700
 1382667867.13951
2701
 1382667868.16532
2702
 1382667870.24092
2703
 1382667871.2532
2704
 1382667872.26935
2705
 1382667874.32788
2706
 1382667875.31214
2707
 1382667877.3792
2708
 1382667878.61658
2709
 1382667879.64501
2710
 1382667880.67687
2711
 1382667882.73314
2712
 1382667883.72785
2713
 1382667884.75871
2714
 1382667886.78752
2715
 1382667887.82836
2716
 1382667889.85392
2717
 1382667890.86527
2718
 1382667892.93025
2719
 1382667893.96024
2720
 1382667895.99891
2721
 1382667897.0334
2722
 1382667899.05202
2723
 1382667900.07655
2724
 1382667902.11522
2725
 1382667903.14489
2726
 1382667905.19762
2727
 1382667906.2146
2728
 1382667907.24675
2729
 1382667909.28323
2730
 1382667910.30623
2731
 1382667912.37288
2732
 1382667913.39181
2733
 1382667914.41963
2734
 1382667916.47365
2735
 1382667917.50871
2736
 1382667918.52538
2737
 1382667920.58088
2738
 1382667921.599
2739
 1382667923.63845
2740
 1382667924.66841
2741
 1382667926.71131
2742
 1382667927.74508
2743
 1382667929.79978
2744
 1382667930.83169
2745
 1382667932.88539
2746
 1382667933.88925
2747
 1382667935.9374
2748
 1382667936.96935
2749
 1382667937.99574
2750
 1382667940.03334
2751
 1382667941.07275
2752
 1382667943.08127
2753
 1382667944.0892
2754
 1382667946.15231
2755
 1382667947.18831
2756
 1382667948.21257
2757
 1382667950.24794
2758
 1382667951.28539
2759
 1382667953.32435
2760
 1382667954.35191
2761
 1382667956.42096
2762
 1382667957.45217
2763
 1382667958.47599
2764
 1382667960.51809
2765
 1382667962.56838
2766
 1382667963.60257
2767
 1382667964.63089
2768
 1382667966.67921
2769
 1382667967.71616
2770
 1382667968.73265
2771
 1382667970.77193
2772
 1382667971.80514
2773
 1382667972.82673
2774
 1382667974.87254
2775
 1382667976.93194
2776
 1382667977.94096
2777
 1382667978.97906
2778
 1382667981.05568
2779
 1382667982.04743
2780
 1382667984.1169
2781
 1382667985.11017
2782
 1382667987.15926
2783
 1382667988.1774
2784
 1382667990.19928
2785
 1382667991.22336
2786
 1382667992.24364
2787
 1382667994.30203
2788
 1382667995.31129
2789
 1382667997.36358
2790
 1382667998.40323
2791
 1382668000.67277
2792
 1382668001.69777
2793
 1382668002.72141
2794
 1382668004.76154
2795
 1382668005.77482
2796
 1382668007.8207
2797
 1382668008.84472
2798
 1382668010.88791
2799
 1382668011.92366
2800
 1382668012.96179
2801
 1382668015.00848
2802
 1382668017.05131
2803
 1382668018.03068
2804
 1382668019.10643
2805
 1382668021.18808
2806
 1382668022.18733
2807
 1382668023.2162
2808
 1382668025.29275
2809
 1382668026.28615
2810
 1382668028.34253
2811
 1382668029.3668
2812
 1382668030.40009
2813
 1382668032.44185
2814
 1382668034.49552
2815
 1382668035.53972
2816
 1382668037.58378
2817
 1382668038.59881
2818
 1382668040.60688
2819
 1382668041.6417
2820
 1382668043.64362
2821
 1382668044.66104
2822
 1382668045.6931
2823
 1382668047.75256
2824
 1382668049.78714
2825
 1382668050.81325
2826
 1382668052.84479
2827
 1382668053.8934
2828
 1382668054.87938
2829
 1382668056.95262
2830
 1382668057.97624
2831
 1382668060.01732
2832
 1382668061.05009
2833
 1382668063.084
2834
 1382668065.11876
2835
 1382668066.16172
2836
 1382668067.16553
2837
 1382668069.20871
2838
 1382668070.23521
2839
 1382668072.30858
2840
 1382668074.31046
2841
 1382668075.3494
2842
 1382668076.35981
2843
 1382668078.40256
2844
 1382668080.46192
2845
 1382668081.44667
2846
 1382668082.48197
2847
 1382668084.54037
2848
 1382668085.57444
2849
 1382668087.60394
2850
 1382668088.63242
2851
 1382668090.68309
2852
 1382668091.71729
2853
 1382668093.75861
2854
 1382668094.78586
2855
 1382668096.83208
2856
 1382668097.87441
2857
 1382668098.86192
2858
 1382668100.92339
2859
 1382668101.95254
2860
 1382668104.00907
2861
 1382668105.03507
2862
 1382668107.08237
2863
 1382668108.11666
2864
 1382668110.14655
2865
 1382668111.18154
2866
 1382668113.24887
2867
 1382668114.27927
2868
 1382668116.33127
2869
 1382668117.34637
2870
 1382668119.37371
2871
 1382668120.40514
2872
 1382668122.45695
2873
 1382668123.49813
2874
 1382668125.53916
2875
 1382668126.56516
2876
 1382668127.58582
2877
 1382668129.63863
2878
 1382668130.64282
2879
 1382668132.71597
2880
 1382668133.75109
2881
 1382668135.82666
2882
 1382668136.81832
2883
 1382668138.86458
2884
 1382668140.90611
2885
 1382668141.94203
2886
 1382668142.94248
2887
 1382668145.00949
2888
 1382668146.02581
2889
 1382668147.05521
2890
 1382668149.10129
2891
 1382668151.16182
2892
 1382668153.19161
2893
 1382668154.1878
2894
 1382668156.22319
2895
 1382668157.24947
2896
 1382668159.29821
2897
 1382668160.33949
2898
 1382668162.37877
2899
 1382668163.41876
2900
 1382668165.48894
2901
 1382668166.47862
2902
 1382668168.52748
2903
 1382668169.5637
2904
 1382668171.59294
2905
 1382668173.63499
2906
 1382668174.65168
2907
 1382668176.70679
2908
 1382668177.69893
2909
 1382668179.77514
2910
 1382668180.78872
2911
 1382668181.82336
2912
 1382668183.88462
2913
 1382668185.94386
2914
 1382668186.97962
2915
 1382668187.97029
2916
 1382668190.03806
2917
 1382668191.05257
2918
 1382668193.10816
2919
 1382668194.14001
2920
 1382668196.19196
2921
 1382668197.20915
2922
 1382668199.26711
2923
 1382668201.29727
2924
 1382668202.33236
2925
 1382668204.38791
2926
 1382668205.42125
2927
 1382668206.45637
2928
 1382668208.5316
2929
 1382668209.54514
2930
 1382668211.61054
2931
 1382668212.6273
2932
 1382668214.67788
2933
 1382668215.70939
2934
 1382668217.74737
2935
 1382668218.79468
2936
 1382668219.84687
2937
 1382668221.9094
2938
 1382668223.96836
2939
 1382668224.98036
2940
 1382668227.00375
2941
 1382668227.99097
2942
 1382668230.06272
2943
 1382668231.09146
2944
 1382668233.12565
2945
 1382668234.14196
2946
 1382668236.17975
2947
 1382668237.21107
2948
 1382668239.26096
2949
 1382668240.26759
2950
 1382668242.31631
2951
 1382668243.33795
2952
 1382668245.39836
2953
 1382668246.40107
2954
 1382668248.45876
2955
 1382668249.47803
2956
 1382668251.54287
2957
 1382668252.55725
2958
 1382668254.6319
2959
 1382668255.66375
2960
 1382668257.71936
2961
 1382668258.73404
2962
 1382668260.83701
2963
 1382668262.85249
2964
 1382668263.87734
2965
 1382668264.90197
2966
 1382668266.98367
2967
 1382668267.9735
2968
 1382668270.01183
2969
 1382668271.04541
2970
 1382668273.12532
2971
 1382668274.12136
2972
 1382668276.18771
2973
 1382668277.21139
2974
 1382668279.26455
2975
 1382668280.2644
2976
 1382668282.30896
2977
 1382668283.35693
2978
 1382668285.39555
2979
 1382668286.42568
2980
 1382668287.46695
2981
 1382668289.51875
2982
 1382668290.54493
2983
 1382668292.63593
2984
 1382668293.65297
2985
 1382668294.68343
2986
 1382668296.73429
2987
 1382668298.78874
2988
 1382668299.8188
2989
 1382668300.82908
2990
 1382668302.88308
2991
 1382668303.90857
2992
 1382668305.97461
2993
 1382668306.99955
2994
 1382668309.04079
2995
 1382668310.04829
2996
 1382668312.09184
2997
 1382668314.12864
2998
 1382668315.15704
2999
 1382668317.21837
3000
 1382668318.2138
3001
 1382668319.23365
3002
 1382668321.28977
3003
 1382668322.31925
3004
 1382668324.3795
3005
 1382668325.3948
3006
 1382668327.44033
3007
 1382668328.46446
3008
 1382668329.48104
3009
 1382668331.52535
3010
 1382668332.54544
3011
 1382668334.6128
3012
 1382668335.63562
3013
 1382668336.66351
3014
 1382668338.72036
3015
 1382668339.72514
3016
 1382668341.76352
3017
 1382668342.79844
3018
 1382668343.83386
3019
 1382668345.87737
3020
 1382668347.94681
3021
 1382668348.93283
3022
 1382668350.98361
3023
 1382668352.00901
3024
 1382668354.06323
3025
 1382668356.1157
3026
 1382668357.12837
3027
 1382668358.15706
3028
 1382668360.19938
3029
 1382668361.21477
3030
 1382668363.26914
3031
 1382668364.30867
3032
 1382668366.34253
3033
 1382668367.3727
3034
 1382668369.42393
3035
 1382668370.42635
3036
 1382668372.4961
3037
 1382668373.50862
3038
 1382668375.57298
3039
 1382668376.88055
3040
 1382668378.12115
3041
 1382668380.14076
3042
 1382668382.18763
3043
 1382668383.21732
3044
 1382668384.24482
3045
 1382668385.26401
3046
 1382668387.31924
3047
 1382668388.3547
3048
 1382668390.42535
3049
 1382668391.46012
3050
 1382668393.507
3051
 1382668394.5378
3052
 1382668396.58664
3053
 1382668397.62413
3054
 1382668399.62061
3055
 1382668400.66712
3056
 1382668402.69327
3057
 1382668403.70378
3058
 1382668405.76401
3059
 1382668406.80717
3060
 1382668408.84163
3061
 1382668409.84568
3062
 1382668411.90475
3063
 1382668412.90805
3064
 1382668414.95419
3065
 1382668415.98308
3066
 1382668418.04543
3067
 1382668419.06792
3068
 1382668421.14459
3069
 1382668422.15829
3070
 1382668424.21974
3071
 1382668425.25063
3072
 1382668427.27508
3073
 1382668428.30974
3074
 1382668430.33697
3075
 1382668431.359
3076
 1382668433.42903
3077
 1382668434.44833
3078
 1382668436.50129
3079
 1382668437.5467
3080
 1382668439.59976
3081
 1382668440.60622
3082
 1382668442.65438
3083
 1382668444.68906
3084
 1382668445.71631
3085
 1382668447.77946
3086
 1382668448.80387
3087
 1382668450.86186
3088
 1382668451.88632
3089
 1382668453.93592
3090
 1382668454.94734
3091
 1382668455.99305
3092
 1382668458.00642
3093
 1382668459.04382
3094
 1382668461.0552
3095
 1382668462.07023
3096
 1382668464.13994
3097
 1382668465.14308
3098
 1382668467.2122
3099
 1382668468.2434
3100
 1382668470.25173
3101
 1382668471.27423
3102
 1382668473.3247
3103
 1382668474.34847
3104
 1382668476.40509
3105
 1382668478.48708
3106
 1382668479.48258
3107
 1382668480.5232
3108
 1382668482.60921
3109
 1382668483.61765
3110
 1382668485.68906
3111
 1382668486.71891
3112
 1382668488.76395
3113
 1382668489.78659
3114
 1382668491.83601
3115
 1382668493.88642
3116
 1382668494.92263
3117
 1382668495.94674
3118
 1382668498.05314
3119
 1382668499.06523
3120
 1382668501.14132
3121
 1382668503.18462
3122
 1382668504.23029
3123
 1382668506.28558
3124
 1382668507.31645
3125
 1382668509.36458
3126
 1382668510.39339
3127
 1382668511.40837
3128
 1382668513.44597
3129
 1382668515.49965
3130
 1382668516.51951
3131
 1382668518.57598
3132
 1382668519.57837
3133
 1382668521.62149
3134
 1382668523.68772
3135
 1382668524.72511
3136
 1382668526.78398
3137
 1382668527.80549
3138
 1382668528.83428
3139
 1382668530.90406
3140
 1382668531.91481
3141
 1382668533.96426
3142
 1382668535.00488
3143
 1382668537.07591
3144
 1382668538.08813
3145
 1382668540.15428
3146
 1382668541.18951
3147
 1382668543.248
3148
 1382668544.27849
3149
 1382668546.33227
3150
 1382668547.36324
3151
 1382668549.41166
3152
 1382668550.44479
3153
 1382668552.49495
3154
 1382668554.54
3155
 1382668555.55452
3156
 1382668557.61899
3157
 1382668558.63402
3158
 1382668560.68812
3159
 1382668562.71969
3160
 1382668563.74434
3161
 1382668564.78398
3162
 1382668566.81883
3163
 1382668567.84528
3164
 1382668569.89451
3165
 1382668571.95429
3166
 1382668573.00196
3167
 1382668573.9921
3168
 1382668576.05325
3169
 1382668578.11361
3170
 1382668579.1508
3171
 1382668581.19762
3172
 1382668582.23402
3173
 1382668584.27277
3174
 1382668585.31327
3175
 1382668587.36342
3176
 1382668589.41979
3177
 1382668590.43475
3178
 1382668591.4732
3179
 1382668593.52014
3180
 1382668594.55072
3181
 1382668596.62024
3182
 1382668598.68063
3183
 1382668599.70992
3184
 1382668601.77621
3185
 1382668602.78768
3186
 1382668603.82867
3187
 1382668605.87043
3188
 1382668607.94749
3189
 1382668608.95248
3190
 1382668611.0041
3191
 1382668612.03583
3192
 1382668614.09715
3193
 1382668615.08525
3194
 1382668617.15112
3195
 1382668619.19816
3196
 1382668620.26496
3197
 1382668622.28707
3198
 1382668623.29799
3199
 1382668625.3549
3200
 1382668626.384
3201
 1382668628.44658
3202
 1382668629.45032
3203
 1382668631.49455
3204
 1382668632.5268
3205
 1382668634.60985
3206
 1382668636.64879
3207
 1382668637.67203
3208
 1382668638.70256
3209
 1382668640.73803
3210
 1382668641.77436
3211
 1382668643.80537
3212
 1382668645.83539
3213
 1382668646.87108
3214
 1382668648.92772
3215
 1382668649.9172
3216
 1382668651.94793
3217
 1382668654.01802
3218
 1382668655.05481
3219
 1382668657.1021
3220
 1382668658.13899
3221
 1382668660.20635
3222
 1382668661.23633
3223
 1382668663.30103
3224
 1382668664.32576
3225
 1382668666.39719
3226
 1382668668.4235
3227
 1382668669.45289
3228
 1382668671.49374
3229
 1382668672.52112
3230
 1382668674.5977
3231
 1382668675.60638
3232
 1382668677.66554
3233
 1382668679.67836
3234
 1382668680.70234
3235
 1382668682.76877
3236
 1382668683.79059
3237
 1382668685.86035
3238
 1382668686.86048
3239
 1382668688.90952
3240
 1382668689.92927
3241
 1382668691.99172
3242
 1382668694.03906
3243
 1382668695.06878
3244
 1382668697.14866
3245
 1382668698.17221
3246
 1382668700.2378
3247
 1382668701.26481
3248
 1382668703.33272
3249
 1382668704.36994
3250
 1382668706.41589
3251
 1382668708.47632
3252
 1382668709.50118
3253
 1382668711.56758
3254
 1382668712.60467
3255
 1382668714.66617
3256
 1382668715.71381
3257
 1382668717.74072
3258
 1382668719.77754
3259
 1382668720.81836
3260
 1382668722.85405
3261
 1382668723.87268
3262
 1382668725.90193
3263
 1382668726.94169
3264
 1382668728.96108
3265
 1382668731.02468
3266
 1382668732.06047
3267
 1382668733.1006
3268
 1382668735.16359
3269
 1382668737.23132
3270
 1382668739.27784
3271
 1382668740.31485
3272
 1382668742.32402
3273
 1382668743.34948
3274
 1382668745.39819
3275
 1382668746.42214
3276
 1382668748.47333
3277
 1382668749.51649
3278
 1382668751.58502
3279
 1382668752.61264
3280
 1382668754.67954
3281
 1382668756.73276
3282
 1382668757.75727
3283
 1382668759.81193
3284
 1382668761.87576
3285
 1382668762.89441
3286
 1382668764.93596
3287
 1382668765.96736
3288
 1382668768.03472
3289
 1382668769.0698
3290
 1382668771.11564
3291
 1382668772.14962
3292
 1382668774.19356
3293
 1382668776.2394
3294
 1382668777.26202
3295
 1382668779.28645
3296
 1382668781.36172
3297
 1382668782.37222
3298
 1382668784.40385
3299
 1382668785.44555
3300
 1382668787.48476
3301
 1382668789.53205
3302
 1382668790.57411
3303
 1382668792.63572
3304
 1382668794.71319
3305
 1382668795.71029
3306
 1382668797.77762
3307
 1382668798.81329
3308
 1382668800.83879
3309
 1382668801.87796
3310
 1382668803.90268
3311
 1382668805.93795
3312
 1382668806.98133
3313
 1382668808.99106
3314
 1382668811.03892
3315
 1382668812.07681
3316
 1382668814.10622
3317
 1382668816.17252
3318
 1382668818.22648
3319
 1382668819.25472
3320
 1382668821.30901
3321
 1382668822.31183
3322
 1382668824.37319
3323
 1382668825.40714
3324
 1382668826.44473
3325
 1382668828.51637
3326
 1382668830.5265
3327
 1382668831.55205
3328
 1382668833.60697
3329
 1382668835.62094
3330
 1382668836.65085
3331
 1382668838.69577
3332
 1382668840.74345
3333
 1382668841.78044
3334
 1382668843.83968
3335
 1382668844.86567
3336
 1382668846.92612
3337
 1382668848.95935
3338
 1382668849.99053
3339
 1382668851.01149
3340
 1382668853.07954
3341
 1382668855.12001
3342
 1382668856.13854
3343
 1382668858.18477
3344
 1382668859.21261
3345
 1382668861.27187
3346
 1382668863.29289
3347
 1382668864.30727
3348
 1382668866.36075
3349
 1382668867.37684
3350
 1382668869.42454
3351
 1382668871.46271
3352
 1382668872.50506
3353
 1382668874.52991
3354
 1382668875.53447
3355
 1382668877.58381
3356
 1382668879.65384
3357
 1382668880.67045
3358
 1382668882.69328
3359
 1382668884.75651
3360
 1382668885.77585
3361
 1382668887.82483
3362
 1382668889.88247
3363
 1382668890.87112
3364
 1382668892.94977
3365
 1382668893.93475
3366
 1382668895.99989
3367
 1382668898.0446
3368
 1382668899.0556
3369
 1382668901.12341
3370
 1382668902.14863
3371
 1382668904.20212
3372
 1382668906.26969
3373
 1382668907.30113
3374
 1382668909.34078
3375
 1382668910.37973
3376
 1382668912.41045
3377
 1382668914.46022
3378
 1382668915.48296
3379
 1382668917.55065
3380
 1382668919.5956
3381
 1382668920.6173
3382
 1382668922.67772
3383
 1382668923.69301
3384
 1382668925.76521
3385
 1382668927.80989
3386
 1382668928.83678
3387
 1382668930.87706
3388
 1382668931.89803
3389
 1382668933.95481
3390
 1382668936.01639
3391
 1382668937.05247
3392
 1382668939.10941
3393
 1382668941.16723
3394
 1382668942.2168
3395
 1382668944.25481
3396
 1382668945.24266
3397
 1382668947.29685
3398
 1382668949.34297
3399
 1382668950.37531
3400
 1382668952.43046
3401
 1382668954.48782
3402
 1382668956.53885
3403
 1382668957.57319
3404
 1382668959.65748
3405
 1382668960.67311
3406
 1382668962.72181
3407
 1382668964.76309
3408
 1382668965.7854
3409
 1382668967.8448
3410
 1382668968.87226
3411
 1382668970.92412
3412
 1382668971.93988
3413
 1382668973.97554
3414
 1382668976.02087
3415
 1382668977.04535
3416
 1382668979.10486
3417
 1382668981.13351
3418
 1382668982.17678
3419
 1382668984.24421
3420
 1382668985.25482
3421
 1382668987.2806
3422
 1382668989.34057
3423
 1382668990.35525
3424
 1382668992.4006
3425
 1382668993.41724
3426
 1382668995.47242
3427
 1382668996.50252
3428
 1382668998.55317
3429
 1382669000.62875
3430
 1382669001.62437
3431
 1382669003.68592
3432
 1382669005.70092
3433
 1382669007.76709
3434
 1382669009.8129
3435
 1382669010.8529
3436
 1382669012.89394
3437
 1382669013.91226
3438
 1382669015.94341
3439
 1382669016.96094
3440
 1382669019.04114
3441
 1382669021.11198
3442
 1382669023.16498
3443
 1382669024.18485
3444
 1382669026.24435
3445
 1382669027.27743
3446
 1382669029.31458
3447
 1382669031.35424
3448
 1382669032.34434
3449
 1382669034.38735
3450
 1382669036.43096
3451
 1382669037.44366
3452
 1382669039.50121
3453
 1382669041.53811
3454
 1382669042.58193
3455
 1382669044.58382
3456
 1382669046.63707
3457
 1382669047.66834
3458
 1382669049.71961
3459
 1382669051.76995
3460
 1382669052.80372
3461
 1382669054.86911
3462
 1382669056.94722
3463
 1382669057.96126
3464
 1382669059.99863
3465
 1382669062.03374
3466
 1382669063.07277
3467
 1382669065.09156
3468
 1382669066.12235
3469
 1382669068.17722
3470
 1382669070.22972
3471
 1382669072.27198
3472
 1382669073.28929
3473
 1382669075.35381
3474
 1382669077.40704
3475
 1382669079.46241
3476
 1382669080.50125
3477
 1382669082.58577
3478
 1382669084.62873
3479
 1382669085.65383
3480
 1382669087.68059
3481
 1382669089.75901
3482
 1382669090.7783
3483
 1382669092.84117
3484
 1382669093.87072
3485
 1382669095.92148
3486
 1382669096.95659
3487
 1382669098.99305
3488
 1382669100.00743
3489
 1382669102.07906
3490
 1382669104.1267
3491
 1382669106.18845
3492
 1382669107.21566
3493
 1382669109.27247
3494
 1382669111.31981
3495
 1382669112.34509
3496
 1382669114.39031
3497
 1382669116.43469
3498
 1382669118.50103
3499
 1382669119.49143
3500
 1382669121.54264
3501
 1382669122.56506
3502
 1382669124.59548
3503
 1382669126.64599
3504
 1382669127.66536
3505
 1382669129.72707
3506
 1382669131.76616
3507
 1382669132.80194
3508
 1382669134.84353
3509
 1382669136.8957
3510
 1382669138.95193
3511
 1382669140.0127
3512
 1382669142.02046
3513
 1382669143.05728
3514
 1382669145.10023
3515
 1382669147.15447
3516
 1382669149.20718
3517
 1382669150.25439
3518
 1382669152.28538
3519
 1382669154.32915
3520
 1382669155.34913
3521
 1382669157.40159
3522
 1382669159.43758
3523
 1382669160.45389
3524
 1382669162.49427
3525
 1382669164.55505
3526
 1382669165.57869
3527
 1382669167.62965
3528
 1382669169.68152
3529
 1382669170.70076
3530
 1382669172.73289
3531
 1382669174.77093
3532
 1382669175.79313
3533
 1382669177.85573
3534
 1382669179.9026
3535
 1382669180.92565
3536
 1382669182.96901
3537
 1382669185.03955
3538
 1382669187.08721
3539
 1382669189.14832
3540
 1382669190.18257
3541
 1382669192.23251
3542
 1382669193.26826
3543
 1382669195.34835
3544
 1382669197.38469
3545
 1382669198.39665
3546
 1382669200.46339
3547
 1382669202.50072
3548
 1382669203.54027
3549
 1382669205.62586
3550
 1382669206.62429
3551
 1382669208.66115
3552
 1382669210.70443
3553
 1382669212.74366
3554
 1382669213.77648
3555
 1382669215.83574
3556
 1382669217.85058
3557
 1382669218.86617
3558
 1382669220.91135
3559
 1382669222.9883
3560
 1382669224.01392
3561
 1382669226.06575
3562
 1382669228.1176
3563
 1382669230.16412
3564
 1382669231.2008
3565
 1382669233.25654
3566
 1382669235.30539
3567
 1382669237.36158
3568
 1382669238.38775
3569
 1382669240.45804
3570
 1382669242.50053
3571
 1382669244.57089
3572
 1382669245.6233
3573
 1382669247.70421
3574
 1382669249.77914
3575
 1382669251.81961
3576
 1382669252.81456
3577
 1382669254.89402
3578
 1382669256.91815
3579
 1382669257.93945
3580
 1382669259.99328
3581
 1382669262.04624
3582
 1382669263.06275
3583
 1382669265.12171
3584
 1382669267.15079
3585
 1382669268.17515
3586
 1382669270.22736
3587
 1382669272.27771
3588
 1382669274.34039
3589
 1382669276.39505
3590
 1382669277.41733
3591
 1382669279.45851
3592
 1382669281.50406
3593
 1382669282.53581
3594
 1382669284.61164
3595
 1382669286.66576
3596
 1382669287.7052
3597
 1382669289.77849
3598
 1382669291.83048
3599
 1382669292.83152
3600
 1382669294.88867
3601
 1382669296.95923
3602
 1382669297.96072
3603
 1382669300.01707
3604
 1382669302.08231
3605
 1382669304.1225
3606
 1382669306.16809
3607
 1382669308.21477
3608
 1382669309.24913
3609
 1382669311.28394
3610
 1382669313.34663
3611
 1382669314.36766
3612
 1382669316.43399
3613
 1382669317.435
3614
 1382669320.54551
3615
 1382669321.54256
3616
 1382669323.61907
3617
 1382669324.6344
3618
 1382669326.68673
3619
 1382669328.76837
3620
 1382669329.77944
3621
 1382669331.8495
3622
 1382669333.87076
3623
 1382669335.93061
3624
 1382669336.92804
3625
 1382669338.96159
3626
 1382669341.00825
3627
 1382669342.04015
3628
 1382669344.09742
3629
 1382669346.17594
3630
 1382669348.23791
3631
 1382669350.27611
3632
 1382669351.30703
3633
 1382669353.3496
3634
 1382669355.39593
3635
 1382669356.4137
3636
 1382669358.47764
3637
 1382669360.53608
3638
 1382669361.56403
3639
 1382669363.62306
3640
 1382669365.65565
3641
 1382669367.69775
3642
 1382669368.73058
3643
 1382669371.83761
3644
 1382669373.90709
3645
 1382669375.95463
3646
 1382669378.0133
3647
 1382669379.03398
3648
 1382669382.1149
3649
 1382669383.15574
3650
 1382669385.18099
3651
 1382669387.22984
3652
 1382669389.28798
3653
 1382669390.32966
3654
 1382669392.35283
3655
 1382669394.4115
3656
 1382669395.45477
3657
 1382669397.48746
3658
 1382669399.54427
3659
 1382669401.60857
3660
 1382669402.63484
3661
 1382669404.67973
3662
 1382669406.75003
3663
 1382669408.79929
3664
 1382669410.84827
3665
 1382669411.85884
3666
 1382669413.91109
3667
 1382669415.9991
3668
 1382669418.01303
3669
 1382669419.03863
3670
 1382669421.08903
3671
 1382669422.12598
3672
 1382669424.16059
3673
 1382669426.22702
3674
 1382669427.23484
3675
 1382669429.29312
3676
 1382669431.34762
3677
 1382669432.38048
3678
 1382669434.42055
3679
 1382669436.48102
3680
 1382669438.54279
3681
 1382669440.59038
3682
 1382669442.62952
3683
 1382669443.66073
3684
 1382669445.72874
3685
 1382669447.75736
3686
 1382669449.81704
3687
 1382669451.85251
3688
 1382669452.8909
3689
 1382669454.94754
3690
 1382669456.987
3691
 1382669459.05122
3692
 1382669460.04068
3693
 1382669462.10415
3694
 1382669464.15862
3695
 1382669465.20253
3696
 1382669467.22274
3697
 1382669469.29201
3698
 1382669471.33071
3699
 1382669473.39598
3700
 1382669474.43257
3701
 1382669476.50237
3702
 1382669477.52066
3703
 1382669479.52631
3704
 1382669481.57006
3705
 1382669483.6251
3706
 1382669484.6607
3707
 1382669486.69733
3708
 1382669488.74756
3709
 1382669490.8049
3710
 1382669491.84344
3711
 1382669493.86915
3712
 1382669495.93648
3713
 1382669497.98745
3714
 1382669500.04861
3715
 1382669501.07597
3716
 1382669503.1194
3717
 1382669505.18114
3718
 1382669506.21796
3719
 1382669508.25021
3720
 1382669510.32967
3721
 1382669512.34614
3722
 1382669513.36719
3723
 1382669515.42939
3724
 1382669517.50191
3725
 1382669519.54633
3726
 1382669520.57691
3727
 1382669522.64809
3728
 1382669524.66172
3729
 1382669525.70003
3730
 1382669527.71845
3731
 1382669529.77427
3732
 1382669531.81944
3733
 1382669533.87435
3734
 1382669534.8947
3735
 1382669536.95731
3736
 1382669538.98622
3737
 1382669541.03021
3738
 1382669543.10128
3739
 1382669544.12868
3740
 1382669546.18148
3741
 1382669548.22194
3742
 1382669549.26023
3743
 1382669552.33577
3744
 1382669553.35206
3745
 1382669555.41805
3746
 1382669557.46224
3747
 1382669559.51534
3748
 1382669561.56178
3749
 1382669562.59559
3750
 1382669564.6412
3751
 1382669566.68966
3752
 1382669567.72173
3753
 1382669569.76616
3754
 1382669571.82838
3755
 1382669573.84768
3756
 1382669575.87929
3757
 1382669576.9233
3758
 1382669578.94088
3759
 1382669580.98577
3760
 1382669582.00323
3761
 1382669584.07251
3762
 1382669586.13443
3763
 1382669588.18579
3764
 1382669590.21646
3765
 1382669592.27539
3766
 1382669593.28775
3767
 1382669595.35595
3768
 1382669597.40316
3769
 1382669599.44152
3770
 1382669600.45701
3771
 1382669602.50492
3772
 1382669604.56546
3773
 1382669606.59955
3774
 1382669607.62129
3775
 1382669609.66155
3776
 1382669611.71739
3777
 1382669612.71913
3778
 1382669614.79047
3779
 1382669616.83575
3780
 1382669618.87895
3781
 1382669620.94172
3782
 1382669623.01029
3783
 1382669624.04507
3784
 1382669626.08775
3785
 1382669628.15418
3786
 1382669630.18608
3787
 1382669632.24182
3788
 1382669633.27356
3789
 1382669635.35288
3790
 1382669637.37695
3791
 1382669639.42789
3792
 1382669641.48336
3793
 1382669642.49843
3794
 1382669644.53257
3795
 1382669645.57453
3796
 1382669648.63488
3797
 1382669650.68871
3798
 1382669652.73107
3799
 1382669654.78691
3800
 1382669655.81488
3801
 1382669657.87134
3802
 1382669659.91612
3803
 1382669661.96237
3804
 1382669664.05755
3805
 1382669665.0312
3806
 1382669667.08381
3807
 1382669669.12237
3808
 1382669671.16972
3809
 1382669673.23123
3810
 1382669674.26136
3811
 1382669676.33474
3812
 1382669678.37321
3813
 1382669680.43994
3814
 1382669681.45668
3815
 1382669683.50293
3816
 1382669685.54825
3817
 1382669686.59538
3818
 1382669688.6443
3819
 1382669690.688
3820
 1382669692.73358
3821
 1382669694.81042
3822
 1382669696.88439
3823
 1382669698.91168
3824
 1382669699.93287
3825
 1382669701.98435
3826
 1382669704.0294
3827
 1382669706.09333
3828
 1382669708.14272
3829
 1382669710.18435
3830
 1382669711.2136
3831
 1382669713.27583
3832
 1382669715.30797
3833
 1382669717.33705
3834
 1382669719.40243
3835
 1382669721.43083
3836
 1382669723.48151
3837
 1382669724.5216
3838
 1382669726.59544
3839
 1382669728.66236
3840
 1382669729.65785
3841
 1382669732.73104
3842
 1382669733.76274
3843
 1382669735.8375
3844
 1382669737.86541
3845
 1382669739.92515
3846
 1382669741.9662
3847
 1382669744.02429
3848
 1382669745.04704
3849
 1382669748.12666
3850
 1382669750.16978
3851
 1382669751.21126
3852
 1382669753.24211
3853
 1382669755.29651
3854
 1382669757.34471
3855
 1382669759.38018
3856
 1382669760.39694
3857
 1382669762.45258
3858
 1382669764.4964
3859
 1382669765.52098
3860
 1382669767.57549
3861
 1382669769.62167
3862
 1382669771.67246
3863
 1382669773.72738
3864
 1382669775.78711
3865
 1382669777.81576
3866
 1382669778.84868
3867
 1382669780.92854
3868
 1382669782.97184
3869
 1382669783.99625
3870
 1382669787.07904
3871
 1382669788.11951
3872
 1382669790.19447
3873
 1382669792.24801
3874
 1382669794.31963
3875
 1382669796.39935
3876
 1382669798.46944
3877
 1382669799.50701
3878
 1382669801.58404
3879
 1382669803.61954
3880
 1382669805.67352
3881
 1382669806.69885
3882
 1382669809.76371
3883
 1382669810.79484
3884
 1382669812.90535
3885
 1382669813.91851
3886
 1382669815.96645
3887
 1382669818.02641
3888
 1382669820.06246
3889
 1382669822.10285
3890
 1382669824.15476
3891
 1382669825.1949
3892
 1382669827.25932
3893
 1382669829.3013
3894
 1382669831.3483
3895
 1382669833.40648
3896
 1382669835.47243
3897
 1382669837.53007
3898
 1382669839.58082
3899
 1382669841.62926
3900
 1382669842.67017
3901
 1382669844.70459
3902
 1382669846.71637
3903
 1382669848.78107
3904
 1382669850.84241
3905
 1382669851.84422
3906
 1382669853.88405
3907
 1382669855.93049
3908
 1382669858.00768
3909
 1382669860.03954
3910
 1382669862.08443
3911
 1382669863.12368
3912
 1382669866.15609
3913
 1382669867.18845
3914
 1382669869.22843
3915
 1382669871.28227
3916
 1382669873.36046
3917
 1382669875.41349
3918
 1382669877.46402
3919
 1382669879.51671
3920
 1382669880.55735
3921
 1382669882.6326
3922
 1382669884.68022
3923
 1382669886.73844
3924
 1382669888.77343
3925
 1382669890.26148
3926
 1382669892.30421
3927
 1382669894.36593
3928
 1382669896.43964
3929
 1382669898.48266
3930
 1382669899.51749
3931
 1382669902.59087
3932
 1382669903.6192
3933
 1382669905.65886
3934
 1382669907.70798
3935
 1382669909.75479
3936
 1382669911.79768
3937
 1382669913.85059
3938
 1382669915.89642
3939
 1382669917.9624
3940
 1382669919.00655
3941
 1382669921.08394
3942
 1382669923.10468
3943
 1382669925.19156
3944
 1382669927.25901
3945
 1382669928.28288
3946
 1382669930.35385
3947
 1382669932.40263
3948
 1382669934.46534
3949
 1382669935.49496
3950
 1382669937.55663
3951
 1382669939.64484
3952
 1382669941.69965
3953
 1382669942.73118
3954
 1382669944.80031
3955
 1382669946.84607
3956
 1382669948.89009
3957
 1382669950.9485
3958
 1382669952.98523
3959
 1382669955.05076
3960
 1382669957.10018
3961
 1382669959.15574
3962
 1382669961.22765
3963
 1382669962.23114
3964
 1382669964.29855
3965
 1382669966.33562
3966
 1382669968.37319
3967
 1382669970.42076
3968
 1382669972.46257
3969
 1382669974.52923
3970
 1382669976.57322
3971
 1382669978.62145
3972
 1382669980.67572
3973
 1382669982.73615
3974
 1382669984.77606
3975
 1382669985.8056
3976
 1382669987.86874
3977
 1382669989.89659
3978
 1382669991.94945
3979
 1382669993.98218
3980
 1382669995.02923
3981
 1382669997.06445
3982
 1382669999.11438
3983
 1382670001.14924
3984
 1382670004.21559
3985
 1382670005.26107
3986
 1382670007.3028
3987
 1382670009.3606
3988
 1382670011.43645
3989
 1382670013.48374
3990
 1382670014.50622
3991
 1382670017.5967
3992
 1382670018.62586
3993
 1382670020.69093
3994
 1382670022.75387
3995
 1382670024.78703
3996
 1382670026.84745
3997
 1382670028.93097
3998
 1382670029.93632
3999
 1382670031.98322
4000
 1382670034.03867
4001
 1382670036.0898
4002
 1382670038.16158
4003
 1382670039.20728
4004
 1382670041.25004
4005
 1382670043.27497
4006
 1382670045.31009
4007
 1382670047.37179
