 1382660973.65264
9
 1382661001.45341
12
 1382661002.48316
16
 1382661003.51958
19
 1382661004.529
23
 1382661005.54198
26
 1382661006.57143
30
 1382661007.60585
34
 1382661008.63712
37
 1382661009.66509
40
 1382661010.69316
43
 1382661011.72864
46
 1382661012.78175
50
 1382661013.77247
53
 1382661014.79902
56
 1382661015.8216
60
 1382661016.8544
63
 1382661017.86469
67
 1382661018.89481
70
 1382661019.91538
73
 1382661020.95349
76
 1382661021.96691
80
 1382661022.97536
83
 1382661024.01023
87
 1382661025.03681
90
 1382661026.05435
93
 1382661027.08252
96
 1382661028.09588
100
 1382661029.1348
103
 1382661030.13598
106
 1382661031.14563
109
 1382661032.17819
112
 1382661033.20315
115
 1382661034.24525
119
 1382661035.22844
122
 1382661036.24089
125
 1382661037.26986
128
 1382661038.30247
131
 1382661039.32505
134
 1382661040.35887
137
 1382661041.38981
140
 1382661042.40114
143
 1382661043.41414
146
 1382661044.42351
149
 1382661045.45783
152
 1382661046.47022
155
 1382661047.50817
158
 1382661048.53445
161
 1382661049.56504
164
 1382661050.56965
167
 1382661051.60163
170
 1382661052.63482
173
 1382661053.631
176
 1382661054.64885
179
 1382661055.68503
182
 1382661056.71141
185
 1382661057.74805
188
 1382661058.76681
191
 1382661059.7991
194
 1382661060.83046
197
 1382661061.86921
200
 1382661062.88445
202
 1382661063.90069
205
 1382661064.9343
208
 1382661065.97346
211
 1382661066.96622
214
 1382661068.00169
217
 1382661069.02821
219
 1382661070.03867
222
 1382661071.06957
225
 1382661072.07896
228
 1382661073.09654
231
 1382661074.11252
233
 1382661075.13125
236
 1382661076.14271
239
 1382661077.16245
241
 1382661078.20387
244
 1382661079.21643
247
 1382661080.20134
250
 1382661081.23389
252
 1382661082.27133
255
 1382661083.2893
258
 1382661084.32769
260
 1382661085.35677
263
 1382661086.36854
266
 1382661087.40329
268
 1382661088.43441
271
 1382661089.45525
274
 1382661090.49151
276
 1382661091.50973
279
 1382661092.55557
281
 1382661093.55878
284
 1382661094.58539
287
 1382661095.60734
289
 1382661096.63551
292
 1382661097.64487
294
 1382661098.65761
297
 1382661099.6744
300
 1382661100.69837
302
 1382661101.72719
305
 1382661102.76028
307
 1382661103.77189
310
 1382661104.79289
312
 1382661105.81713
315
 1382661106.85118
317
 1382661107.86691
320
 1382661108.90159
323
 1382661109.93425
325
 1382661110.96793
328
 1382661112.00186
330
 1382661113.03687
333
 1382661114.03025
335
 1382661115.04716
337
 1382661116.08443
340
 1382661117.09111
342
 1382661118.12256
345
 1382661119.15615
347
 1382661120.19273
350
 1382661121.18468
352
 1382661122.22223
354
 1382661123.22237
357
 1382661124.25894
359
 1382661125.26751
362
 1382661126.28253
364
 1382661127.31077
367
 1382661128.34408
369
 1382661129.36103
371
 1382661130.37272
374
 1382661131.39217
376
 1382661132.42956
378
 1382661133.46626
381
 1382661134.47237
384
 1382661135.50999
386
 1382661136.54063
388
 1382661137.57499
390
 1382661138.59645
393
 1382661139.60472
395
 1382661140.64452
397
 1382661141.6589
400
 1382661142.66856
402
 1382661143.68476
404
 1382661144.71577
407
 1382661145.73173
409
 1382661146.75201
412
 1382661147.78583
414
 1382661148.79933
416
 1382661149.82412
418
 1382661150.86047
421
 1382661151.85544
423
 1382661152.88653
425
 1382661153.92437
427
 1382661154.93969
429
 1382661155.95238
432
 1382661156.97471
434
 1382661157.99552
436
 1382661159.03313
438
 1382661160.04358
441
 1382661161.05393
443
 1382661162.07118
445
 1382661163.09006
448
 1382661164.12477
450
 1382661165.11309
452
 1382661166.1547
454
 1382661167.16262
457
 1382661168.17852
459
 1382661169.19463
461
 1382661170.2034
463
 1382661171.22719
465
 1382661172.26555
468
 1382661173.2788
470
 1382661174.31466
472
 1382661175.34525
474
 1382661176.37253
476
 1382661177.38522
478
 1382661178.40981
481
 1382661179.42645
483
 1382661180.43922
485
 1382661181.46126
487
 1382661182.49279
489
 1382661183.50613
491
 1382661184.54591
494
 1382661185.55659
496
 1382661186.5563
498
 1382661187.58599
500
 1382661188.61462
502
 1382661189.65304
504
 1382661190.64801
506
 1382661191.68282
508
 1382661192.71659
511
 1382661193.72825
513
 1382661194.7535
515
 1382661195.79354
517
 1382661196.78247
519
 1382661197.81938
521
 1382661198.80894
523
 1382661199.84717
525
 1382661200.83203
527
 1382661201.85643
529
 1382661202.89068
531
 1382661203.932
534
 1382661204.93891
536
 1382661205.95095
538
 1382661206.98485
540
 1382661208.00419
542
 1382661209.04688
544
 1382661210.05042
546
 1382661211.08883
548
 1382661212.10318
550
 1382661213.10545
552
 1382661214.12345
555
 1382661215.15604
556
 1382661216.16724
558
 1382661217.17995
560
 1382661218.21734
563
 1382661219.23343
564
 1382661220.26012
567
 1382661221.28021
569
 1382661222.2944
571
 1382661223.30466
573
 1382661224.32065
575
 1382661225.33101
577
 1382661226.36368
579
 1382661227.39528
581
 1382661228.4214
583
 1382661229.4348
585
 1382661230.44593
587
 1382661231.47499
588
 1382661232.48717
590
 1382661233.52314
593
 1382661234.56525
594
 1382661235.57014
596
 1382661236.59915
598
 1382661237.62048
600
 1382661238.65316
602
 1382661239.69197
604
 1382661240.7304
606
 1382661241.71784
608
 1382661242.73929
610
 1382661243.75878
612
 1382661244.78128
614
 1382661245.80379
616
 1382661246.81703
618
 1382661247.83461
620
 1382661248.8715
622
 1382661249.90479
624
 1382661250.92791
626
 1382661251.94247
628
 1382661252.95806
629
 1382661253.98093
631
 1382661255.0171
633
 1382661256.02812
635
 1382661257.04367
637
 1382661258.07997
639
 1382661259.11339
641
 1382661260.12216
643
 1382661261.16288
645
 1382661262.17047
646
 1382661263.18829
648
 1382661264.22369
650
 1382661265.24448
652
 1382661266.27886
654
 1382661267.28626
656
 1382661268.32332
658
 1382661269.33081
660
 1382661270.36298
661
 1382661271.38715
663
 1382661272.39874
665
 1382661273.43278
667
 1382661274.44377
669
 1382661275.4774
671
 1382661276.52402
672
 1382661277.51937
674
 1382661278.52532
676
 1382661279.54407
678
 1382661280.58071
680
 1382661281.59383
682
 1382661282.62993
683
 1382661283.63136
685
 1382661284.64539
687
 1382661285.66487
689
 1382661286.67665
691
 1382661287.70791
692
 1382661288.71967
694
 1382661289.75503
696
 1382661290.78114
698
 1382661291.79069
700
 1382661292.80446
702
 1382661293.83735
703
 1382661294.87867
705
 1382661295.88884
707
 1382661296.88955
709
 1382661297.92112
711
 1382661298.94378
712
 1382661299.96981
714
 1382661301.00836
716
 1382661302.03052
718
 1382661303.0443
720
 1382661304.08083
721
 1382661305.06582
723
 1382661306.10418
725
 1382661307.11166
727
 1382661308.1243
728
 1382661309.14051
730
 1382661310.15679
732
 1382661311.19277
734
 1382661312.19953
736
 1382661313.23387
737
 1382661314.26595
739
 1382661315.30321
741
 1382661316.31559
742
 1382661317.31187
744
 1382661318.32964
746
 1382661319.35467
748
 1382661320.38883
749
 1382661321.41756
751
 1382661322.42838
753
 1382661323.45507
755
 1382661324.4688
757
 1382661325.50754
758
 1382661326.54281
760
 1382661327.56873
762
 1382661328.6072
763
 1382661329.62475
765
 1382661330.62971
767
 1382661331.65059
769
 1382661332.67096
771
 1382661333.70303
772
 1382661334.72243
774
 1382661335.74692
776
 1382661336.76552
778
 1382661337.79782
779
 1382661338.83351
781
 1382661339.87278
783
 1382661340.86161
784
 1382661341.90328
786
 1382661342.892
788
 1382661343.92811
790
 1382661344.93529
791
 1382661345.96335
793
 1382661346.97375
794
 1382661348.01465
796
 1382661349.02516
798
 1382661350.01908
800
 1382661351.05076
801
 1382661352.08854
803
 1382661353.09819
804
 1382661354.10922
806
 1382661355.12436
808
 1382661356.15792
810
 1382661357.17306
811
 1382661358.19036
813
 1382661359.21955
814
 1382661360.24106
816
 1382661361.26101
818
 1382661362.30017
819
 1382661363.29236
821
 1382661364.31935
823
 1382661365.34279
824
 1382661366.37476
826
 1382661367.38795
828
 1382661368.42934
829
 1382661369.42602
831
 1382661370.44193
832
 1382661371.47892
834
 1382661372.50845
836
 1382661373.53715
838
 1382661374.56824
839
 1382661375.58427
841
 1382661376.60296
843
 1382661377.62556
844
 1382661378.66546
846
 1382661379.67582
847
 1382661380.66383
849
 1382661381.70194
851
 1382661382.68875
852
 1382661383.70693
854
 1382661384.74072
855
 1382661385.74934
857
 1382661386.78346
859
 1382661387.80006
861
 1382661388.81872
862
 1382661389.83324
864
 1382661390.87201
865
 1382661391.89334
867
 1382661392.91249
869
 1382661393.92937
870
 1382661394.95256
872
 1382661395.98677
873
 1382661397.01661
875
 1382661398.03261
877
 1382661399.05057
878
 1382661400.06568
880
 1382661401.09464
881
 1382661402.12149
883
 1382661403.13016
884
 1382661404.1569
886
 1382661405.17719
888
 1382661406.19359
889
 1382661407.23539
891
 1382661408.24286
892
 1382661409.25539
894
 1382661410.27646
895
 1382661411.30686
897
 1382661412.33967
899
 1382661413.34516
900
 1382661414.36419
902
 1382661415.40276
903
 1382661416.42329
905
 1382661417.45209
907
 1382661418.49223
908
 1382661419.49647
910
 1382661420.52185
911
 1382661421.55072
913
 1382661422.57222
914
 1382661423.59735
916
 1382661424.61067
918
 1382661425.62938
919
 1382661426.65249
921
 1382661427.69031
922
 1382661428.72672
924
 1382661429.75039
926
 1382661430.76807
927
 1382661431.80657
929
 1382661432.84436
930
 1382661433.86563
932
 1382661434.88724
933
 1382661435.92266
935
 1382661436.90966
936
 1382661437.93015
938
 1382661438.96417
939
 1382661439.97777
941
 1382661441.01359
943
 1382661442.02816
944
 1382661443.05085
946
 1382661444.06418
947
 1382661445.09794
949
 1382661446.1284
950
 1382661447.146
952
 1382661448.18386
953
 1382661449.17911
955
 1382661450.20817
956
 1382661451.22198
958
 1382661452.26456
959
 1382661453.25502
961
 1382661454.27043
963
 1382661455.2907
964
 1382661456.32441
965
 1382661457.34643
967
 1382661458.38217
969
 1382661459.41587
970
 1382661460.4531
972
 1382661461.48353
973
 1382661462.51903
975
 1382661463.53135
976
 1382661464.54778
978
 1382661465.56975
979
 1382661466.58213
981
 1382661467.60158
982
 1382661468.61871
984
 1382661469.62965
986
 1382661470.66653
987
 1382661471.69371
988
 1382661472.70688
990
 1382661473.73602
991
 1382661474.74805
993
 1382661475.76184
994
 1382661476.78012
996
 1382661477.81482
997
 1382661478.83331
999
 1382661479.85107
1000
 1382661480.8618
1002
 1382661481.87705
1003
 1382661482.91356
1005
 1382661483.94446
1006
 1382661484.98134
1008
 1382661485.99322
1009
 1382661487.0034
1011
 1382661488.02467
1012
 1382661489.03764
1014
 1382661490.05692
1015
 1382661491.08317
1017
 1382661492.10222
1018
 1382661493.11522
1019
 1382661494.15619
1021
 1382661495.14388
1022
 1382661496.16389
1024
 1382661497.1775
1025
 1382661498.20234
1027
 1382661499.20898
1028
 1382661500.2441
1030
 1382661501.26013
1031
 1382661502.29266
1033
 1382661503.32101
1034
 1382661504.33801
1035
 1382661505.36438
1037
 1382661506.38568
1038
 1382661507.40257
1040
 1382661508.41972
1041
 1382661509.43789
1043
 1382661510.46275
1044
 1382661511.49604
1046
 1382661512.50604
1047
 1382661513.52814
1049
 1382661514.53559
1050
 1382661515.55486
1051
 1382661516.57972
1053
 1382661517.60636
1054
 1382661518.64666
1056
 1382661519.63579
1057
 1382661520.6636
1059
 1382661521.7006
1060
 1382661522.68874
1062
 1382661523.7024
1063
 1382661524.72695
1065
 1382661525.76982
1066
 1382661526.77175
1067
 1382661527.79424
1069
 1382661528.80537
1070
 1382661529.84191
1072
 1382661530.87043
1073
 1382661531.87753
1075
 1382661532.91484
1076
 1382661533.92083
1077
 1382661534.942
1079
 1382661535.96064
1080
 1382661536.99722
1082
 1382661538.03121
1083
 1382661539.05138
1085
 1382661540.07569
1086
 1382661541.10016
1087
 1382661542.12504
1089
 1382661543.14511
1090
 1382661544.18642
1092
 1382661545.19867
1093
 1382661546.19582
1094
 1382661547.21807
1096
 1382661548.22855
1097
 1382661549.24451
1099
 1382661550.28438
1100
 1382661551.27555
1102
 1382661552.30075
1103
 1382661553.32537
1104
 1382661554.33832
1106
 1382661555.36112
1107
 1382661556.37299
1108
 1382661557.39424
1110
 1382661558.41798
1111
 1382661559.43872
1112
 1382661560.47182
1114
 1382661561.49106
1115
 1382661562.51386
1117
 1382661563.53644
1118
 1382661564.57061
1119
 1382661565.59118
1121
 1382661566.60565
1122
 1382661567.64923
1124
 1382661568.64784
1125
 1382661569.66965
1126
 1382661570.69751
1128
 1382661571.71454
1129
 1382661572.728
1131
 1382661573.75838
1132
 1382661574.77132
1134
 1382661575.80452
1135
 1382661576.81908
1137
 1382661577.85557
1138
 1382661578.86975
1139
 1382661579.89306
1140
 1382661580.90959
1142
 1382661581.93105
1143
 1382661582.95382
1145
 1382661583.97553
1146
 1382661584.99653
1147
 1382661586.0306
1149
 1382661587.06028
1150
 1382661588.06988
1152
 1382661589.10514
1153
 1382661590.11954
1154
 1382661591.15667
1156
 1382661592.1771
1157
 1382661593.21107
1158
 1382661594.2285
1160
 1382661595.26778
1161
 1382661596.27892
1162
 1382661597.28472
1164
 1382661598.3079
1165
 1382661599.33183
1167
 1382661600.34363
1168
 1382661601.37951
1169
 1382661602.3755
1171
 1382661603.39972
1172
 1382661604.43124
1173
 1382661605.44761
1175
 1382661606.46334
1176
 1382661607.48184
1177
 1382661608.51706
1179
 1382661609.50627
1180
 1382661610.54139
1182
 1382661611.55758
1183
 1382661612.57781
1184
 1382661613.58492
1186
 1382661614.59956
1187
 1382661615.61768
1188
 1382661616.64341
1189
 1382661617.67377
1191
 1382661618.70615
1192
 1382661619.75246
1194
 1382661620.74124
1195
 1382661621.76493
1196
 1382661622.78456
1198
 1382661623.80046
1199
 1382661624.83668
1200
 1382661625.85487
1202
 1382661626.86521
1203
 1382661627.90172
1204
 1382661628.90488
1206
 1382661629.91412
1207
 1382661630.95956
1208
 1382661631.96313
1209
 1382661632.97028
1211
 1382661633.98588
1212
 1382661635.00394
1213
 1382661636.04741
1215
 1382661637.04451
1216
 1382661638.06128
1217
 1382661639.0825
1219
 1382661640.12097
1220
 1382661641.11121
1221
 1382661642.14121
1223
 1382661643.15466
1224
 1382661644.17159
1226
 1382661645.20733
1227
 1382661646.22147
1228
 1382661647.21585
1229
 1382661648.25615
1231
 1382661649.29363
1232
 1382661650.2903
1233
 1382661651.32325
1235
 1382661652.31053
1236
 1382661653.34528
1237
 1382661654.36976
1238
 1382661655.39573
1240
 1382661656.41129
1241
 1382661657.44172
1242
 1382661658.45082
1243
 1382661659.47244
1245
 1382661660.49096
1246
 1382661661.50642
1248
 1382661662.53528
1249
 1382661663.58011
1250
 1382661664.57403
1251
 1382661665.60554
1253
 1382661666.64923
1254
 1382661667.64299
1255
 1382661668.65344
1257
 1382661669.67188
1258
 1382661670.69174
1259
 1382661671.70954
1261
 1382661672.74216
1262
 1382661673.73028
1263
 1382661674.74814
1265
 1382661675.78577
1266
 1382661676.77418
1267
 1382661677.81114
1268
 1382661678.82347
1270
 1382661679.85175
1271
 1382661680.86589
1272
 1382661681.88642
1273
 1382661682.90312
1275
 1382661683.93977
1276
 1382661684.94764
1277
 1382661685.97874
1278
 1382661686.9709
1280
 1382661687.98875
1281
 1382661689.00664
1282
 1382661690.03292
1284
 1382661691.06885
1285
 1382661692.08229
1286
 1382661693.09376
1288
 1382661694.08551
1289
 1382661695.11969
1290
 1382661696.15253
1291
 1382661697.1746
1292
 1382661698.20181
1294
 1382661699.22754
1295
 1382661700.25042
1296
 1382661701.28731
1298
 1382661702.28834
1299
 1382661703.3021
1300
 1382661704.33619
1301
 1382661705.36838
1303
 1382661706.38693
1304
 1382661707.42469
1305
 1382661708.43921
1307
 1382661709.44667
1308
 1382661710.47804
1309
 1382661711.51147
1310
 1382661712.49636
1312
 1382661713.5191
1313
 1382661714.55568
1314
 1382661715.57658
1315
 1382661716.60138
1317
 1382661717.62101
1318
 1382661718.63959
1319
 1382661719.65127
1320
 1382661720.66804
1322
 1382661721.70377
1323
 1382661722.74094
1324
 1382661723.76604
1325
 1382661724.7838
1327
 1382661725.79831
1328
 1382661726.8249
1329
 1382661727.85701
1330
 1382661728.88812
1332
 1382661729.92526
1333
 1382661730.93648
1334
 1382661731.92623
1335
 1382661732.93651
1337
 1382661733.95319
1338
 1382661734.99074
1339
 1382661735.97951
1340
 1382661736.99604
1341
 1382661738.01732
1343
 1382661739.03548
1344
 1382661740.06073
1345
 1382661741.09206
1346
 1382661742.10294
1348
 1382661743.1167
1349
 1382661744.13885
1350
 1382661745.16988
1351
 1382661746.19184
1352
 1382661747.22153
1354
 1382661748.25483
1355
 1382661749.26714
1356
 1382661750.28129
1357
 1382661751.29752
1359
 1382661752.32952
1360
 1382661753.36211
1361
 1382661754.36701
1362
 1382661755.40019
1364
 1382661756.4203
1365
 1382661757.44785
1366
 1382661758.46
1367
 1382661759.47476
1369
 1382661760.48842
1370
 1382661761.52488
1371
 1382661762.53196
1372
 1382661763.56193
1374
 1382661764.6027
1375
 1382661765.59655
1376
 1382661766.63382
1377
 1382661767.66764
1378
 1382661768.68912
1380
 1382661769.7062
1381
 1382661770.72614
1382
 1382661771.74642
1383
 1382661772.78901
1385
 1382661773.80055
1386
 1382661774.82727
1387
 1382661775.86135
1388
 1382661776.87386
1389
 1382661777.90831
1391
 1382661778.92436
1392
 1382661779.96097
1393
 1382661780.97497
1394
 1382661781.96918
1395
 1382661782.98443
1397
 1382661784.02681
1398
 1382661785.01362
1399
 1382661786.0587
1400
 1382661787.0436
1401
 1382661788.05741
1403
 1382661789.09558
1404
 1382661790.10391
1405
 1382661791.14428
1406
 1382661792.1473
1407
 1382661793.18726
1409
 1382661794.22424
1410
 1382661795.21125
1411
 1382661796.24314
1412
 1382661797.2651
1413
 1382661798.29636
1415
 1382661799.32047
1416
 1382661800.33508
1417
 1382661801.35952
1418
 1382661802.39474
1419
 1382661803.42001
1421
 1382661804.43492
1422
 1382661805.45902
1423
 1382661806.49481
1424
 1382661807.51448
1425
 1382661808.53774
1426
 1382661809.56099
1427
 1382661810.603
1428
 1382661811.61372
1430
 1382661812.62322
1431
 1382661813.63584
1432
 1382661814.66239
1433
 1382661815.68397
1434
 1382661816.73035
1436
 1382661817.72938
1437
 1382661818.76843
1438
 1382661819.76577
1439
 1382661820.77325
1440
 1382661821.79381
1442
 1382661822.82001
1443
 1382661823.84106
1444
 1382661824.85474
1445
 1382661825.86519
1446
 1382661826.89116
1447
 1382661827.90127
1448
 1382661828.92279
1450
 1382661829.96254
1451
 1382661830.95123
1452
 1382661831.96323
1453
 1382661832.97963
1454
 1382661834.01836
1456
 1382661835.05996
1457
 1382661836.04782
1458
 1382661837.08367
1459
 1382661838.07443
1460
 1382661839.1022
1461
 1382661840.12229
1463
 1382661841.15836
1464
 1382661842.17052
1465
 1382661843.18812
1466
 1382661844.20006
1467
 1382661845.23927
1468
 1382661846.24968
1469
 1382661847.26046
1471
 1382661848.25474
1472
 1382661849.26494
1473
 1382661850.27782
1474
 1382661851.29479
1475
 1382661852.33108
1477
 1382661853.34984
1478
 1382661854.36947
1479
 1382661855.40309
1480
 1382661856.42045
1481
 1382661857.4483
1483
 1382661858.47257
1484
 1382661859.49491
1485
 1382661860.51514
1486
 1382661861.55634
1487
 1382661862.54724
1489
 1382661863.55464
1490
 1382661864.57125
1491
 1382661865.58912
1492
 1382661866.60273
1493
 1382661867.63113
1494
 1382661868.65157
1495
 1382661869.67357
1496
 1382661870.70697
1498
 1382661871.73324
1499
 1382661872.76361
1500
 1382661873.79107
1501
 1382661874.81003
1502
 1382661875.82273
1503
 1382661876.84277
1504
 1382661877.86207
1506
 1382661878.89899
1507
 1382661879.93759
1508
 1382661880.95391
1509
 1382661881.96624
1510
 1382661882.96084
1511
 1382661883.97869
1512
 1382661885.01716
1514
 1382661886.00612
1515
 1382661887.02314
1516
 1382661888.05937
1517
 1382661889.07507
1518
 1382661890.11022
1519
 1382661891.14552
1520
 1382661892.16727
1522
 1382661893.20209
1523
 1382661894.23033
1524
 1382661895.2415
1525
 1382661896.27454
1526
 1382661897.28714
1528
 1382661898.30882
1529
 1382661899.33281
1530
 1382661900.36996
1531
 1382661901.36228
1532
 1382661902.39946
1533
 1382661903.40716
1534
 1382661904.4331
1536
 1382661905.46562
1537
 1382661906.48031
1538
 1382661907.52303
1539
 1382661908.51106
1540
 1382661909.5233
1541
 1382661910.54427
1542
 1382661911.5656
1543
 1382661912.585
1545
 1382661913.6115
1546
 1382661914.6435
1547
 1382661915.66432
1548
 1382661916.69057
1549
 1382661917.70626
1550
 1382661918.72414
1551
 1382661919.73838
1553
 1382661920.77472
1555
 1382661922.80825
1556
 1382661923.827
1557
 1382661924.84729
1558
 1382661925.8621
1559
 1382661926.89679
1560
 1382661927.90715
1561
 1382661928.926
1563
 1382661929.96333
1564
 1382661930.97051
1565
 1382661931.98606
1566
 1382661933.02075
1567
 1382661934.067
1568
 1382661935.07011
1569
 1382661936.09875
1570
 1382661937.08718
1572
 1382661938.09748
1573
 1382661939.12439
1574
 1382661940.14221
1575
 1382661941.17911
1576
 1382661942.19169
1577
 1382661943.22952
1578
 1382661944.21918
1579
 1382661945.25584
1580
 1382661946.27371
1582
 1382661947.29384
1584
 1382661949.34511
1585
 1382661950.37597
1586
 1382661951.37555
1587
 1382661952.40864
1588
 1382661953.44533
1589
 1382661954.45727
1590
 1382661955.46782
1592
 1382661956.50385
1593
 1382661957.49426
1594
 1382661958.51459
1595
 1382661959.54527
1596
 1382661960.58311
1597
 1382661961.59172
1598
 1382661962.61295
1599
 1382661963.6479
1600
 1382661964.65396
1601
 1382661965.67712
1603
 1382661966.71068
1604
 1382661967.74643
1605
 1382661968.76129
1606
 1382661969.77585
1607
 1382661970.80889
1608
 1382661971.8489
1609
 1382661972.86441
1610
 1382661973.87944
1611
 1382661974.91491
1612
 1382661975.92381
1614
 1382661976.94219
1615
 1382661977.95292
1616
 1382661978.97203
1617
 1382661980.00176
1618
 1382661981.04254
1619
 1382661982.03281
1620
 1382661983.06145
1621
 1382661984.10039
1622
 1382661985.09411
1623
 1382661986.1123
1624
 1382661987.15262
1625
 1382661988.14188
1626
 1382661989.17215
1628
 1382661990.18782
1629
 1382661991.22161
1630
 1382661992.2477
1631
 1382661993.26618
1632
 1382661994.279
1633
 1382661995.29758
1634
 1382661996.33699
1635
 1382661997.34996
1636
 1382661998.35611
1637
 1382661999.39589
1638
 1382662000.41843
1640
 1382662001.42713
1641
 1382662002.44162
1642
 1382662003.48043
1643
 1382662004.46872
1644
 1382662005.4937
1645
 1382662006.53892
1646
 1382662007.52953
1647
 1382662008.56952
1648
 1382662009.58079
1650
 1382662010.59284
1651
 1382662012.6004
1652
 1382662013.61684
1653
 1382662014.62862
1655
 1382662015.66106
1656
 1382662016.69529
1657
 1382662017.73763
1658
 1382662018.74451
1659
 1382662019.76896
1660
 1382662020.79118
1661
 1382662021.80329
1662
 1382662022.83102
1663
 1382662023.85842
1664
 1382662024.87239
1665
 1382662025.90153
1666
 1382662026.92745
1667
 1382662027.93553
1669
 1382662028.98278
1670
 1382662029.99586
1671
 1382662031.00534
1672
 1382662032.011
1673
 1382662033.04415
1674
 1382662034.0345
1675
 1382662035.08219
1676
 1382662036.08058
1677
 1382662037.09605
1678
 1382662038.13163
1679
 1382662039.16731
1680
 1382662040.18209
1681
 1382662041.19974
1683
 1382662042.23627
1684
 1382662043.25563
1685
 1382662044.27402
1686
 1382662045.29127
1687
 1382662046.30748
1688
 1382662047.32408
1689
 1382662048.33568
1690
 1382662049.3756
1691
 1382662050.38713
1692
 1382662051.41291
1693
 1382662052.4395
1694
 1382662053.46217
1695
 1382662054.49182
1696
 1382662055.5015
1698
 1382662056.53883
1700
 1382662058.591
1702
 1382662060.63845
1703
 1382662061.65905
1704
 1382662062.67056
1705
 1382662063.69325
1706
 1382662064.71355
1707
 1382662065.73241
1708
 1382662066.7732
1709
 1382662067.77527
1710
 1382662068.79689
1711
 1382662069.81507
1712
 1382662070.84738
1713
 1382662071.86543
1714
 1382662072.9042
1715
 1382662073.88661
1716
 1382662074.92078
1717
 1382662075.93631
1718
 1382662076.9818
1719
 1382662077.96661
1720
 1382662078.98503
1721
 1382662080.00558
1722
 1382662081.04292
1723
 1382662082.04261
1724
 1382662083.05833
1726
 1382662084.09657
1727
 1382662086.12136
1728
 1382662087.14035
1730
 1382662088.15656
1732
 1382662090.20105
1733
 1382662091.19521
1734
 1382662092.20992
1735
 1382662093.23134
1736
 1382662094.26543
1737
 1382662095.30007
1738
 1382662096.30759
1739
 1382662097.31855
1740
 1382662098.33384
1741
 1382662099.35921
1742
 1382662100.37454
1743
 1382662101.40766
1744
 1382662102.39461
1745
 1382662103.42178
1746
 1382662104.45638
1747
 1382662105.48267
1748
 1382662106.50046
1749
 1382662107.53783
1750
 1382662108.53332
1751
 1382662109.56864
1753
 1382662110.58288
1755
 1382662112.61111
1756
 1382662113.6347
1757
 1382662115.66137
1758
 1382662116.70318
1760
 1382662117.72219
1762
 1382662119.73286
1763
 1382662120.77196
1764
 1382662121.7671
1765
 1382662122.78462
1766
 1382662123.82478
1767
 1382662124.81096
1768
 1382662125.83173
1769
 1382662126.86788
1770
 1382662127.86652
1771
 1382662128.89779
1772
 1382662129.91107
1773
 1382662130.94742
1774
 1382662131.97433
1775
 1382662133.00617
1776
 1382662134.04352
1777
 1382662135.07632
1778
 1382662136.095
1779
 1382662137.13183
1780
 1382662138.14455
1781
 1382662139.17881
1782
 1382662140.19456
1783
 1382662141.21283
1784
 1382662142.25361
1785
 1382662143.27743
1787
 1382662144.30271
1789
 1382662146.35209
1791
 1382662148.40249
1792
 1382662149.41094
1794
 1382662151.46009
1795
 1382662152.49088
1796
 1382662153.51739
1797
 1382662154.54453
1799
 1382662156.57117
1800
 1382662157.58426
1801
 1382662158.61907
1802
 1382662159.64308
1803
 1382662160.65356
1804
 1382662161.69032
1805
 1382662162.72653
1806
 1382662163.74663
1807
 1382662164.7675
1808
 1382662165.79619
1809
 1382662166.83579
1810
 1382662167.82323
1811
 1382662168.84544
1812
 1382662169.85877
1813
 1382662170.87397
1814
 1382662171.88361
1815
 1382662172.91141
1816
 1382662173.9227
1817
 1382662174.95453
1818
 1382662175.99145
1819
 1382662177.01008
1820
 1382662178.04354
1821
 1382662179.04947
1822
 1382662180.06295
1823
 1382662181.0765
1824
 1382662182.11024
1825
 1382662183.12416
1826
 1382662184.16207
1827
 1382662185.20316
1828
 1382662186.18432
1829
 1382662187.19737
1830
 1382662188.23884
1831
 1382662189.23186
1832
 1382662190.25221
1833
 1382662191.26624
1834
 1382662192.30421
1835
 1382662193.32138
1836
 1382662194.32963
1837
 1382662195.3434
1838
 1382662196.35713
1839
 1382662197.39602
1840
 1382662198.40188
1841
 1382662199.42067
1842
 1382662200.43113
1843
 1382662201.45773
1844
 1382662202.47714
1845
 1382662203.51
1846
 1382662204.51616
1847
 1382662205.55679
1848
 1382662206.56518
1849
 1382662207.58027
1850
 1382662208.59192
1851
 1382662209.62592
1852
 1382662210.64196
1853
 1382662211.67954
1854
 1382662212.67418
1855
 1382662213.69295
1856
 1382662214.71499
1857
 1382662215.72217
1858
 1382662216.75541
1859
 1382662217.77271
1860
 1382662218.79462
1861
 1382662219.81409
1862
 1382662220.82465
1863
 1382662221.85655
1865
 1382662223.92449
1866
 1382662224.95818
1867
 1382662225.97503
1868
 1382662227.01728
1869
 1382662228.0243
1870
 1382662229.0759
1871
 1382662231.10335
1872
 1382662232.11632
1874
 1382662233.1556
1876
 1382662235.19831
1878
 1382662237.24859
1879
 1382662239.30131
1880
 1382662240.32681
1882
 1382662241.35974
1884
 1382662243.40048
1885
 1382662245.43
1886
 1382662246.4538
1887
 1382662247.49435
1888
 1382662248.53446
1889
 1382662249.54726
1890
 1382662250.56064
1891
 1382662251.60135
1892
 1382662252.5943
1893
 1382662253.6014
1894
 1382662254.62057
1895
 1382662255.64972
1896
 1382662256.66813
1897
 1382662257.69098
1898
 1382662258.73312
1899
 1382662259.73511
1900
 1382662260.76987
1901
 1382662261.80066
1902
 1382662262.81281
1903
 1382662263.84187
1904
 1382662264.85512
1905
 1382662265.89544
1906
 1382662266.91464
1907
 1382662267.91445
1908
 1382662268.94735
1909
 1382662269.95258
1910
 1382662270.97409
1911
 1382662272.01843
1912
 1382662273.01772
1913
 1382662275.05317
1915
 1382662276.08879
1916
 1382662278.11291
1917
 1382662279.14671
1918
 1382662280.18038
1919
 1382662281.18598
1920
 1382662282.20855
1921
 1382662283.23546
1922
 1382662284.24638
1923
 1382662285.28567
1924
 1382662286.29589
1925
 1382662287.33807
1926
 1382662288.32894
1927
 1382662289.34753
1928
 1382662290.36034
1929
 1382662291.39081
1930
 1382662292.42973
1931
 1382662293.43522
1932
 1382662294.45196
1933
 1382662295.48595
1934
 1382662296.4992
1935
 1382662297.53254
1936
 1382662298.55224
1937
 1382662299.58736
1938
 1382662300.60669
1939
 1382662301.62964
1940
 1382662302.65406
1941
 1382662303.68491
1942
 1382662304.70555
1943
 1382662305.71835
1944
 1382662307.77947
1945
 1382662308.79058
1946
 1382662309.82849
1947
 1382662310.83828
1948
 1382662311.87099
1949
 1382662312.89679
1950
 1382662313.90297
1951
 1382662314.95082
1952
 1382662315.95095
1953
 1382662316.97824
1954
 1382662318.01547
1955
 1382662319.04354
1956
 1382662320.05928
1957
 1382662321.08371
1958
 1382662322.11048
1959
 1382662323.13864
1960
 1382662324.15815
1961
 1382662325.19447
1962
 1382662326.19495
1963
 1382662327.23371
1964
 1382662328.26879
1966
 1382662330.31514
1968
 1382662332.36261
1969
 1382662334.39583
1970
 1382662335.42355
1971
 1382662336.43983
1972
 1382662337.47407
1973
 1382662338.48339
1974
 1382662339.51118
1975
 1382662340.55118
1976
 1382662341.55606
1977
 1382662342.59385
1978
 1382662343.60138
1979
 1382662344.61794
1980
 1382662345.64231
1981
 1382662346.65757
1982
 1382662347.6743
1983
 1382662348.71247
1984
 1382662349.7232
1985
 1382662351.74938
1986
 1382662352.78705
1987
 1382662353.77422
1988
 1382662354.81152
1989
 1382662355.82954
1990
 1382662356.85568
1991
 1382662357.88241
1992
 1382662358.90625
1993
 1382662359.92693
1994
 1382662360.9495
1995
 1382662361.96675
1996
 1382662363.00808
1997
 1382662363.99451
1998
 1382662365.02248
1999
 1382662366.04138
2000
 1382662367.05279
2001
 1382662369.09339
2002
 1382662370.1058
2003
 1382662371.14768
2004
 1382662372.16022
2005
 1382662373.16947
2006
 1382662374.18486
2007
 1382662375.22974
2008
 1382662376.23878
2009
 1382662377.22804
2010
 1382662378.26104
2011
 1382662379.2932
2012
 1382662380.29352
2013
 1382662381.33398
2014
 1382662382.34865
2016
 1382662384.36549
2017
 1382662386.41581
2018
 1382662387.43138
2019
 1382662388.44999
2020
 1382662389.46056
2021
 1382662390.48277
2022
 1382662391.49773
2023
 1382662392.53437
2024
 1382662393.5215
2025
 1382662394.55057
2026
 1382662395.58844
2027
 1382662396.6034
2028
 1382662397.63785
2029
 1382662398.65592
2030
 1382662399.6869
2031
 1382662401.7559
2032
 1382662402.77997
2033
 1382662403.80253
2034
 1382662404.84311
2035
 1382662405.85124
2036
 1382662406.8689
2037
 1382662407.91001
2038
 1382662408.92073
2039
 1382662409.91277
2040
 1382662410.95013
2041
 1382662412.98629
2042
 1382662414.00517
2043
 1382662415.0403
2044
 1382662416.02819
2045
 1382662417.06067
2046
 1382662418.07282
2047
 1382662419.11986
2048
 1382662420.11054
2049
 1382662421.14994
2050
 1382662423.16837
2051
 1382662424.19636
2052
 1382662425.20345
2053
 1382662426.22865
2054
 1382662427.27884
2055
 1382662428.26543
2056
 1382662429.30039
2057
 1382662430.33585
2058
 1382662431.35614
2059
 1382662432.37743
2060
 1382662433.40085
2061
 1382662434.41171
2062
 1382662436.48704
2063
 1382662437.49064
2064
 1382662438.52631
2065
 1382662439.5491
2066
 1382662440.56563
2067
 1382662441.59901
2068
 1382662442.58443
2069
 1382662443.60143
2070
 1382662444.63019
2071
 1382662445.6418
2072
 1382662446.66553
2073
 1382662447.7037
2074
 1382662449.75995
2075
 1382662450.76786
2076
 1382662451.77115
2077
 1382662452.78626
2078
 1382662453.8057
2079
 1382662454.84864
2080
 1382662455.84017
2081
 1382662456.85245
2082
 1382662457.90089
2083
 1382662458.88369
2084
 1382662460.9346
2085
 1382662461.94143
2086
 1382662462.95486
2087
 1382662463.96884
2088
 1382662464.98385
2089
 1382662466.01823
2090
 1382662467.04079
2091
 1382662468.07344
2092
 1382662469.08277
2093
 1382662470.10094
2094
 1382662472.15559
2095
 1382662473.14205
2096
 1382662474.17867
2097
 1382662475.17908
2098
 1382662476.22177
2099
 1382662477.2091
2100
 1382662478.24509
2101
 1382662479.23856
2102
 1382662480.25184
2103
 1382662482.29984
2104
 1382662483.30801
2105
 1382662484.34626
2106
 1382662485.38456
2107
 1382662486.37616
2108
 1382662487.39555
2109
 1382662488.43093
2110
 1382662489.45861
2111
 1382662490.4683
2112
 1382662492.4914
2113
 1382662493.51976
2114
 1382662494.54093
2115
 1382662495.5685
2116
 1382662496.58524
2117
 1382662497.61707
2118
 1382662498.65316
2119
 1382662499.67877
2120
 1382662500.69667
2121
 1382662502.73076
2122
 1382662503.74721
2123
 1382662504.77413
2124
 1382662505.786
2125
 1382662506.80129
2126
 1382662507.83058
2127
 1382662508.8438
2128
 1382662509.85287
2129
 1382662511.89634
2130
 1382662512.93485
2131
 1382662513.95454
2132
 1382662514.97787
2133
 1382662516.01461
2134
 1382662517.02856
2135
 1382662518.04947
2136
 1382662519.08561
2137
 1382662521.09617
2138
 1382662522.11048
2139
 1382662523.15168
2140
 1382662524.17332
2141
 1382662525.20642
2142
 1382662526.24224
2143
 1382662527.2588
2144
 1382662528.24993
2145
 1382662529.27353
2146
 1382662531.32674
2147
 1382662532.33756
2148
 1382662533.36404
2149
 1382662534.39883
2150
 1382662535.42162
2151
 1382662536.44179
2152
 1382662538.50081
2153
 1382662539.54002
2154
 1382662540.55878
2155
 1382662541.58166
2156
 1382662542.61457
2157
 1382662543.6514
2158
 1382662544.68805
2159
 1382662545.68653
2160
 1382662547.73436
2161
 1382662548.75367
2162
 1382662549.79388
2163
 1382662550.80229
2164
 1382662551.79632
2165
 1382662552.80252
2166
 1382662553.84318
2167
 1382662555.88529
2168
 1382662556.91456
2169
 1382662557.94395
2170
 1382662558.96428
2171
 1382662559.97859
2172
 1382662560.99633
2173
 1382662562.01291
2174
 1382662564.06213
2175
 1382662565.06416
2176
 1382662566.07815
2177
 1382662567.11622
2178
 1382662568.14369
2179
 1382662569.18139
2180
 1382662570.20283
2181
 1382662571.22576
2182
 1382662573.26433
2183
 1382662574.28618
2184
 1382662575.29913
2185
 1382662576.3128
2186
 1382662577.35078
2187
 1382662578.36805
2188
 1382662579.38491
2189
 1382662580.41254
2190
 1382662581.42912
2191
 1382662583.48469
2192
 1382662584.49976
2193
 1382662585.51659
2194
 1382662586.5491
2195
 1382662587.57657
2196
 1382662588.60084
2197
 1382662589.62228
2198
 1382662591.66789
2199
 1382662592.69704
2200
 1382662593.72982
2201
 1382662594.74245
2202
 1382662595.78092
2203
 1382662596.78875
2204
 1382662597.80158
2205
 1382662599.83545
2206
 1382662600.86639
2207
 1382662601.90353
2208
 1382662602.8953
2209
 1382662603.91363
2210
 1382662604.92941
2211
 1382662606.95714
2212
 1382662607.97825
2213
 1382662608.9943
2214
 1382662610.01176
2215
 1382662611.05183
2216
 1382662612.0542
2217
 1382662614.11031
2218
 1382662615.12893
2219
 1382662616.16812
2220
 1382662617.18572
2221
 1382662618.22146
2222
 1382662619.24515
2223
 1382662621.30049
2224
 1382662622.33634
2225
 1382662623.35035
2226
 1382662624.39385
2227
 1382662625.38574
2228
 1382662626.4055
2229
 1382662627.41544
2230
 1382662629.46099
2231
 1382662630.47741
2232
 1382662631.49662
2233
 1382662632.52897
2234
 1382662633.54468
2235
 1382662634.56145
2236
 1382662635.58244
2237
 1382662636.59595
2238
 1382662637.60899
2239
 1382662639.68112
2240
 1382662640.71149
2241
 1382662641.75155
2242
 1382662642.76133
2243
 1382662643.78455
2244
 1382662645.8427
2245
 1382662646.86141
2246
 1382662647.90147
2247
 1382662648.91688
2248
 1382662649.93141
2249
 1382662650.92768
2250
 1382662652.9667
2251
 1382662653.99903
2252
 1382662655.01369
2253
 1382662656.05105
2254
 1382662657.06607
2255
 1382662658.05374
2256
 1382662660.10988
2257
 1382662661.11362
2258
 1382662662.141
2259
 1382662663.17568
2260
 1382662664.17133
2261
 1382662666.19972
2262
 1382662667.21349
2263
 1382662668.25023
2264
 1382662669.26733
2265
 1382662670.30822
2266
 1382662672.32918
2267
 1382662673.36362
2268
 1382662674.37065
2269
 1382662675.39089
2270
 1382662676.42581
2271
 1382662677.43665
2272
 1382662679.481
2273
 1382662680.50984
2274
 1382662681.5231
2275
 1382662682.53719
2276
 1382662684.59329
2277
 1382662685.5909
2278
 1382662686.60505
2279
 1382662687.62605
2280
 1382662688.63868
2281
 1382662689.65372
2282
 1382662691.71164
2283
 1382662692.72815
2284
 1382662693.76801
2285
 1382662694.80687
2286
 1382662695.80387
2287
 1382662696.81944
2288
 1382662697.86586
2289
 1382662699.89638
2290
 1382662700.93559
2291
 1382662701.92122
2292
 1382662702.94679
2293
 1382662703.95683
2294
 1382662705.98853
2295
 1382662707.01164
2296
 1382662708.033
2297
 1382662710.08478
2298
 1382662711.11891
2299
 1382662712.15732
2300
 1382662713.17036
2301
 1382662714.15679
2302
 1382662715.17478
2303
 1382662716.21614
2304
 1382662718.24039
2305
 1382662719.27189
2306
 1382662720.28972
2307
 1382662721.30008
2308
 1382662722.33641
2309
 1382662724.3726
2310
 1382662725.3871
2311
 1382662726.39809
2312
 1382662727.42812
2313
 1382662729.46314
2314
 1382662730.49042
2315
 1382662731.51006
2316
 1382662732.55872
2317
 1382662733.56888
2318
 1382662735.63834
2319
 1382662736.6541
2320
 1382662737.68535
2321
 1382662738.70062
2322
 1382662739.72316
2323
 1382662741.76419
2324
 1382662742.80826
2325
 1382662743.82133
2326
 1382662744.818
2327
 1382662745.85257
2328
 1382662746.86957
2329
 1382662747.88259
2330
 1382662749.944
2331
 1382662750.956
2332
 1382662751.95204
2333
 1382662753.99199
2334
 1382662755.01996
2335
 1382662756.03186
2336
 1382662757.06031
2337
 1382662758.09564
2338
 1382662760.12072
2339
 1382662761.15744
2340
 1382662762.17211
2341
 1382662763.18895
2342
 1382662764.22318
2343
 1382662765.22552
2344
 1382662767.26564
2345
 1382662768.30054
2346
 1382662769.32028
2347
 1382662770.3404
2348
 1382662771.36086
2349
 1382662773.41264
2350
 1382662774.45523
2351
 1382662775.4407
2352
 1382662776.48148
2353
 1382662777.46704
2354
 1382662778.50023
2355
 1382662780.5697
2356
 1382662781.58339
2357
 1382662782.59963
2358
 1382662784.68033
2359
 1382662785.68563
2360
 1382662786.68725
2361
 1382662787.70676
2362
 1382662788.71721
2363
 1382662790.74907
2364
 1382662791.76608
2365
 1382662792.7831
2366
 1382662793.8007
2367
 1382662794.82937
2368
 1382662796.87126
2369
 1382662797.90759
2370
 1382662798.94969
2371
 1382662800.95586
2372
 1382662801.97776
2373
 1382662803.01491
2374
 1382662804.0189
2375
 1382662805.04362
2376
 1382662806.06855
2377
 1382662808.11597
2378
 1382662809.1342
2379
 1382662810.15388
2380
 1382662811.17897
2381
 1382662813.21905
2382
 1382662814.22921
2383
 1382662815.2417
2384
 1382662817.27538
2385
 1382662818.31888
2386
 1382662819.31077
2387
 1382662820.33939
2388
 1382662821.36106
2389
 1382662823.42745
2390
 1382662824.43707
2391
 1382662825.47713
2392
 1382662826.47163
2393
 1382662828.54234
2394
 1382662829.52782
2395
 1382662830.56671
2396
 1382662831.57742
2397
 1382662832.61541
2398
 1382662834.64117
2399
 1382662835.68273
2400
 1382662836.66644
2401
 1382662837.69739
2402
 1382662838.71203
2403
 1382662840.77631
2404
 1382662841.81695
2405
 1382662842.82474
2406
 1382662843.84134
2407
 1382662844.87496
2408
 1382662846.92321
2409
 1382662847.96213
2410
 1382662848.96996
2411
 1382662849.9948
2412
 1382662852.04456
2413
 1382662853.02932
2414
 1382662854.04877
2415
 1382662855.0823
2416
 1382662857.10771
2417
 1382662858.14395
2418
 1382662859.16071
2419
 1382662861.2024
2420
 1382662862.23053
2421
 1382662863.24335
2422
 1382662864.25904
2423
 1382662866.30351
2424
 1382662867.34473
2425
 1382662868.37161
2426
 1382662869.3954
2427
 1382662870.40941
2428
 1382662871.44336
2429
 1382662873.49328
2430
 1382662874.52403
2431
 1382662876.55712
2432
 1382662877.56987
2433
 1382662878.60111
2434
 1382662879.61783
2435
 1382662880.65582
2436
 1382662881.66268
2437
 1382662883.71037
2438
 1382662884.73543
2439
 1382662885.7659
2440
 1382662886.78242
2441
 1382662888.83115
2442
 1382662889.86979
2443
 1382662890.86566
2444
 1382662891.89505
2445
 1382662893.95388
2446
 1382662894.99511
2447
 1382662895.99107
2448
 1382662897.01037
2449
 1382662899.08013
2450
 1382662900.10542
2451
 1382662901.12179
2452
 1382662903.17614
2453
 1382662904.18801
2454
 1382662905.21925
2455
 1382662906.25816
2456
 1382662907.25718
2457
 1382662909.31781
2458
 1382662910.35625
2459
 1382662911.3522
2460
 1382662912.37684
2461
 1382662914.42364
2462
 1382662915.43686
2463
 1382662916.4751
2464
 1382662918.49957
2465
 1382662919.51735
2466
 1382662920.5382
2467
 1382662921.57389
2468
 1382662923.62133
2469
 1382662924.65017
2470
 1382662925.6658
2471
 1382662926.67899
2472
 1382662927.71124
2473
 1382662929.75901
2474
 1382662930.76928
2475
 1382662931.77924
2476
 1382662933.81172
2477
 1382662934.83011
2478
 1382662935.87377
2479
 1382662936.88502
2480
 1382662938.9368
2481
 1382662939.96996
2482
 1382662940.98356
2483
 1382662942.02207
2484
 1382662944.0377
2485
 1382662945.05376
2486
 1382662946.09424
2487
 1382662947.07934
2488
 1382662949.14642
2489
 1382662950.18396
2490
 1382662951.1844
2491
 1382662952.21938
2492
 1382662954.25261
2493
 1382662955.28999
2494
 1382662956.28557
2495
 1382662957.33287
2496
 1382662958.34398
2497
 1382662960.36135
2498
 1382662961.37818
2499
 1382662962.39142
2500
 1382662964.43191
2501
 1382662965.4445
2502
 1382662966.47576
2503
 1382662968.5266
2504
 1382662969.53828
2505
 1382662971.58624
2506
 1382662972.62108
2507
 1382662973.61308
2508
 1382662975.68002
2509
 1382662976.72365
2510
 1382662977.71467
2511
 1382662978.72749
2512
 1382662979.75023
2513
 1382662981.82417
2514
 1382662982.813
2515
 1382662983.84596
2516
 1382662985.90329
2517
 1382662986.93994
2518
 1382662987.93838
2519
 1382662988.97583
2520
 1382662990.00299
2521
 1382662992.06056
2522
 1382662993.09141
2523
 1382662994.11543
2524
 1382662996.17945
2525
 1382662997.18749
2526
 1382662998.20126
2527
 1382663000.2675
2528
 1382663001.29007
2529
 1382663002.30213
2530
 1382663004.34243
2531
 1382663005.3808
2532
 1382663006.41978
2533
 1382663008.44429
2534
 1382663009.47089
2535
 1382663010.50051
2536
 1382663011.51319
2537
 1382663013.55552
2538
 1382663014.60736
2539
 1382663015.61749
2540
 1382663017.66531
2541
 1382663018.67605
2542
 1382663019.70004
2543
 1382663021.743
2544
 1382663022.785
2545
 1382663023.7943
2546
 1382663025.82862
2547
 1382663026.86892
2548
 1382663027.91137
2549
 1382663029.92208
2550
 1382663030.94012
2551
 1382663031.95727
2552
 1382663034.00113
2553
 1382663035.03662
2554
 1382663036.05557
2555
 1382663037.09304
2556
 1382663039.16347
2557
 1382663040.2027
2558
 1382663041.22161
2559
 1382663043.24327
2560
 1382663044.28086
2561
 1382663045.3155
2562
 1382663046.31009
2563
 1382663048.33782
2564
 1382663049.38065
2565
 1382663051.41092
2566
 1382663052.44379
2567
 1382663053.46992
2568
 1382663055.53727
2569
 1382663056.57528
2570
 1382663057.59029
2571
 1382663058.61189
2572
 1382663060.64905
2573
 1382663061.67543
2574
 1382663062.71191
2575
 1382663064.79562
2576
 1382663065.84097
2577
 1382663066.84418
2578
 1382663068.8906
2579
 1382663069.92424
2580
 1382663070.95914
2581
 1382663071.98735
2582
 1382663074.02347
2583
 1382663075.0429
2584
 1382663077.1096
2585
 1382663078.14636
2586
 1382663079.16881
2587
 1382663080.18914
2588
 1382663082.22746
2589
 1382663083.24695
2590
 1382663084.29761
2591
 1382663085.301
2592
 1382663087.37664
2593
 1382663088.36923
2594
 1382663090.41612
2595
 1382663091.44193
2596
 1382663093.48169
2597
 1382663094.51324
2598
 1382663095.55096
2599
 1382663097.57825
2600
 1382663098.59142
2601
 1382663099.60395
2602
 1382663101.65375
2603
 1382663102.68038
2604
 1382663103.6906
2605
 1382663105.72905
2606
 1382663106.74613
2607
 1382663107.78755
2608
 1382663109.81408
2609
 1382663110.82435
2610
 1382663111.84645
2611
 1382663112.86883
2612
 1382663114.90485
2613
 1382663115.92397
2614
 1382663116.9644
2615
 1382663118.99986
2616
 1382663120.01191
2617
 1382663122.06857
2618
 1382663123.07661
2619
 1382663124.10022
2620
 1382663125.13077
2621
 1382663127.19012
2622
 1382663128.19948
2623
 1382663130.23789
2624
 1382663131.26498
2625
 1382663132.29272
2626
 1382663133.30662
2627
 1382663135.35463
2628
 1382663136.37763
2629
 1382663137.38977
2630
 1382663139.44737
2631
 1382663140.4815
2632
 1382663142.49716
2633
 1382663143.51852
2634
 1382663144.54066
2635
 1382663145.58175
2636
 1382663147.61332
2637
 1382663148.63604
2638
 1382663149.66851
2639
 1382663151.71083
2640
 1382663152.74124
2641
 1382663153.75857
2642
 1382663155.81346
2643
 1382663156.84783
2644
 1382663157.86726
2645
 1382663159.92866
2646
 1382663160.94223
2647
 1382663162.99273
2648
 1382663164.0138
2649
 1382663165.04607
2650
 1382663167.08753
2651
 1382663168.10737
2652
 1382663170.14454
2653
 1382663171.16918
2654
 1382663172.18741
2655
 1382663173.228
2656
 1382663175.24816
2657
 1382663176.26661
2658
 1382663178.32705
2659
 1382663179.32751
2660
 1382663180.34781
2661
 1382663182.41698
2662
 1382663183.44082
2663
 1382663185.46455
2664
 1382663186.50424
2665
 1382663187.51813
2666
 1382663189.57339
2667
 1382663190.60574
2668
 1382663191.63003
2669
 1382663193.6854
2670
 1382663194.71169
2671
 1382663196.76274
2672
 1382663197.775
2673
 1382663198.81242
2674
 1382663199.81904
2675
 1382663201.85439
2676
 1382663202.88622
2677
 1382663203.91491
2678
 1382663205.9522
2679
 1382663206.97281
2680
 1382663208.00192
2681
 1382663210.02895
2682
 1382663211.05611
2683
 1382663213.11947
2684
 1382663214.15181
2685
 1382663215.19787
2686
 1382663217.21789
2687
 1382663218.24757
2688
 1382663220.27789
2689
 1382663221.36798
2690
 1382663222.33437
2691
 1382663224.37308
2692
 1382663225.39286
2693
 1382663226.41521
2694
 1382663228.46947
2695
 1382663229.46618
2696
 1382663231.50599
2697
 1382663232.53233
2698
 1382663234.56166
2699
 1382663235.58207
2700
 1382663236.60766
2701
 1382663238.63406
2702
 1382663239.66043
2703
 1382663241.70082
2704
 1382663242.71728
2705
 1382663243.73795
2706
 1382663245.79663
2707
 1382663246.81857
2708
 1382663247.85354
2709
 1382663249.88293
2710
 1382663250.92248
2711
 1382663251.91076
2712
 1382663253.96074
2713
 1382663254.97964
2714
 1382663255.99651
2715
 1382663258.02512
2716
 1382663259.04807
2717
 1382663261.08514
2718
 1382663262.09711
2719
 1382663264.16683
2720
 1382663265.18071
2721
 1382663267.25626
2722
 1382663268.29176
2723
 1382663269.32993
2724
 1382663270.33009
2725
 1382663272.39847
2726
 1382663273.39396
2727
 1382663275.44243
2728
 1382663276.46697
2729
 1382663277.48665
2730
 1382663279.53808
2731
 1382663280.57386
2732
 1382663281.6068
2733
 1382663283.65819
2734
 1382663284.6537
2735
 1382663286.69313
2736
 1382663287.70629
2737
 1382663288.71955
2738
 1382663290.77956
2739
 1382663292.81597
2740
 1382663293.84687
2741
 1382663294.87722
2742
 1382663295.88733
2743
 1382663297.9258
2744
 1382663298.95121
2745
 1382663301.01119
2746
 1382663302.02811
2747
 1382663304.05807
2748
 1382663305.08518
2749
 1382663307.14818
2750
 1382663308.17573
2751
 1382663310.23452
2752
 1382663311.2204
2753
 1382663312.24129
2754
 1382663314.28665
2755
 1382663315.30734
2756
 1382663317.38894
2757
 1382663318.42737
2758
 1382663319.47184
2759
 1382663320.46837
2760
 1382663322.54321
2761
 1382663323.56546
2762
 1382663325.60477
2763
 1382663326.6308
2764
 1382663328.67593
2765
 1382663329.68802
2766
 1382663330.70897
2767
 1382663332.75786
2768
 1382663333.79349
2769
 1382663335.84955
2770
 1382663336.86441
2771
 1382663337.90781
2772
 1382663339.93647
2773
 1382663340.93747
2774
 1382663342.97804
2775
 1382663344.01243
2776
 1382663345.02848
2777
 1382663347.11647
2778
 1382663348.18843
2779
 1382663350.2033
2780
 1382663352.22772
2781
 1382663353.23246
2782
 1382663354.24565
2783
 1382663356.30138
2784
 1382663357.30913
2785
 1382663359.34541
2786
 1382663360.36026
2787
 1382663362.42129
2788
 1382663363.44582
2789
 1382663364.47975
2790
 1382663365.51877
2791
 1382663367.53035
2792
 1382663368.55181
2793
 1382663370.60043
2794
 1382663371.58767
2795
 1382663373.63485
2796
 1382663374.67141
2797
 1382663376.70309
2798
 1382663377.74542
2799
 1382663379.76214
2800
 1382663380.79806
2801
 1382663382.82425
2802
 1382663383.82566
2803
 1382663384.83621
2804
 1382663386.90839
2805
 1382663387.90161
2806
 1382663389.93592
2807
 1382663390.96827
2808
 1382663391.99625
2809
 1382663394.04043
2810
 1382663395.05717
2811
 1382663397.07942
2812
 1382663398.12133
2813
 1382663400.16011
2814
 1382663401.17343
2815
 1382663402.1676
2816
 1382663404.21077
2817
 1382663405.23989
2818
 1382663407.28034
2819
 1382663408.31986
2820
 1382663410.3369
2821
 1382663411.35671
2822
 1382663412.39092
2823
 1382663414.44033
2824
 1382663415.45058
2825
 1382663417.50724
2826
 1382663418.54983
2827
 1382663420.57844
2828
 1382663421.57352
2829
 1382663423.63734
2830
 1382663424.6704
2831
 1382663426.7281
2832
 1382663427.73116
2833
 1382663429.77267
2834
 1382663430.79032
2835
 1382663432.82854
2836
 1382663433.83497
2837
 1382663435.88791
2838
 1382663436.90943
2839
 1382663437.92034
2840
 1382663439.98411
2841
 1382663440.99924
2842
 1382663443.05429
2843
 1382663444.08633
2844
 1382663445.11257
2845
 1382663447.16209
2846
 1382663448.18447
2847
 1382663450.23064
2848
 1382663451.25567
2849
 1382663453.30292
2850
 1382663454.33712
2851
 1382663455.36022
2852
 1382663457.42362
2853
 1382663458.46058
2854
 1382663460.49538
2855
 1382663461.52763
2856
 1382663463.57733
2857
 1382663464.57274
2858
 1382663466.6251
2859
 1382663467.66594
2860
 1382663469.70642
2861
 1382663470.72591
2862
 1382663472.77817
2863
 1382663473.79174
2864
 1382663474.81664
2865
 1382663476.85713
2866
 1382663477.88194
2867
 1382663479.91865
2868
 1382663480.93203
2869
 1382663482.96133
2870
 1382663484.00612
2871
 1382663485.00201
2872
 1382663487.06364
2873
 1382663489.11927
2874
 1382663490.12622
2875
 1382663491.15036
2876
 1382663493.18222
2877
 1382663495.23995
2878
 1382663496.26102
2879
 1382663497.30175
2880
 1382663499.35254
2881
 1382663500.37763
2882
 1382663502.43202
2883
 1382663504.46969
2884
 1382663505.51168
2885
 1382663506.53269
2886
 1382663508.58304
2887
 1382663509.61886
2888
 1382663511.67228
2889
 1382663512.69959
2890
 1382663513.72282
2891
 1382663515.78843
2892
 1382663517.85272
2893
 1382663518.89807
2894
 1382663519.88257
2895
 1382663521.95137
2896
 1382663522.9581
2897
 1382663525.01291
2898
 1382663527.0425
2899
 1382663528.0747
2900
 1382663529.08771
2901
 1382663531.14981
2902
 1382663532.19134
2903
 1382663534.21976
2904
 1382663535.23613
2905
 1382663537.29579
2906
 1382663538.32796
2907
 1382663539.35938
2908
 1382663540.38974
2909
 1382663542.43643
2910
 1382663544.47924
2911
 1382663545.49296
2912
 1382663547.54667
2913
 1382663548.57705
2914
 1382663550.64061
2915
 1382663551.67719
2916
 1382663553.72912
2917
 1382663554.74214
2918
 1382663555.77415
2919
 1382663557.80338
2920
 1382663559.85132
2921
 1382663560.87191
2922
 1382663562.90408
2923
 1382663563.9224
2924
 1382663565.97567
2925
 1382663568.01935
2926
 1382663569.0372
2927
 1382663571.07795
2928
 1382663572.10801
2929
 1382663573.13534
2930
 1382663575.19902
2931
 1382663576.21763
2932
 1382663578.27129
2933
 1382663579.31069
2934
 1382663581.35088
2935
 1382663582.37538
2936
 1382663584.42992
2937
 1382663585.45525
2938
 1382663587.51267
2939
 1382663588.51357
2940
 1382663590.56568
2941
 1382663591.60989
2942
 1382663593.6226
2943
 1382663594.64032
2944
 1382663596.6788
2945
 1382663597.70085
2946
 1382663599.73999
2947
 1382663600.76323
2948
 1382663602.79616
2949
 1382663603.82365
2950
 1382663605.86453
2951
 1382663606.88873
2952
 1382663608.95033
2953
 1382663609.98009
2954
 1382663612.03369
2955
 1382663613.06109
2956
 1382663614.07815
2957
 1382663616.1015
2958
 1382663618.13923
2959
 1382663619.16895
2960
 1382663620.18403
2961
 1382663622.22155
2962
 1382663624.25754
2963
 1382663625.28279
2964
 1382663626.32103
2965
 1382663628.33151
2966
 1382663630.3945
2967
 1382663631.41093
2968
 1382663632.43807
2969
 1382663634.47964
2970
 1382663636.54916
2971
 1382663637.53562
2972
 1382663639.57485
2973
 1382663640.59389
2974
 1382663641.61384
2975
 1382663643.65643
2976
 1382663645.70019
2977
 1382663646.73295
2978
 1382663647.76544
2979
 1382663649.79901
2980
 1382663651.84343
2981
 1382663652.88353
2982
 1382663654.89869
2983
 1382663655.92776
2984
 1382663657.9821
2985
 1382663658.97719
2986
 1382663661.02404
2987
 1382663662.04584
2988
 1382663664.0935
2989
 1382663666.14526
2990
 1382663667.17895
2991
 1382663669.22817
2992
 1382663670.24374
2993
 1382663672.30807
2994
 1382663673.33088
2995
 1382663675.38082
2996
 1382663676.39609
2997
 1382663678.43432
2998
 1382663679.4549
2999
 1382663681.50402
3000
 1382663682.53937
3001
 1382663684.59572
3002
 1382663685.60871
3003
 1382663687.62648
3004
 1382663689.6595
3005
 1382663690.69543
3006
 1382663692.74985
3007
 1382663693.74486
3008
 1382663695.78609
3009
 1382663696.81456
3010
 1382663698.85763
3011
 1382663699.88602
3012
 1382663700.90851
3013
 1382663702.94836
3014
 1382663703.97708
3015
 1382663706.03263
3016
 1382663707.06537
3017
 1382663709.12808
3018
 1382663710.1409
3019
 1382663712.20067
3020
 1382663713.21356
3021
 1382663715.25117
3022
 1382663716.28842
3023
 1382663718.32899
3024
 1382663720.38259
3025
 1382663721.42462
3026
 1382663723.44334
3027
 1382663724.45505
3028
 1382663726.50173
3029
 1382663728.55835
3030
 1382663729.57552
3031
 1382663731.62741
3032
 1382663732.62144
3033
 1382663734.67169
3034
 1382663735.68571
3035
 1382663737.72367
3036
 1382663738.73914
3037
 1382663740.78993
3038
 1382663741.82098
3039
 1382663743.86425
3040
 1382663745.91728
3041
 1382663746.93232
3042
 1382663748.99917
3043
 1382663750.01706
3044
 1382663752.06015
3045
 1382663753.08636
3046
 1382663755.13937
3047
 1382663757.1876
3048
 1382663758.22439
3049
 1382663759.27191
3050
 1382663761.29762
3051
 1382663763.37339
3052
 1382663764.36988
3053
 1382663766.42899
3054
 1382663767.43163
3055
 1382663768.45645
3056
 1382663770.50532
3057
 1382663772.54019
3058
 1382663773.56174
3059
 1382663775.62433
3060
 1382663777.66733
3061
 1382663778.70132
3062
 1382663780.7641
3063
 1382663781.78096
3064
 1382663783.80165
3065
 1382663785.83574
3066
 1382663786.85967
3067
 1382663788.92495
3068
 1382663789.94784
3069
 1382663792.00207
3070
 1382663792.9954
3071
 1382663795.04302
3072
 1382663796.07
3073
 1382663797.1112
3074
 1382663799.1578
3075
 1382663801.20292
3076
 1382663802.2312
3077
 1382663804.29277
3078
 1382663805.31562
3079
 1382663807.36614
3080
 1382663808.39974
3081
 1382663810.44683
3082
 1382663812.50883
3083
 1382663813.5236
3084
 1382663815.56537
3085
 1382663817.61393
3086
 1382663818.65421
3087
 1382663820.72264
3088
 1382663821.73981
3089
 1382663823.78903
3090
 1382663824.81058
3091
 1382663826.85175
3092
 1382663827.86559
3093
 1382663829.90954
3094
 1382663831.95861
3095
 1382663832.99381
3096
 1382663835.06223
3097
 1382663836.08176
3098
 1382663838.14909
3099
 1382663839.14646
3100
 1382663841.22292
3101
 1382663842.22548
3102
 1382663844.26538
3103
 1382663845.299
3104
 1382663847.33927
3105
 1382663848.35451
3106
 1382663850.40331
3107
 1382663851.43431
3108
 1382663853.49562
3109
 1382663855.55648
3110
 1382663856.5756
3111
 1382663858.62671
3112
 1382663859.67041
3113
 1382663861.71123
3114
 1382663862.69852
3115
 1382663864.74219
3116
 1382663865.76444
3117
 1382663867.82203
3118
 1382663869.85406
3119
 1382663871.90337
3120
 1382663873.95919
3121
 1382663876.00427
3122
 1382663877.04518
3123
 1382663878.04838
3124
 1382663880.11675
3125
 1382663882.18771
3126
 1382663884.23161
3127
 1382663885.27333
3128
 1382663887.33107
3129
 1382663888.37694
3130
 1382663890.39672
3131
 1382663892.43421
3132
 1382663893.44332
3133
 1382663895.50875
3134
 1382663896.51879
3135
 1382663898.57163
3136
 1382663900.60579
3137
 1382663901.64426
3138
 1382663903.65075
3139
 1382663905.69209
3140
 1382663907.73279
3141
 1382663908.75522
3142
 1382663910.81679
3143
 1382663912.84252
3144
 1382663914.92586
3145
 1382663916.96485
3146
 1382663918.01014
3147
 1382663920.06994
3148
 1382663921.09438
3149
 1382663923.14033
3150
 1382663925.21019
3151
 1382663926.24788
3152
 1382663928.30763
3153
 1382663930.34122
3154
 1382663932.38269
3155
 1382663933.39015
3156
 1382663935.43235
3157
 1382663936.45328
3158
 1382663938.48649
3159
 1382663940.53461
3160
 1382663941.57199
3161
 1382663943.62708
3162
 1382663945.6921
3163
 1382663946.7261
3164
 1382663948.77041
3165
 1382663949.79457
3166
 1382663951.84018
3167
 1382663953.88099
3168
 1382663954.90522
3169
 1382663956.95724
3170
 1382663959.00813
3171
 1382663960.05603
3172
 1382663962.05994
3173
 1382663964.1047
3174
 1382663965.13917
3175
 1382663966.16483
3176
 1382663968.22752
3177
 1382663970.28681
3178
 1382663971.32739
3179
 1382663973.36366
3180
 1382663974.37435
3181
 1382663976.42952
3182
 1382663978.47096
3183
 1382663979.48384
3184
 1382663981.52201
3185
 1382663982.56417
3186
 1382663984.58067
3187
 1382663986.62346
3188
 1382663987.63476
3189
 1382663989.68164
3190
 1382663990.71168
3191
 1382663992.74603
3192
 1382663993.76022
3193
 1382663995.82257
3194
 1382663997.86413
3195
 1382663998.90661
3196
 1382664000.92876
3197
 1382664001.94174
3198
 1382664003.992
3199
 1382664005.01291
3200
 1382664007.047
3201
 1382664009.10643
3202
 1382664010.12949
3203
 1382664012.1958
3204
 1382664013.22562
3205
 1382664015.2733
3206
 1382664017.32753
3207
 1382664018.35737
3208
 1382664020.43062
3209
 1382664021.44269
3210
 1382664023.50956
3211
 1382664024.52688
3212
 1382664026.59294
3213
 1382664027.6245
3214
 1382664029.66031
3215
 1382664030.68903
3216
 1382664032.7486
3217
 1382664033.76655
3218
 1382664035.79834
3219
 1382664037.83692
3220
 1382664038.8752
3221
 1382664040.9009
3222
 1382664041.9229
3223
 1382664043.96225
3224
 1382664044.97647
3225
 1382664047.0108
3226
 1382664048.02682
3227
 1382664050.06865
3228
 1382664052.12197
3229
 1382664053.16533
3230
 1382664055.17019
3231
 1382664057.2385
3232
 1382664058.27366
3233
 1382664060.28647
3234
 1382664061.30535
3235
 1382664063.36561
3236
 1382664065.4116
3237
 1382664066.4268
3238
 1382664068.47265
3239
 1382664069.48304
3240
 1382664071.53349
3241
 1382664073.57751
3242
 1382664074.61182
3243
 1382664076.65225
3244
 1382664077.66941
3245
 1382664079.75258
3246
 1382664081.76752
3247
 1382664082.78471
3248
 1382664084.83499
3249
 1382664086.89719
3250
 1382664087.90461
3251
 1382664089.97987
3252
 1382664092.04113
3253
 1382664093.0644
3254
 1382664095.11496
3255
 1382664097.14667
3256
 1382664098.16378
3257
 1382664100.21045
3258
 1382664101.24765
3259
 1382664103.28133
3260
 1382664104.30552
3261
 1382664106.33687
3262
 1382664108.3706
3263
 1382664109.40085
3264
 1382664111.45288
3265
 1382664112.46696
3266
 1382664114.49763
3267
 1382664116.55129
3268
 1382664117.57237
3269
 1382664119.60523
3270
 1382664121.64742
3271
 1382664123.68689
3272
 1382664124.72219
3273
 1382664126.75885
3274
 1382664127.79631
3275
 1382664129.82401
3276
 1382664131.88888
3277
 1382664132.89778
3278
 1382664134.92656
3279
 1382664136.96696
3280
 1382664139.00645
3281
 1382664140.02039
3282
 1382664142.04659
3283
 1382664144.08923
3284
 1382664145.10045
3285
 1382664147.16103
3286
 1382664148.16656
3287
 1382664150.24011
3288
 1382664151.24649
3289
 1382664153.29743
3290
 1382664155.3187
3291
 1382664156.3352
3292
 1382664158.41795
3293
 1382664160.44359
3294
 1382664161.46277
3295
 1382664163.51071
3296
 1382664165.55455
3297
 1382664166.57508
3298
 1382664168.64035
3299
 1382664170.69238
3300
 1382664172.74224
3301
 1382664173.77341
3302
 1382664175.83741
3303
 1382664177.89063
3304
 1382664178.90108
3305
 1382664179.95509
3306
 1382664181.97692
3307
 1382664184.02924
3308
 1382664185.05675
3309
 1382664187.11312
3310
 1382664189.17562
3311
 1382664190.17681
3312
 1382664192.22507
3313
 1382664194.26842
3314
 1382664195.29091
3315
 1382664197.31992
3316
 1382664199.36458
3317
 1382664201.40544
3318
 1382664202.41758
3319
 1382664204.4657
3320
 1382664206.51683
3321
 1382664207.54873
3322
 1382664209.62134
3323
 1382664210.64313
3324
 1382664212.68059
3325
 1382664214.71558
3326
 1382664215.73598
3327
 1382664217.7725
3328
 1382664219.83513
3329
 1382664220.87528
3330
 1382664222.91604
3331
 1382664223.91444
3332
 1382664225.97943
3333
 1382664228.00209
3334
 1382664230.0698
3335
 1382664232.09633
3336
 1382664233.14025
3337
 1382664235.15686
3338
 1382664236.18355
3339
 1382664238.22176
3340
 1382664240.25979
3341
 1382664242.30099
3342
 1382664243.33598
3343
 1382664245.39136
3344
 1382664247.45062
3345
 1382664248.44359
3346
 1382664250.51041
3347
 1382664251.55131
3348
 1382664253.56757
3349
 1382664255.62316
3350
 1382664257.69591
3351
 1382664258.7134
3352
 1382664260.76377
3353
 1382664262.79529
3354
 1382664264.86838
3355
 1382664265.8887
3356
 1382664267.94088
3357
 1382664269.9976
3358
 1382664271.03164
3359
 1382664273.08724
3360
 1382664274.12537
3361
 1382664276.15313
3362
 1382664278.19487
3363
 1382664280.21889
3364
 1382664281.25358
3365
 1382664283.2861
3366
 1382664285.34733
3367
 1382664286.36248
3368
 1382664288.43467
3369
 1382664289.45998
3370
 1382664291.50685
3371
 1382664293.56996
3372
 1382664294.60622
3373
 1382664296.65356
3374
 1382664298.70427
3375
 1382664299.73706
3376
 1382664301.79401
3377
 1382664303.82432
3378
 1382664304.86313
3379
 1382664306.92207
3380
 1382664308.96494
3381
 1382664311.03084
3382
 1382664312.0303
3383
 1382664314.05801
3384
 1382664315.08226
3385
 1382664317.13366
3386
 1382664319.18047
3387
 1382664320.21825
3388
 1382664322.24046
3389
 1382664324.28696
3390
 1382664326.33947
3391
 1382664327.37981
3392
 1382664329.4199
3393
 1382664330.43248
3394
 1382664332.48024
3395
 1382664334.52626
3396
 1382664336.58472
3397
 1382664337.60293
3398
 1382664339.6629
3399
 1382664341.68898
3400
 1382664342.71161
3401
 1382664344.74194
3402
 1382664346.79213
3403
 1382664348.84593
3404
 1382664349.86338
3405
 1382664351.9023
3406
 1382664353.95809
3407
 1382664354.9721
3408
 1382664357.02074
3409
 1382664359.06727
3410
 1382664360.10217
3411
 1382664362.15834
3412
 1382664364.16421
3413
 1382664366.21401
3414
 1382664367.24693
3415
 1382664369.29084
3416
 1382664370.32527
3417
 1382664372.37815
3418
 1382664374.44741
3419
 1382664376.46747
3420
 1382664377.50732
3421
 1382664379.55762
3422
 1382664381.60628
3423
 1382664383.66188
3424
 1382664384.67529
3425
 1382664386.73757
3426
 1382664387.76517
3427
 1382664389.82254
3428
 1382664391.87615
3429
 1382664392.91631
3430
 1382664394.92967
3431
 1382664396.96764
3432
 1382664397.98605
3433
 1382664400.0365
3434
 1382664402.08148
3435
 1382664404.1564
3436
 1382664405.194
3437
 1382664407.22137
3438
 1382664409.28029
3439
 1382664411.30062
3440
 1382664413.33745
3441
 1382664414.35796
3442
 1382664416.41199
3443
 1382664418.4731
3444
 1382664419.51324
3445
 1382664421.53019
3446
 1382664423.58414
3447
 1382664424.62589
3448
 1382664426.6479
3449
 1382664427.67
3450
 1382664429.72367
3451
 1382664431.76103
3452
 1382664433.81653
3453
 1382664434.80733
3454
 1382664436.83983
3455
 1382664437.85246
3456
 1382664439.88596
3457
 1382664441.94192
3458
 1382664443.98676
3459
 1382664446.04992
3460
 1382664447.08752
3461
 1382664449.16093
3462
 1382664451.19617
3463
 1382664453.23183
3464
 1382664454.24869
3465
 1382664456.28089
3466
 1382664458.32741
3467
 1382664460.3853
3468
 1382664461.41133
3469
 1382664463.46457
3470
 1382664465.52366
3471
 1382664466.54945
3472
 1382664468.59805
3473
 1382664470.64768
3474
 1382664471.68814
3475
 1382664473.72928
3476
 1382664475.77926
3477
 1382664477.82907
3478
 1382664478.86237
3479
 1382664480.90513
3480
 1382664482.95857
3481
 1382664485.0119
3482
 1382664486.03894
3483
 1382664488.11616
3484
 1382664490.15006
3485
 1382664491.16912
3486
 1382664493.22294
3487
 1382664495.27475
3488
 1382664497.33064
3489
 1382664498.36171
3490
 1382664500.40418
3491
 1382664502.46347
3492
 1382664503.4839
3493
 1382664505.54644
3494
 1382664507.56143
3495
 1382664509.61536
3496
 1382664510.64313
3497
 1382664512.6826
3498
 1382664514.7319
3499
 1382664516.76289
3500
 1382664517.79022
3501
 1382664519.84938
3502
 1382664521.85639
3503
 1382664522.89561
3504
 1382664524.90973
3505
 1382664526.95235
3506
 1382664527.98952
3507
 1382664530.01161
3508
 1382664532.05599
3509
 1382664534.09469
3510
 1382664536.13715
3511
 1382664537.16803
3512
 1382664539.2262
3513
 1382664541.28171
3514
 1382664542.31128
3515
 1382664544.36045
3516
 1382664546.41734
3517
 1382664548.44936
3518
 1382664550.50793
3519
 1382664551.53576
3520
 1382664553.58543
3521
 1382664555.61334
3522
 1382664558.67643
3523
 1382664559.70487
3524
 1382664561.75995
3525
 1382664563.79929
3526
 1382664564.82774
3527
 1382664566.89991
3528
 1382664568.9628
3529
 1382664570.00309
3530
 1382664572.02636
3531
 1382664574.07264
3532
 1382664575.06697
3533
 1382664577.11065
3534
 1382664579.16677
3535
 1382664580.18833
3536
 1382664582.24301
3537
 1382664584.30171
3538
 1382664586.34692
3539
 1382664587.36902
3540
 1382664589.44299
3541
 1382664591.46302
3542
 1382664593.51983
3543
 1382664594.52002
3544
 1382664596.57852
3545
 1382664598.5914
3546
 1382664600.63959
3547
 1382664601.67821
3548
 1382664603.68442
3549
 1382664605.73907
3550
 1382664607.76609
3551
 1382664609.79411
3552
 1382664610.82533
3553
 1382664612.88497
3554
 1382664614.90728
3555
 1382664615.9397
3556
 1382664617.97822
3557
 1382664620.03243
3558
 1382664622.09544
3559
 1382664624.13351
3560
 1382664626.16655
3561
 1382664627.18486
3562
 1382664629.23444
3563
 1382664630.25284
3564
 1382664632.28929
3565
 1382664634.33763
3566
 1382664636.38684
3567
 1382664637.42248
3568
 1382664639.47682
3569
 1382664641.54642
3570
 1382664642.58924
3571
 1382664644.59535
3572
 1382664646.6724
3573
 1382664648.68287
3574
 1382664650.74139
3575
 1382664652.79437
3576
 1382664654.8484
3577
 1382664655.87401
3578
 1382664657.91819
3579
 1382664659.95129
3580
 1382664660.97649
3581
 1382664663.05411
3582
 1382664665.08033
3583
 1382664667.13207
3584
 1382664669.18382
3585
 1382664670.21504
3586
 1382664672.28274
3587
 1382664674.32519
3588
 1382664676.37401
3589
 1382664677.40221
3590
 1382664679.44059
3591
 1382664681.48166
3592
 1382664682.50694
3593
 1382664684.5624
3594
 1382664686.63925
3595
 1382664688.67563
3596
 1382664690.71165
3597
 1382664691.73963
3598
 1382664693.79452
3599
 1382664695.82855
3600
 1382664697.87031
3601
 1382664699.90024
3602
 1382664700.91991
3603
 1382664702.96716
3604
 1382664705.00184
3605
 1382664707.07197
3606
 1382664709.1207
3607
 1382664711.18115
3608
 1382664712.21002
3609
 1382664714.25985
3610
 1382664716.31283
3611
 1382664718.36695
3612
 1382664719.40908
3613
 1382664721.42432
3614
 1382664723.5051
3615
 1382664725.54318
3616
 1382664726.57562
3617
 1382664728.62324
3618
 1382664730.6474
3619
 1382664732.68375
3620
 1382664734.72948
3621
 1382664735.75947
3622
 1382664737.80514
3623
 1382664739.8752
3624
 1382664741.88764
3625
 1382664743.95528
3626
 1382664744.99428
3627
 1382664747.04032
3628
 1382664749.07004
3629
 1382664750.0927
3630
 1382664753.16276
3631
 1382664754.17911
3632
 1382664756.22492
3633
 1382664758.28946
3634
 1382664760.34221
3635
 1382664761.36942
3636
 1382664763.41172
3637
 1382664765.45151
3638
 1382664767.49196
3639
 1382664769.55676
3640
 1382664771.60861
3641
 1382664773.64924
3642
 1382664774.67736
3643
 1382664776.73776
3644
 1382664778.76895
3645
 1382664780.78774
3646
 1382664782.83799
3647
 1382664783.87748
3648
 1382664785.92565
3649
 1382664787.96672
3650
 1382664788.986
3651
 1382664791.03221
3652
 1382664793.08749
3653
 1382664794.13088
3654
 1382664796.14395
3655
 1382664798.21001
3656
 1382664800.25396
3657
 1382664802.31255
3658
 1382664803.33757
3659
 1382664805.36949
3660
 1382664807.42373
3661
 1382664809.46185
3662
 1382664811.49942
3663
 1382664813.55303
3664
 1382664814.57476
3665
 1382664816.63689
3666
 1382664817.67502
3667
 1382664820.73896
3668
 1382664821.76257
3669
 1382664823.80309
3670
 1382664825.85137
3671
 1382664827.91437
3672
 1382664829.97377
3673
 1382664832.02353
3674
 1382664834.05714
3675
 1382664836.09462
3676
 1382664837.08103
3677
 1382664839.14452
3678
 1382664841.17764
3679
 1382664842.22877
3680
 1382664844.23951
3681
 1382664846.29926
3682
 1382664848.36069
3683
 1382664850.42174
3684
 1382664851.41133
3685
 1382664853.45803
3686
 1382664855.49954
3687
 1382664858.57433
3688
 1382664860.60943
3689
 1382664861.63564
3690
 1382664863.67363
3691
 1382664864.68783
3692
 1382664866.74536
3693
 1382664868.75837
3694
 1382664870.78791
3695
 1382664871.8092
3696
 1382664873.86388
3697
 1382664875.89355
3698
 1382664877.94593
3699
 1382664879.9944
3700
 1382664882.03436
3701
 1382664883.05209
3702
 1382664885.08675
3703
 1382664886.10389
3704
 1382664889.17285
3705
 1382664890.17635
3706
 1382664892.22837
3707
 1382664894.27161
3708
 1382664896.31625
3709
 1382664898.37404
3710
 1382664900.42248
3711
 1382664902.4774
3712
 1382664904.52265
3713
 1382664906.57869
3714
 1382664907.61561
3715
 1382664909.67648
3716
 1382664911.71862
3717
 1382664913.77732
3718
 1382664915.81939
3719
 1382664916.86404
3720
 1382664918.89514
3721
 1382664920.92643
3722
 1382664921.94615
3723
 1382664924.00196
3724
 1382664926.0454
3725
 1382664928.08485
3726
 1382664930.14566
3727
 1382664931.13779
3728
 1382664933.1788
3729
 1382664935.22398
3730
 1382664937.26541
3731
 1382664939.30393
3732
 1382664941.33382
3733
 1382664943.38825
3734
 1382664945.40893
3735
 1382664947.45501
3736
 1382664948.47689
3737
 1382664950.53255
3738
 1382664952.56994
3739
 1382664953.59254
3740
 1382664955.66672
3741
 1382664957.71243
3742
 1382664959.75044
3743
 1382664960.76519
3744
 1382664962.82543
3745
 1382664964.86722
3746
 1382664966.93499
3747
 1382664968.96487
3748
 1382664971.02186
3749
 1382664973.09754
3750
 1382664975.13197
3751
 1382664977.19231
3752
 1382664979.24783
3753
 1382664980.27219
3754
 1382664982.31939
3755
 1382664984.37855
3756
 1382664986.42496
3757
 1382664987.44767
3758
 1382664990.52969
3759
 1382664991.53736
3760
 1382664993.57133
3761
 1382664995.64623
3762
 1382664996.66117
3763
 1382664999.74837
3764
 1382665000.79099
3765
 1382665002.81813
3766
 1382665003.84296
3767
 1382665005.88969
3768
 1382665007.93946
3769
 1382665010.01633
3770
 1382665012.03707
3771
 1382665014.08652
3772
 1382665016.14481
3773
 1382665018.17557
3774
 1382665019.22873
3775
 1382665021.26484
3776
 1382665023.31598
3777
 1382665025.33978
3778
 1382665027.39444
3779
 1382665029.45732
3780
 1382665030.46776
3781
 1382665033.56818
3782
 1382665035.60386
3783
 1382665036.62753
3784
 1382665038.67341
3785
 1382665040.70315
3786
 1382665042.74305
3787
 1382665044.79098
3788
 1382665046.85223
3789
 1382665047.85526
3790
 1382665049.89791
3791
 1382665051.9735
3792
 1382665054.00764
3793
 1382665056.07765
3794
 1382665057.09059
3795
 1382665060.18472
3796
 1382665062.25822
3797
 1382665063.26704
3798
 1382665065.31573
3799
 1382665067.38555
3800
 1382665069.43637
3801
 1382665071.48622
3802
 1382665073.5429
3803
 1382665074.53592
3804
 1382665076.57004
3805
 1382665078.6125
3806
 1382665080.65056
3807
 1382665082.69479
3808
 1382665083.72269
3809
 1382665086.78329
3810
 1382665087.8187
3811
 1382665089.87378
3812
 1382665091.90557
3813
 1382665092.92616
3814
 1382665094.95841
3815
 1382665096.99775
3816
 1382665100.08255
3817
 1382665102.13233
3818
 1382665104.17662
3819
 1382665105.21267
3820
 1382665107.254
3821
 1382665109.30895
3822
 1382665111.37391
3823
 1382665113.4183
3824
 1382665114.4438
3825
 1382665117.49805
3826
 1382665118.51442
3827
 1382665120.57182
3828
 1382665122.60335
3829
 1382665124.64055
3830
 1382665126.69583
3831
 1382665128.71189
3832
 1382665130.76456
3833
 1382665131.78575
3834
 1382665133.8144
3835
 1382665135.89252
3836
 1382665137.94542
3837
 1382665138.9311
3838
 1382665140.9654
3839
 1382665143.03763
3840
 1382665146.07457
3841
 1382665148.11997
3842
 1382665149.15073
3843
 1382665151.19018
3844
 1382665153.24848
3845
 1382665155.30877
3846
 1382665157.36815
3847
 1382665159.43956
3848
 1382665161.49589
3849
 1382665163.53437
3850
 1382665165.58971
3851
 1382665167.60028
3852
 1382665168.61561
3853
 1382665170.6751
3854
 1382665172.7104
3855
 1382665174.74529
3856
 1382665176.801
3857
 1382665177.82503
3858
 1382665179.87332
3859
 1382665181.94548
3860
 1382665183.97645
3861
 1382665186.00361
3862
 1382665188.05011
3863
 1382665190.09194
3864
 1382665191.12789
3865
 1382665193.16779
3866
 1382665195.2013
3867
 1382665197.27041
3868
 1382665199.29182
3869
 1382665201.34205
3870
 1382665203.37528
3871
 1382665204.39071
3872
 1382665206.43421
3873
 1382665208.50323
3874
 1382665210.54485
3875
 1382665212.60356
3876
 1382665214.63335
3877
 1382665216.68864
3878
 1382665218.74567
3879
 1382665220.8089
3880
 1382665222.84964
3881
 1382665223.8886
3882
 1382665225.9018
3883
 1382665227.9548
3884
 1382665229.99551
3885
 1382665231.01409
3886
 1382665234.08125
3887
 1382665235.10574
3888
 1382665237.15138
3889
 1382665239.22029
3890
 1382665242.27686
3891
 1382665244.32864
3892
 1382665245.36858
3893
 1382665247.39624
3894
 1382665249.42252
3895
 1382665251.47049
3896
 1382665252.50447
3897
 1382665255.57594
3898
 1382665256.62176
3899
 1382665258.63667
3900
 1382665260.67611
3901
 1382665262.74853
3902
 1382665264.77793
3903
 1382665267.84251
3904
 1382665271.95217
3905
 1382665273.98631
3906
 1382665276.05697
3907
 1382665280.20024
3908
 1382665282.20575
3909
 1382665284.2746
3910
 1382665287.38073
3911
 1382665289.43308
3912
 1382665291.47108
3913
 1382665293.52391
3914
 1382665302.77586
3915
 1382665304.83862
3916
 1382665306.8868
3917
 1382665308.9442
3918
 1382665310.97999
3919
 1382665313.06825
3920
 1382665315.07846
3921
 1382665317.13904
3922
 1382665320.20431
3923
 1382665321.22804
3924
 1382665325.34039
3925
 1382665327.40249
3926
 1382665329.43985
3927
 1382665331.4766
3928
 1382665333.54645
3929
 1382665335.59614
3930
 1382665336.64922
3931
 1382665339.71215
3932
 1382665340.73183
3933
 1382665342.73217
3934
 1382665344.77437
3935
 1382665346.80467
3936
 1382665348.84435
3937
 1382665350.87958
3938
 1382665351.89826
3939
 1382665353.96482
3940
 1382665355.99274
3941
 1382665358.02231
3942
 1382665360.06833
3943
 1382665362.11549
3944
 1382665363.15647
3945
 1382665365.18612
3946
 1382665367.22345
3947
 1382665369.27911
3948
 1382665371.3215
3949
 1382665373.38079
3950
 1382665375.38709
3951
 1382665376.41396
3952
 1382665378.48671
3953
 1382665380.51232
3954
 1382665382.56941
3955
 1382665383.61133
3956
 1382665385.64983
3957
 1382665387.6916
3958
 1382665388.73223
3959
 1382665390.76988
3960
 1382665392.81584
3961
 1382665395.89746
3962
 1382665396.91932
3963
 1382665398.95572
3964
 1382665401.01723
3965
 1382665403.05541
3966
 1382665405.07056
3967
 1382665407.1427
3968
 1382665409.19927
3969
 1382665410.2245
3970
 1382665412.2761
3971
 1382665414.33799
3972
 1382665416.37661
3973
 1382665418.43737
3974
 1382665420.47258
3975
 1382665422.51037
3976
 1382665424.55941
3977
 1382665425.57945
3978
 1382665427.65176
3979
 1382665429.72721
3980
 1382665431.75584
3981
 1382665433.81483
3982
 1382665435.82347
3983
 1382665437.87889
3984
 1382665438.91658
3985
 1382665440.97584
3986
 1382665443.015
3987
 1382665445.07223
3988
 1382665447.14856
3989
 1382665449.16919
3990
 1382665451.24423
3991
 1382665452.24428
3992
 1382665454.3067
3993
 1382665456.34558
3994
 1382665458.37816
3995
 1382665460.41064
3996
 1382665462.46201
3997
 1382665464.51189
3998
 1382665466.55909
3999
 1382665467.58076
4000
 1382665469.6156
4001
 1382665471.66348
4002
 1382665473.68976
4003
 1382665475.71549
4004
 1382665477.76661
4005
 1382665479.81342
4006
 1382665480.85021
4007
 1382665482.88137
