 1382649683.6831
9
 1382650266.59432
21
 1382650267.60621
33
 1382650268.59519
44
 1382650269.60502
55
 1382650270.60908
65
 1382650271.61824
75
 1382650272.62051
85
 1382650273.62979
94
 1382650274.63612
103
 1382650275.64365
112
 1382650276.64603
121
 1382650277.69836
129
 1382650278.69879
137
 1382650279.71211
145
 1382650280.71857
153
 1382650281.72937
160
 1382650282.73615
168
 1382650283.74311
175
 1382650284.75059
183
 1382650285.80329
190
 1382650286.81136
197
 1382650287.82784
203
 1382650288.82102
210
 1382650289.83047
217
 1382650290.8347
224
 1382650291.84688
230
 1382650292.86092
237
 1382650293.85267
242
 1382650294.86075
249
 1382650295.86406
255
 1382650296.8786
261
 1382650297.87984
266
 1382650298.88956
272
 1382650299.8909
277
 1382650300.90063
282
 1382650301.90976
288
 1382650302.91604
293
 1382650303.91942
300
 1382650304.92625
305
 1382650305.93881
310
 1382650306.94758
315
 1382650307.96
321
 1382650308.97588
326
 1382650309.96553
331
 1382650310.97625
336
 1382650311.98225
341
 1382650312.98733
346
 1382650313.99231
352
 1382650315.00823
358
 1382650316.01116
363
 1382650317.02786
367
 1382650318.03077
372
 1382650319.03794
377
 1382650320.04857
382
 1382650321.04483
385
 1382650322.05324
391
 1382650323.05841
395
 1382650324.06615
401
 1382650325.07526
405
 1382650326.08102
409
 1382650327.09589
413
 1382650328.10035
418
 1382650329.10452
423
 1382650330.116
427
 1382650331.12716
431
 1382650332.13428
436
 1382650333.13907
440
 1382650334.14393
444
 1382650335.15865
448
 1382650336.1511
453
 1382650337.15676
457
 1382650338.17336
461
 1382650339.18295
465
 1382650340.1874
469
 1382650341.19298
473
 1382650342.20401
477
 1382650343.21114
481
 1382650344.22093
485
 1382650345.23171
490
 1382650346.24139
493
 1382650347.25198
498
 1382650348.25958
501
 1382650349.26407
505
 1382650350.2743
509
 1382650351.27843
513
 1382650352.28474
516
 1382650353.28752
521
 1382650354.29725
525
 1382650355.31194
529
 1382650356.30219
532
 1382650357.31376
536
 1382650358.31698
539
 1382650359.31445
543
 1382650360.32713
547
 1382650361.33037
550
 1382650362.33927
554
 1382650363.34778
557
 1382650364.35428
562
 1382650365.36696
565
 1382650366.36268
569
 1382650367.37448
572
 1382650368.45789
576
 1382650369.46971
579
 1382650370.47528
584
 1382650371.49017
587
 1382650372.48172
590
 1382650373.48879
614
 1382650379.93505
617
 1382650380.94291
620
 1382650381.95001
623
 1382650382.96025
627
 1382650383.96153
631
 1382650384.9676
634
 1382650385.97372
637
 1382650386.97914
640
 1382650387.99037
643
 1382650388.98189
646
 1382650389.98595
650
 1382650390.99488
653
 1382650392.00073
656
 1382650393.00698
659
 1382650394.01215
663
 1382650395.02582
666
 1382650396.02969
669
 1382650397.03204
672
 1382650398.04575
675
 1382650399.03564
678
 1382650400.04126
681
 1382650401.04598
685
 1382650402.05381
687
 1382650403.07212
691
 1382650404.07774
694
 1382650405.34965
698
 1382650406.36052
700
 1382650407.36263
704
 1382650408.37517
706
 1382650409.38664
711
 1382650410.395
713
 1382650411.40145
716
 1382650412.41156
719
 1382650413.42579
722
 1382650414.42516
725
 1382650415.43341
729
 1382650416.57333
732
 1382650417.58277
735
 1382650418.57847
738
 1382650419.5857
741
 1382650420.59922
744
 1382650421.60366
746
 1382650422.61635
766
 1382650429.0799
769
 1382650430.08219
772
 1382650431.09598
775
 1382650432.09488
777
 1382650433.10883
781
 1382650434.10616
783
 1382650435.11119
787
 1382650436.13049
789
 1382650437.201
792
 1382650438.20918
795
 1382650439.21853
798
 1382650440.23243
800
 1382650441.23951
803
 1382650442.25296
806
 1382650443.25407
808
 1382650444.25968
811
 1382650445.26412
814
 1382650446.27411
817
 1382650447.27809
820
 1382650448.47071
823
 1382650449.47919
825
 1382650450.51326
829
 1382650451.52037
831
 1382650452.60921
834
 1382650453.62344
836
 1382650454.6255
839
 1382650455.63277
842
 1382650456.63661
844
 1382650457.63593
847
 1382650458.64457
850
 1382650459.64688
853
 1382650460.6535
855
 1382650461.66093
858
 1382650462.67779
860
 1382650463.68343
863
 1382650464.69337
865
 1382650465.69933
868
 1382650466.71189
870
 1382650467.71505
873
 1382650468.71622
875
 1382650469.71565
879
 1382650470.72591
881
 1382650471.73351
884
 1382650472.74374
886
 1382650473.75421
888
 1382650474.75522
891
 1382650475.76984
893
 1382650476.76473
896
 1382650477.77571
899
 1382650478.78258
901
 1382650479.79109
904
 1382650480.79776
906
 1382650481.8042
908
 1382650482.8154
911
 1382650483.81943
913
 1382650484.82904
916
 1382650485.83385
918
 1382650486.84223
921
 1382650487.85032
923
 1382650488.85363
926
 1382650489.86352
928
 1382650490.8766
931
 1382650491.88158
933
 1382650492.89719
936
 1382650493.91501
938
 1382650494.90809
940
 1382650495.9154
943
 1382650496.92552
945
 1382650497.93446
948
 1382650498.94368
950
 1382650499.95273
952
 1382650500.96087
954
 1382650501.9624
958
 1382650502.9673
960
 1382650503.974
962
 1382650504.98538
964
 1382650505.99895
967
 1382650507.01251
969
 1382650508.00923
972
 1382650509.01494
974
 1382650510.02446
976
 1382650511.03448
978
 1382650512.04234
981
 1382650513.04973
984
 1382650514.05451
985
 1382650515.06385
988
 1382650516.07161
989
 1382650517.0884
992
 1382650518.09123
994
 1382650519.10305
997
 1382650520.09643
999
 1382650521.10097
1002
 1382650522.10646
1004
 1382650523.11467
1006
 1382650524.12791
1007
 1382650525.12558
