 1382660991.7712
9
 1382670069.63962
12
 1382670070.6709
15
 1382670071.7072
18
 1382670072.72899
22
 1382670073.76513
25
 1382670074.78051
28
 1382670075.78593
31
 1382670076.79782
34
 1382670077.81703
37
 1382670078.86048
40
 1382670079.88429
42
 1382670080.89542
45
 1382670081.93253
48
 1382670082.95686
51
 1382670084.00013
54
 1382670084.98891
57
 1382670086.0126
59
 1382670087.06607
62
 1382670088.05694
65
 1382670089.06149
67
 1382670090.08619
69
 1382670091.11548
73
 1382670092.13392
75
 1382670093.16512
78
 1382670094.17963
80
 1382670095.20252
84
 1382670096.22435
87
 1382670097.26107
90
 1382670098.26566
93
 1382670099.27794
97
 1382670100.30807
100
 1382670101.33858
103
 1382670102.38152
106
 1382670103.37268
109
 1382670104.4119
112
 1382670105.4171
115
 1382670106.42694
118
 1382670107.45986
121
 1382670108.50231
123
 1382670109.53137
126
 1382670110.56941
129
 1382670111.5754
132
 1382670112.60366
135
 1382670113.62096
138
 1382670114.63548
141
 1382670115.64761
143
 1382670116.67965
146
 1382670117.70655
149
 1382670118.73135
151
 1382670119.77307
153
 1382670120.78062
156
 1382670121.77113
159
 1382670122.80296
161
 1382670123.83266
164
 1382670124.87513
167
 1382670125.86283
169
 1382670126.88267
172
 1382670127.91416
175
 1382670128.9397
178
 1382670129.95338
181
 1382670130.99715
184
 1382670132.00024
187
 1382670133.01565
189
 1382670134.05087
192
 1382670135.0894
195
 1382670136.07835
198
 1382670137.11028
201
 1382670138.12498
204
 1382670139.1521
206
 1382670140.18852
209
 1382670141.20732
212
 1382670142.23266
214
 1382670143.26639
217
 1382670144.2921
220
 1382670145.30111
222
 1382670146.31203
225
 1382670147.32748
228
 1382670148.34146
230
 1382670149.37509
233
 1382670150.40196
236
 1382670151.44378
238
 1382670152.45886
241
 1382670153.4847
244
 1382670154.5162
247
 1382670155.52874
249
 1382670156.55891
252
 1382670157.57958
255
 1382670158.61073
257
 1382670159.6304
260
 1382670160.64867
262
 1382670161.67187
265
 1382670162.69926
268
 1382670163.72581
270
 1382670164.76536
273
 1382670165.78031
275
 1382670166.8063
278
 1382670167.84251
281
 1382670168.87262
283
 1382670169.90113
286
 1382670170.92116
288
 1382670171.95443
290
 1382670172.99464
292
 1382670173.99217
294
 1382670174.99339
296
 1382670176.00723
298
 1382670177.04864
300
 1382670178.04283
302
 1382670179.06625
305
 1382670180.09175
307
 1382670181.11081
309
 1382670182.13675
311
 1382670183.15078
313
 1382670184.1779
315
 1382670185.21639
317
 1382670186.25433
319
 1382670187.26309
321
 1382670188.28306
323
 1382670189.29275
326
 1382670190.32064
328
 1382670191.35959
330
 1382670192.35972
333
 1382670193.37845
335
 1382670194.41091
337
 1382670195.39592
340
 1382670196.42593
342
 1382670197.43388
344
 1382670198.48149
346
 1382670199.48554
348
 1382670200.48265
351
 1382670201.49932
353
 1382670202.53399
355
 1382670203.55533
356
 1382670204.60694
358
 1382670205.60277
360
 1382670206.64379
362
 1382670207.67909
364
 1382670208.71382
365
 1382670209.7333
368
 1382670210.76355
370
 1382670211.79873
372
 1382670212.82128
374
 1382670213.86248
375
 1382670214.86915
377
 1382670215.89618
380
 1382670216.93046
382
 1382670217.94525
384
 1382670218.96487
386
 1382670220.00018
388
 1382670220.99214
390
 1382670222.02477
392
 1382670223.04529
394
 1382670224.07279
396
 1382670225.11456
399
 1382670226.12931
401
 1382670227.11882
403
 1382670228.15061
405
 1382670229.18303
408
 1382670230.19337
410
 1382670231.22937
411
 1382670232.25767
413
 1382670233.27412
415
 1382670234.2587
417
 1382670235.28158
419
 1382670236.30166
421
 1382670237.33525
423
 1382670238.37047
426
 1382670239.40313
427
 1382670240.43338
429
 1382670241.4728
431
 1382670242.47021
433
 1382670243.49572
435
 1382670244.50598
437
 1382670245.52283
438
 1382670246.54141
440
 1382670247.56656
442
 1382670248.57947
444
 1382670249.61138
447
 1382670250.63647
449
 1382670251.6684
451
 1382670252.66594
453
 1382670253.69008
455
 1382670254.72816
457
 1382670255.74167
459
 1382670256.73121
461
 1382670257.75258
463
 1382670258.78551
465
 1382670259.76847
467
 1382670260.79836
470
 1382670261.83631
471
 1382670262.82794
473
 1382670263.84887
475
 1382670264.87612
477
 1382670265.91272
479
 1382670266.90421
481
 1382670267.93547
483
 1382670268.97407
485
 1382670269.98462
487
 1382670270.9919
488
 1382670272.01396
490
 1382670273.04227
492
 1382670274.07745
494
 1382670275.11157
496
 1382670276.14124
498
 1382670277.18023
500
 1382670278.16473
502
 1382670279.18373
503
 1382670280.2325
505
 1382670281.23049
507
 1382670282.24259
509
 1382670283.26604
512
 1382670284.28295
513
 1382670285.32173
516
 1382670286.31768
517
 1382670287.35646
518
 1382670288.39122
519
 1382670290.44868
520
 1382670292.49855
521
 1382670293.52508
522
 1382670294.54782
523
 1382670295.58188
524
 1382670296.59602
526
 1382670298.64387
527
 1382670299.69377
529
 1382670301.72451
530
 1382670302.76696
532
 1382670303.78482
534
 1382670304.81245
535
 1382670305.8293
537
 1382670306.85155
539
 1382670307.88801
540
 1382670308.90251
542
 1382670309.94352
543
 1382670310.98555
544
 1382670311.99831
546
 1382670313.00812
548
 1382670314.04128
549
 1382670315.05266
551
 1382670316.07939
552
 1382670317.11333
554
 1382670318.15258
555
 1382670319.15778
557
 1382670320.18747
558
 1382670321.21949
560
 1382670322.23237
561
 1382670323.27161
563
 1382670324.2893
564
 1382670325.3102
566
 1382670326.34593
567
 1382670327.33411
569
 1382670328.37519
570
 1382670329.38784
572
 1382670330.40934
574
 1382670331.45772
576
 1382670332.49212
578
 1382670333.50095
579
 1382670334.54127
581
 1382670335.5139
583
 1382670336.5264
584
 1382670337.53975
586
 1382670338.57046
588
 1382670339.60195
590
 1382670340.60156
592
 1382670341.61472
594
 1382670342.67542
595
 1382670343.6718
597
 1382670344.70859
599
 1382670345.71971
601
 1382670346.73216
603
 1382670347.76582
604
 1382670348.78248
606
 1382670349.82513
608
 1382670350.85657
610
 1382670351.88391
612
 1382670352.91933
614
 1382670353.91517
615
 1382670354.93308
617
 1382670355.95732
619
 1382670356.98662
620
 1382670357.98511
622
 1382670359.02064
624
 1382670360.0461
625
 1382670361.05236
627
 1382670362.06623
629
 1382670363.0641
631
 1382670364.08869
632
 1382670365.10127
634
 1382670366.12486
635
 1382670367.13516
637
 1382670368.16322
639
 1382670369.17977
640
 1382670370.23355
642
 1382670371.22633
644
 1382670372.25948
646
 1382670373.28112
648
 1382670374.33689
649
 1382670375.31671
651
 1382670376.34071
653
 1382670377.36784
654
 1382670378.39987
655
 1382670379.4235
657
 1382670380.45345
659
 1382670381.49185
660
 1382670382.52243
662
 1382670383.5267
663
 1382670384.57291
665
 1382670385.56192
666
 1382670386.57466
668
 1382670387.62816
669
 1382670388.66648
671
 1382670389.68919
672
 1382670390.69416
674
 1382670391.73392
675
 1382670392.77299
677
 1382670393.79279
679
 1382670394.81607
680
 1382670395.85214
682
 1382670396.85274
684
 1382670397.87712
685
 1382670398.89956
686
 1382670399.92379
688
 1382670400.93629
690
 1382670401.97414
691
 1382670402.97931
693
 1382670403.99537
695
 1382670405.01183
697
 1382670406.02574
698
 1382670407.04644
700
 1382670408.08941
701
 1382670409.11619
703
 1382670410.13983
705
 1382670411.15211
707
 1382670412.17846
708
 1382670413.20746
710
 1382670414.25072
712
 1382670415.27146
713
 1382670416.2782
714
 1382670417.30684
716
 1382670418.34081
718
 1382670419.37624
719
 1382670420.42133
720
 1382670421.41569
722
 1382670422.43258
723
 1382670423.43478
724
 1382670424.47089
726
 1382670425.49074
727
 1382670426.52822
728
 1382670427.5224
730
 1382670428.55892
731
 1382670429.59297
732
 1382670430.58852
734
 1382670431.62702
735
 1382670432.64568
736
 1382670433.63832
738
 1382670434.64357
739
 1382670435.67143
740
 1382670436.69315
742
 1382670437.71825
743
 1382670438.7352
745
 1382670439.76782
746
 1382670440.76328
748
 1382670441.78785
749
 1382670442.814
751
 1382670443.82944
752
 1382670444.85201
754
 1382670445.87619
755
 1382670446.89996
757
 1382670447.91142
759
 1382670448.93472
760
 1382670449.95724
762
 1382670450.98644
764
 1382670452.01842
766
 1382670453.03867
767
 1382670454.07411
769
 1382670455.09316
771
 1382670456.11936
773
 1382670457.15272
774
 1382670458.17151
775
 1382670459.20283
777
 1382670460.23886
779
 1382670461.27141
780
 1382670462.29824
782
 1382670463.32154
783
 1382670464.34196
785
 1382670465.38018
787
 1382670466.39703
788
 1382670467.40989
790
 1382670468.4326
792
 1382670469.4487
793
 1382670470.48925
795
 1382670471.49812
796
 1382670472.52827
798
 1382670473.53739
799
 1382670474.57239
801
 1382670475.60328
803
 1382670476.62952
804
 1382670477.66547
806
 1382670478.69993
808
 1382670479.72104
810
 1382670480.75698
811
 1382670481.79512
813
 1382670482.82628
815
 1382670483.85417
817
 1382670484.90376
818
 1382670485.8823
820
 1382670486.92211
822
 1382670487.94612
823
 1382670488.97542
825
 1382670489.99414
827
 1382670491.00725
828
 1382670492.03847
830
 1382670493.06554
831
 1382670494.09415
833
 1382670495.1264
835
 1382670496.13827
837
 1382670497.15548
838
 1382670498.18824
839
 1382670499.22944
841
 1382670500.26634
843
 1382670501.27498
844
 1382670502.30163
846
 1382670503.31863
847
 1382670504.34396
849
 1382670505.36779
850
 1382670506.39927
852
 1382670507.40751
853
 1382670508.44259
854
 1382670509.46737
856
 1382670510.49224
857
 1382670511.52783
859
 1382670512.56343
861
 1382670513.58229
862
 1382670514.58992
864
 1382670515.62129
865
 1382670516.65328
867
 1382670517.67985
868
 1382670518.70776
870
 1382670519.73829
871
 1382670520.77606
873
 1382670521.77203
874
 1382670522.80991
876
 1382670523.80368
877
 1382670524.81898
879
 1382670525.85238
880
 1382670526.87579
882
 1382670527.88365
883
 1382670528.90852
884
 1382670529.92293
886
 1382670530.96374
888
 1382670531.97951
889
 1382670533.00354
891
 1382670534.04059
892
 1382670535.07717
894
 1382670536.0916
895
 1382670537.10671
897
 1382670538.12382
899
 1382670539.14676
900
 1382670540.18662
902
 1382670541.21254
904
 1382670542.23582
905
 1382670543.25752
907
 1382670544.28224
909
 1382670545.29883
910
 1382670546.34223
911
 1382670547.33849
913
 1382670548.38396
914
 1382670549.39785
916
 1382670550.42237
917
 1382670551.4373
919
 1382670552.47361
920
 1382670553.50837
921
 1382670554.53011
923
 1382670555.54813
924
 1382670556.57912
925
 1382670557.59974
926
 1382670558.65161
927
 1382670559.71265
929
 1382670560.68898
930
 1382670561.70442
931
 1382670562.71817
932
 1382670563.75264
934
 1382670564.76287
935
 1382670565.79859
937
 1382670566.82911
938
 1382670567.85147
939
 1382670568.88355
941
 1382670569.8985
943
 1382670570.92431
944
 1382670571.96224
945
 1382670572.984
946
 1382670574.00864
948
 1382670575.03671
949
 1382670576.06007
950
 1382670577.09847
952
 1382670578.10241
953
 1382670579.11251
954
 1382670580.15151
956
 1382670581.16144
957
 1382670582.19167
958
 1382670583.21727
960
 1382670584.23043
962
 1382670585.36234
963
 1382670586.38535
965
 1382670587.41011
966
 1382670588.44114
968
 1382670589.48138
969
 1382670590.50041
971
 1382670591.49838
972
 1382670592.54107
974
 1382670593.55011
975
 1382670594.55067
977
 1382670595.5751
978
 1382670596.61496
980
 1382670597.64304
982
 1382670598.67871
983
 1382670599.67125
985
 1382670600.70038
986
 1382670601.74222
988
 1382670602.76089
989
 1382670603.75589
991
 1382670604.76397
992
 1382670605.78569
994
 1382670606.813
995
 1382670607.85326
997
 1382670608.88226
998
 1382670609.86821
999
 1382670610.89696
1001
 1382670611.93035
1002
 1382670612.9644
1003
 1382670613.99978
1005
 1382670614.98349
1006
 1382670616.00487
1008
 1382670617.05574
1010
 1382670619.08959
1012
 1382670621.1413
1013
 1382670622.16698
1014
 1382670623.20497
1016
 1382670624.24702
1017
 1382670625.2603
1018
 1382670626.29788
1019
 1382670627.34075
1021
 1382670628.3521
1022
 1382670629.37305
1023
 1382670630.41354
1025
 1382670631.46125
1026
 1382670632.47238
1027
 1382670633.49966
1028
 1382670634.53052
1030
 1382670635.52542
1031
 1382670636.55442
1033
 1382670637.5755
1034
 1382670638.61089
1035
 1382670639.64844
1036
 1382670640.65101
1038
 1382670641.66871
1039
 1382670642.6957
1040
 1382670643.7207
1041
 1382670644.76394
1043
 1382670645.76359
1044
 1382670646.79699
1046
 1382670647.82936
1047
 1382670648.85336
1048
 1382670649.88229
1049
 1382670650.9196
1050
 1382670651.96972
1052
 1382670652.96444
1053
 1382670654.00287
1054
 1382670655.00198
1056
 1382670656.03164
1057
 1382670657.03761
1058
 1382670658.07158
1059
 1382670659.1076
1060
 1382670660.12684
1062
 1382670661.15227
1063
 1382670663.19991
1065
 1382670664.21508
1066
 1382670665.24008
1068
 1382670666.26004
1069
 1382670667.29014
1071
 1382670668.32756
1072
 1382670669.35373
1074
 1382670670.35973
1075
 1382670671.37934
1076
 1382670672.43367
1077
 1382670673.45668
1079
 1382670674.47827
1080
 1382670675.5175
1081
 1382670676.51694
1083
 1382670677.53759
1084
 1382670678.55902
1085
 1382670679.58382
1086
 1382670680.62811
1087
 1382670681.64746
1088
 1382670682.65977
1090
 1382670683.69817
1091
 1382670684.69797
1092
 1382670685.71221
1093
 1382670686.73614
1094
 1382670687.75911
1095
 1382670688.79962
1096
 1382670689.82006
1098
 1382670690.84863
1099
 1382670691.9034
1100
 1382670692.8963
1101
 1382670693.9223
1102
 1382670694.95375
1104
 1382670696.00007
1106
 1382670698.04054
1107
 1382670699.05349
1108
 1382670700.09435
1109
 1382670701.09642
1110
 1382670702.12189
1112
 1382670703.1463
1113
 1382670704.17134
1114
 1382670705.19687
1115
 1382670706.23288
1117
 1382670707.26313
1118
 1382670708.28659
1119
 1382670709.30118
1120
 1382670710.33088
1122
 1382670711.3859
1123
 1382670712.39016
1124
 1382670713.40855
1125
 1382670714.41702
1126
 1382670715.4448
1128
 1382670716.47273
1129
 1382670717.48914
1130
 1382670718.5204
1132
 1382670719.53156
1133
 1382670720.57292
1134
 1382670721.59554
1135
 1382670722.59714
1136
 1382670723.62608
1138
 1382670724.67243
1139
 1382670725.69343
1140
 1382670726.71587
1141
 1382670727.73586
1142
 1382670728.75217
1144
 1382670729.77749
1145
 1382670730.80393
1146
 1382670731.83879
1147
 1382670732.85441
1148
 1382670733.8493
1149
 1382670734.87294
1150
 1382670735.89254
1152
 1382670736.95238
1153
 1382670737.98206
1154
 1382670739.01443
1156
 1382670740.03429
1157
 1382670741.07411
1158
 1382670742.1043
1159
 1382670743.12095
1160
 1382670744.16135
1161
 1382670745.15392
1162
 1382670746.18816
1163
 1382670747.20263
1164
 1382670748.21773
1165
 1382670749.25223
1166
 1382670750.30684
1168
 1382670751.28065
1169
 1382670752.31592
1170
 1382670753.3523
1171
 1382670754.37984
1172
 1382670755.41116
1174
 1382670756.46096
1175
 1382670757.47394
1176
 1382670758.50904
1177
 1382670759.53852
1179
 1382670760.56778
1180
 1382670761.58293
1181
 1382670762.60867
1182
 1382670763.64156
1184
 1382670764.66431
1185
 1382670765.67954
1186
 1382670766.67785
1187
 1382670767.71279
1189
 1382670768.74897
1190
 1382670769.76212
1191
 1382670770.78959
1193
 1382670771.8015
1194
 1382670772.83633
1195
 1382670773.87343
1196
 1382670774.90537
1198
 1382670775.92583
1199
 1382670776.93852
1200
 1382670777.97518
1201
 1382670779.00157
1203
 1382670780.03693
1204
 1382670781.0535
1205
 1382670782.05112
1206
 1382670783.06901
1207
 1382670784.10921
1209
 1382670785.12633
1210
 1382670786.14727
1211
 1382670787.18868
1212
 1382670788.19279
1213
 1382670789.21323
1214
 1382670790.23358
1216
 1382670791.24994
1217
 1382670792.29354
1218
 1382670793.30727
1219
 1382670794.31079
1221
 1382670795.5736
1222
 1382670796.58737
1223
 1382670797.57689
1224
 1382670798.59107
1225
 1382670799.62773
1227
 1382670800.66585
1228
 1382670801.64255
1229
 1382670802.66563
1230
 1382670803.6849
1232
 1382670804.71196
1233
 1382670805.72417
1234
 1382670806.75411
1235
 1382670807.76862
1236
 1382670808.78992
1237
 1382670809.8454
1238
 1382670810.84489
1240
 1382670811.88074
1241
 1382670812.92572
1242
 1382670813.96303
1243
 1382670814.97049
1244
 1382670815.99918
1245
 1382670817.03227
1246
 1382670818.05408
1247
 1382670819.06534
1248
 1382670820.09285
1250
 1382670821.1203
1251
 1382670822.13693
1252
 1382670823.18639
1253
 1382670824.20023
1254
 1382670825.29137
1255
 1382670826.287
1256
 1382670827.30908
1257
 1382670828.33161
1258
 1382670829.34758
1260
 1382670830.37465
1261
 1382670831.39617
1263
 1382670832.41367
1264
 1382670833.44412
1266
 1382670834.46124
1267
 1382670835.4925
1268
 1382670836.52892
1270
 1382670837.55247
1271
 1382670838.58973
1273
 1382670839.62207
1274
 1382670840.64517
1275
 1382670841.67323
1276
 1382670842.70497
1278
 1382670843.70323
1279
 1382670844.72225
1280
 1382670845.73838
1282
 1382670846.76818
1283
 1382670847.7903
1284
 1382670848.81502
1285
 1382670849.87403
1286
 1382670850.87032
1288
 1382670851.92759
1289
 1382670852.95689
1290
 1382670853.99623
1291
 1382670854.98113
1292
 1382670856.01798
1294
 1382670857.05138
1295
 1382670858.0687
1296
 1382670859.10044
1297
 1382670860.13865
1298
 1382670861.1679
1299
 1382670862.18675
1300
 1382670863.2163
1302
 1382670864.25123
1303
 1382670865.2886
1304
 1382670866.27811
1305
 1382670867.30615
1306
 1382670868.33695
1307
 1382670869.34844
1309
 1382670870.37694
1310
 1382670871.41213
1311
 1382670872.43739
1312
 1382670873.45604
1313
 1382670874.49258
1314
 1382670875.52063
1315
 1382670876.54233
1317
 1382670877.60307
1318
 1382670878.6015
1319
 1382670879.62664
1321
 1382670880.64224
1322
 1382670881.67583
1323
 1382670882.68984
1324
 1382670883.71768
1325
 1382670884.7528
1327
 1382670885.75907
1328
 1382670886.79822
1329
 1382670887.80998
1330
 1382670888.83713
1331
 1382670889.88239
1333
 1382670890.87181
1334
 1382670891.90344
1335
 1382670892.93268
1336
 1382670893.96754
1337
 1382670894.99004
1338
 1382670896.00953
1339
 1382670897.0262
1340
 1382670898.04905
1341
 1382670899.08279
1342
 1382670900.10802
1343
 1382670901.13056
1344
 1382670902.14593
1345
 1382670903.18486
1346
 1382670904.21543
1348
 1382670905.23532
1349
 1382670906.27664
1350
 1382670907.27129
1351
 1382670908.28775
1352
 1382670909.32854
1353
 1382670910.34819
1354
 1382670911.39067
1356
 1382670912.38087
1357
 1382670913.41254
1358
 1382670914.44767
1359
 1382670915.46751
1361
 1382670916.48572
1362
 1382670917.53341
1363
 1382670918.55464
1364
 1382670919.57568
1365
 1382670920.61738
1367
 1382670921.60353
1368
 1382670922.6288
1369
 1382670923.64343
1370
 1382670924.67259
1371
 1382670925.69324
1372
 1382670926.72606
1373
 1382670927.76088
1374
 1382670928.7762
1375
 1382670929.80268
1376
 1382670930.8206
1377
 1382670931.83586
1379
 1382670932.86353
1380
 1382670933.88249
1381
 1382670934.92616
1383
 1382670936.98798
1384
 1382670937.9995
1385
 1382670939.01248
1386
 1382670940.03287
1388
 1382670941.04618
1389
 1382670942.0615
1390
 1382670943.10321
1391
 1382670944.1014
1392
 1382670945.15773
1393
 1382670946.1636
1394
 1382670947.17972
1395
 1382670948.20873
1396
 1382670949.22571
1398
 1382670950.24941
1399
 1382670951.26838
1400
 1382670952.2941
1401
 1382670953.31014
1402
 1382670954.34542
1403
 1382670955.38004
1404
 1382670956.41452
1405
 1382670957.43324
1407
 1382670958.44799
1408
 1382670959.47072
1409
 1382670960.49324
1410
 1382670961.52382
1411
 1382670962.53463
1412
 1382670963.55195
1413
 1382670964.56794
1414
 1382670965.60675
1416
 1382670966.63742
1417
 1382670967.66021
1418
 1382670968.67272
1419
 1382670969.7119
1420
 1382670970.70766
1421
 1382670971.73916
1422
 1382670972.75127
1423
 1382670973.77222
1425
 1382670974.81075
1426
 1382670976.85423
1427
 1382670977.86094
1429
 1382670978.90385
1430
 1382670979.91377
1431
 1382670980.93533
1432
 1382670981.96541
1434
 1382670982.97947
1435
 1382670983.98873
1436
 1382670985.02412
1437
 1382670986.0575
1438
 1382670987.0523
1439
 1382670988.08438
1441
 1382670989.10478
1442
 1382670990.13417
1443
 1382670991.14829
1444
 1382670992.18398
1445
 1382670993.21161
1446
 1382670994.23675
1447
 1382670995.25642
1448
 1382670996.29599
1449
 1382670997.31941
1450
 1382670998.3625
1451
 1382670999.3706
1452
 1382671000.38123
1454
 1382671001.41071
1455
 1382671002.42226
1456
 1382671003.44748
1457
 1382671004.46839
1458
 1382671005.48909
1459
 1382671006.50197
1460
 1382671007.51201
1461
 1382671008.54378
1463
 1382671009.56684
1464
 1382671010.60837
1465
 1382671011.61833
1466
 1382671012.6574
1467
 1382671013.69579
1468
 1382671014.70174
1469
 1382671015.74434
1471
 1382671016.72944
1472
 1382671017.76498
1473
 1382671018.78737
1474
 1382671019.80964
1476
 1382671020.83339
1477
 1382671021.87535
1478
 1382671022.89585
1479
 1382671023.92845
1480
 1382671024.94527
1481
 1382671025.96608
1482
 1382671026.97577
1484
 1382671028.01882
1485
 1382671029.0098
1486
 1382671030.03862
1487
 1382671031.0604
1488
 1382671032.07278
1489
 1382671033.08587
1490
 1382671034.11336
1491
 1382671035.13388
1493
 1382671036.15338
1494
 1382671037.16932
1495
 1382671038.18109
1496
 1382671039.1972
1497
 1382671040.23961
1498
 1382671041.2267
1500
 1382671042.25879
1501
 1382671043.28653
1502
 1382671044.32468
1503
 1382671045.34178
1504
 1382671046.33942
1505
 1382671047.3558
1506
 1382671048.39471
1508
 1382671049.42754
1510
 1382671051.46059
1511
 1382671052.48885
1512
 1382671053.51717
1513
 1382671054.53942
1514
 1382671055.57969
1515
 1382671056.56924
1516
 1382671057.60739
1517
 1382671058.62404
1519
 1382671059.65123
1520
 1382671060.67046
1521
 1382671061.68467
1522
 1382671062.702
1523
 1382671063.71501
1524
 1382671064.73119
1525
 1382671065.74595
1527
 1382671066.76862
1528
 1382671067.78748
1530
 1382671069.81613
1531
 1382671070.84171
1532
 1382671071.8861
1533
 1382671072.88261
1534
 1382671073.92354
1535
 1382671074.94685
1536
 1382671075.96637
1538
 1382671077.00809
1539
 1382671078.01749
1540
 1382671079.01042
1541
 1382671080.07488
1542
 1382671081.04324
1543
 1382671082.11127
1544
 1382671083.13061
1545
 1382671084.13911
1547
 1382671085.17427
1548
 1382671086.19455
1549
 1382671087.23329
1550
 1382671088.26165
1551
 1382671089.31007
1552
 1382671090.31938
1553
 1382671091.30169
1555
 1382671092.33825
1556
 1382671093.36778
1557
 1382671094.39592
1558
 1382671095.42595
1559
 1382671096.47499
1560
 1382671097.48622
1561
 1382671098.45749
1562
 1382671099.48516
1563
 1382671100.49539
1565
 1382671101.53179
1566
 1382671102.55122
1567
 1382671103.56344
1568
 1382671104.58647
1569
 1382671105.61526
1570
 1382671106.61409
1571
 1382671107.64117
1572
 1382671108.67842
1573
 1382671109.67775
1575
 1382671110.69293
1576
 1382671111.71383
1577
 1382671112.74162
1578
 1382671113.76794
1579
 1382671114.79136
1580
 1382671115.83189
1581
 1382671116.84735
1582
 1382671117.86836
1583
 1382671118.88296
1585
 1382671119.89839
1587
 1382671121.95047
1588
 1382671122.99759
1589
 1382671124.03985
1590
 1382671125.0438
1591
 1382671126.05051
1592
 1382671127.07512
1593
 1382671128.09596
1594
 1382671129.10973
1595
 1382671130.12158
1596
 1382671131.15965
1598
 1382671132.19305
1600
 1382671134.24119
1601
 1382671135.24938
1602
 1382671136.27134
1603
 1382671137.29806
1604
 1382671138.31843
1605
 1382671139.33995
1606
 1382671140.34895
1607
 1382671141.37058
1608
 1382671142.38937
1609
 1382671143.42073
1610
 1382671144.45123
1612
 1382671145.47044
1613
 1382671147.49878
1615
 1382671148.54688
1616
 1382671149.54251
1617
 1382671150.56831
1618
 1382671151.5866
1619
 1382671152.59343
1620
 1382671153.63741
1621
 1382671154.64828
1622
 1382671155.68946
1623
 1382671156.67785
1624
 1382671157.71166
1625
 1382671158.72875
1627
 1382671159.76355
1628
 1382671160.77856
1629
 1382671161.8003
1630
 1382671162.82219
1631
 1382671163.83578
1633
 1382671164.8679
1634
 1382671165.90534
1635
 1382671166.93717
1637
 1382671167.972
1638
 1382671168.98347
1639
 1382671170.01289
1640
 1382671171.03683
1641
 1382671172.05835
1642
 1382671173.11576
1644
 1382671174.13214
1645
 1382671175.15419
1646
 1382671176.18223
1647
 1382671177.20605
1648
 1382671178.23746
1649
 1382671179.26839
1650
 1382671180.29674
1652
 1382671181.31261
1654
 1382671183.38986
1655
 1382671184.38457
1656
 1382671185.40122
1657
 1382671186.42938
1659
 1382671187.452
1660
 1382671188.4932
1661
 1382671189.54145
1662
 1382671190.53523
1663
 1382671191.55076
1664
 1382671192.58909
1666
 1382671193.57755
1667
 1382671194.62803
1668
 1382671195.645
1669
 1382671196.63846
1670
 1382671197.6673
1671
 1382671198.70851
1673
 1382671199.73244
1674
 1382671200.76516
1675
 1382671201.78576
1676
 1382671202.79805
1677
 1382671203.81651
1679
 1382671204.85012
1680
 1382671205.87159
1681
 1382671206.89422
1682
 1382671207.91987
1683
 1382671208.95299
1684
 1382671209.98774
1685
 1382671211.00395
1686
 1382671212.04614
1687
 1382671213.06157
1688
 1382671214.08011
1689
 1382671215.09686
1691
 1382671216.14101
1692
 1382671217.16383
1693
 1382671218.16326
1694
 1382671219.18405
1695
 1382671220.20069
1696
 1382671221.22945
1698
 1382671222.24491
1699
 1382671223.28071
1700
 1382671224.30174
1701
 1382671225.33877
1702
 1382671226.36664
1703
 1382671227.4032
1704
 1382671228.39608
1705
 1382671229.42886
1706
 1382671230.45364
1707
 1382671231.45785
1708
 1382671232.47377
1709
 1382671233.50947
1710
 1382671234.52265
1712
 1382671235.53914
1713
 1382671236.56908
1714
 1382671237.58766
1716
 1382671239.63773
1717
 1382671240.66249
1718
 1382671241.70759
1719
 1382671242.68811
1720
 1382671244.72848
1721
 1382671245.74782
1722
 1382671246.77626
1723
 1382671247.80023
1724
 1382671248.81415
1725
 1382671249.85611
1726
 1382671250.8612
1727
 1382671251.88269
1729
 1382671252.91615
1731
 1382671254.96892
1732
 1382671256.01266
1733
 1382671257.00302
1734
 1382671258.01557
1735
 1382671259.04975
1736
 1382671260.06229
1737
 1382671261.08342
1738
 1382671262.12056
1739
 1382671263.15528
1740
 1382671264.18881
1741
 1382671265.22395
1742
 1382671266.22022
1743
 1382671267.25945
1744
 1382671268.29226
1745
 1382671269.29318
1746
 1382671270.33253
1747
 1382671271.32192
1748
 1382671272.34024
1749
 1382671273.35494
1750
 1382671274.38166
1751
 1382671275.41009
1752
 1382671276.43101
1753
 1382671277.47075
1754
 1382671279.50206
1756
 1382671280.4973
1757
 1382671282.52807
1759
 1382671283.56993
1761
 1382671285.59249
1763
 1382671287.64587
1764
 1382671288.68004
1765
 1382671289.68934
1766
 1382671290.72915
1767
 1382671291.72423
1768
 1382671292.74304
1769
 1382671293.76592
1770
 1382671294.78846
1771
 1382671295.82718
1772
 1382671296.83664
1773
 1382671297.86167
1774
 1382671298.87287
1775
 1382671299.88901
1776
 1382671300.92215
1777
 1382671301.95787
1778
 1382671302.9498
1779
 1382671303.96394
1780
 1382671304.98685
1781
 1382671306.01016
1782
 1382671307.10068
1783
 1382671308.03998
1784
 1382671309.08594
1785
 1382671310.07737
1786
 1382671312.13663
1788
 1382671313.1295
1789
 1382671314.16183
1790
 1382671315.19148
1791
 1382671316.20458
1792
 1382671317.2294
1793
 1382671318.26584
1794
 1382671319.29087
1795
 1382671320.31956
1796
 1382671321.3528
1797
 1382671322.3723
1798
 1382671323.39128
1799
 1382671324.43321
1800
 1382671325.44276
1801
 1382671326.45071
1802
 1382671327.45122
1803
 1382671328.4687
1804
 1382671329.48243
1805
 1382671330.51901
1806
 1382671331.52884
1807
 1382671332.57016
1808
 1382671333.60753
1809
 1382671334.61749
1810
 1382671335.64668
1811
 1382671336.67296
1812
 1382671337.71318
1813
 1382671338.72014
1814
 1382671339.74903
1815
 1382671340.7721
1816
 1382671341.81628
1817
 1382671342.81061
1819
 1382671343.84946
1820
 1382671344.86354
1821
 1382671345.90377
1822
 1382671346.92735
1823
 1382671347.96533
1824
 1382671348.98882
1825
 1382671350.01393
1826
 1382671351.03239
1827
 1382671352.04752
1829
 1382671353.06294
1831
 1382671355.11383
1832
 1382671356.15477
1833
 1382671358.17685
1834
 1382671359.20191
1835
 1382671360.2424
1836
 1382671361.26244
1837
 1382671362.29431
1838
 1382671363.30848
1839
 1382671364.34192
1840
 1382671365.38151
1841
 1382671366.36876
1842
 1382671367.40045
1843
 1382671368.4288
1844
 1382671369.44204
1845
 1382671370.47745
1846
 1382671371.50169
1847
 1382671372.5239
1848
 1382671373.54577
1849
 1382671374.56419
1850
 1382671375.60005
1851
 1382671376.63694
1852
 1382671377.6498
1853
 1382671378.65822
1854
 1382671379.67044
1855
 1382671380.70198
1856
 1382671381.73762
1857
 1382671382.75305
1858
 1382671383.79064
1859
 1382671384.82529
1860
 1382671385.86003
1861
 1382671386.85966
1862
 1382671387.87628
1863
 1382671388.91537
1864
 1382671389.91874
1865
 1382671390.96264
1866
 1382671391.97771
1867
 1382671393.00276
1868
 1382671394.01427
1869
 1382671395.02625
1870
 1382671396.05166
1871
 1382671397.07409
1872
 1382671398.08789
1873
 1382671399.11152
1874
 1382671400.10697
1875
 1382671401.12084
1876
 1382671402.15503
1877
 1382671403.19053
1878
 1382671404.2165
1879
 1382671405.27637
1881
 1382671406.31945
1883
 1382671408.32322
1884
 1382671409.35643
1885
 1382671411.38343
1886
 1382671412.41767
1887
 1382671413.42621
1888
 1382671414.44372
1889
 1382671415.47894
1890
 1382671416.49039
1891
 1382671417.50545
1892
 1382671418.52423
1893
 1382671419.55882
1894
 1382671420.57439
1895
 1382671421.61134
1896
 1382671422.64315
1897
 1382671423.66052
1898
 1382671424.6815
1899
 1382671425.72142
1900
 1382671426.72131
1901
 1382671427.74
1902
 1382671428.77712
1903
 1382671429.76873
1904
 1382671430.78286
1905
 1382671431.80246
1906
 1382671432.82471
1907
 1382671433.84586
1909
 1382671434.88329
1910
 1382671435.92286
1911
 1382671436.92774
1912
 1382671437.94658
1913
 1382671438.96431
1914
 1382671439.9911
1915
 1382671441.02162
1916
 1382671442.0242
1917
 1382671443.03981
1918
 1382671444.0598
1919
 1382671445.09806
1920
 1382671446.11685
1921
 1382671447.1647
1922
 1382671448.18185
1923
 1382671449.17872
1924
 1382671450.19383
1925
 1382671451.23292
1926
 1382671452.25838
1927
 1382671453.26344
1928
 1382671454.30103
1929
 1382671455.31286
1930
 1382671456.32189
1931
 1382671457.34525
1932
 1382671458.36482
1933
 1382671459.38316
1934
 1382671460.40198
1935
 1382671461.43724
1936
 1382671462.44471
1937
 1382671463.4731
1938
 1382671464.52733
1939
 1382671465.51201
1941
 1382671466.54834
1942
 1382671467.59671
1943
 1382671469.60259
1944
 1382671470.60995
1946
 1382671471.65597
1947
 1382671472.64051
1948
 1382671473.66849
1950
 1382671475.70294
1951
 1382671476.72114
1952
 1382671478.77152
1953
 1382671479.79651
1954
 1382671480.83009
1955
 1382671481.85651
1956
 1382671482.88148
1957
 1382671483.92359
1958
 1382671484.9331
1959
 1382671485.96525
1960
 1382671487.00011
1961
 1382671489.05139
1962
 1382671490.10906
1964
 1382671491.09795
1965
 1382671492.11247
1966
 1382671493.13805
1967
 1382671494.15234
1968
 1382671495.1973
1969
 1382671496.18779
1970
 1382671497.22406
1971
 1382671498.22234
1972
 1382671499.26533
1973
 1382671500.27879
1974
 1382671501.31079
1975
 1382671502.34213
1976
 1382671503.35748
1977
 1382671504.37257
1978
 1382671505.40129
1979
 1382671506.4384
1980
 1382671507.47178
1982
 1382671509.52981
1983
 1382671511.54245
1984
 1382671512.58793
1985
 1382671513.58061
1986
 1382671514.61121
1987
 1382671515.61985
1988
 1382671516.66463
1989
 1382671517.6698
1990
 1382671518.69574
1991
 1382671519.70956
1992
 1382671520.74524
1993
 1382671521.77162
1994
 1382671522.80921
1995
 1382671523.78686
1996
 1382671524.80688
1997
 1382671525.84348
1998
 1382671526.85781
1999
 1382671527.87589
2000
 1382671529.92516
2001
 1382671530.95652
2002
 1382671531.96929
2003
 1382671532.97604
2004
 1382671534.00305
2005
 1382671535.01765
2006
 1382671536.0376
2007
 1382671537.07388
2008
 1382671538.06506
2009
 1382671539.10271
2010
 1382671540.11274
2011
 1382671542.16408
2012
 1382671543.16462
2013
 1382671544.18267
2014
 1382671545.2175
2015
 1382671546.2323
2016
 1382671547.21622
2017
 1382671548.23616
2018
 1382671549.24719
2019
 1382671550.26832
2020
 1382671551.31139
2021
 1382671552.33469
2022
 1382671553.35945
2024
 1382671555.42381
2025
 1382671557.47886
2026
 1382671558.49799
2027
 1382671559.53431
2028
 1382671560.56284
2029
 1382671561.5727
2030
 1382671562.6118
2031
 1382671563.64003
2032
 1382671564.67781
2033
 1382671565.71117
2034
 1382671567.75171
2035
 1382671568.76108
2036
 1382671569.79127
2037
 1382671570.81878
2038
 1382671571.83168
2039
 1382671572.87236
2040
 1382671573.89182
2041
 1382671574.9143
2042
 1382671575.93984
2043
 1382671576.9771
2044
 1382671577.98621
2046
 1382671579.02411
2047
 1382671581.08713
2049
 1382671582.12127
2050
 1382671584.16777
2051
 1382671585.19985
2052
 1382671586.21977
2053
 1382671587.24171
2054
 1382671588.26205
2055
 1382671589.2959
2056
 1382671590.29298
2057
 1382671591.30693
2058
 1382671592.34842
2059
 1382671593.35511
2060
 1382671594.38506
2061
 1382671595.39792
2062
 1382671597.47124
2063
 1382671598.50834
2064
 1382671599.54706
2065
 1382671600.58084
2066
 1382671601.58957
2067
 1382671602.61295
2068
 1382671603.63395
2069
 1382671605.68938
2070
 1382671606.69563
2071
 1382671607.735
2072
 1382671608.77214
2073
 1382671609.78254
2074
 1382671610.8246
2075
 1382671611.81876
2076
 1382671612.84849
2077
 1382671613.87085
2078
 1382671614.94233
2079
 1382671616.92923
2080
 1382671617.96547
2081
 1382671618.98123
2082
 1382671619.996
2083
 1382671621.02763
2084
 1382671622.05152
2085
 1382671623.091
2086
 1382671624.11091
2087
 1382671625.14035
2088
 1382671626.16787
2089
 1382671628.22197
2090
 1382671629.26398
2091
 1382671630.26746
2092
 1382671631.30093
2093
 1382671632.33365
2094
 1382671633.35138
2095
 1382671634.36926
2096
 1382671635.40212
2097
 1382671636.42795
2098
 1382671637.46336
2099
 1382671639.49802
2100
 1382671640.53264
2101
 1382671641.55379
2102
 1382671642.60007
2103
 1382671643.60378
2104
 1382671644.61922
2105
 1382671645.6386
2106
 1382671647.71084
2107
 1382671648.73696
2108
 1382671649.7569
2109
 1382671650.77609
2110
 1382671651.80181
2111
 1382671652.83236
2112
 1382671653.85257
2113
 1382671655.89745
2114
 1382671656.90763
2115
 1382671657.90715
2116
 1382671658.91948
2117
 1382671659.92876
2118
 1382671660.96633
2119
 1382671661.99091
2120
 1382671663.01181
2121
 1382671665.07212
2122
 1382671666.08706
2123
 1382671667.07813
2124
 1382671668.10419
2125
 1382671669.12583
2126
 1382671670.15758
2127
 1382671671.18522
2128
 1382671673.21577
2129
 1382671674.25914
2130
 1382671675.2703
2131
 1382671676.28273
2132
 1382671677.31274
2133
 1382671678.33871
2134
 1382671679.37867
2135
 1382671680.40446
2136
 1382671681.4212
2137
 1382671682.45485
2138
 1382671683.47753
2139
 1382671685.51238
2140
 1382671686.54981
2141
 1382671687.54938
2142
 1382671688.56759
2143
 1382671689.58726
2144
 1382671690.61706
2145
 1382671692.65993
2146
 1382671693.6705
2147
 1382671694.70834
2148
 1382671695.74733
2149
 1382671696.78038
2150
 1382671697.79925
2151
 1382671698.83102
2152
 1382671700.89059
2153
 1382671701.92053
2154
 1382671702.95395
2155
 1382671703.98642
2156
 1382671705.00464
2157
 1382671706.04326
2158
 1382671707.0403
2159
 1382671709.08211
2160
 1382671710.11719
2161
 1382671711.13338
2162
 1382671712.14789
2163
 1382671713.16291
2164
 1382671714.2119
2165
 1382671715.23122
2167
 1382671717.25388
2168
 1382671719.30955
2169
 1382671720.32831
2170
 1382671721.33471
2171
 1382671722.37157
2172
 1382671723.37867
2173
 1382671724.42578
2174
 1382671725.45475
2175
 1382671727.50303
2176
 1382671728.51269
2177
 1382671729.50836
2178
 1382671730.55293
2179
 1382671731.56405
2180
 1382671732.57439
2181
 1382671734.60864
2182
 1382671735.63921
2183
 1382671736.67073
2184
 1382671737.6953
2185
 1382671738.74549
2186
 1382671739.74116
2187
 1382671740.77903
2188
 1382671742.82743
2189
 1382671743.86071
2190
 1382671744.85047
2191
 1382671745.88527
2192
 1382671746.89447
2193
 1382671748.92595
2194
 1382671749.96249
2195
 1382671751.01805
2196
 1382671751.98781
2197
 1382671753.00585
2198
 1382671754.02359
2199
 1382671755.05644
2200
 1382671756.0951
2201
 1382671758.11343
2202
 1382671759.13977
2203
 1382671760.15761
2204
 1382671761.19173
2205
 1382671762.22181
2206
 1382671763.27904
2207
 1382671764.28614
2208
 1382671766.34201
2209
 1382671767.33408
2210
 1382671768.37728
2211
 1382671769.39039
2212
 1382671770.38058
2213
 1382671771.4179
2214
 1382671773.46441
2215
 1382671774.4773
2216
 1382671775.49299
2217
 1382671776.53858
2218
 1382671777.53274
2219
 1382671778.56513
2221
 1382671780.62494
2222
 1382671782.65542
2223
 1382671783.67954
2224
 1382671784.71282
2225
 1382671785.74522
2226
 1382671787.81676
2227
 1382671788.85451
2228
 1382671789.87695
2229
 1382671790.89198
2230
 1382671791.91277
2231
 1382671792.93225
2232
 1382671794.98991
2233
 1382671796.02133
2234
 1382671797.06266
2235
 1382671798.08649
2236
 1382671799.09148
2237
 1382671800.09063
2238
 1382671802.12492
2239
 1382671803.16538
2240
 1382671804.18416
2241
 1382671805.188
2242
 1382671806.22154
2243
 1382671807.26348
2244
 1382671808.2692
2245
 1382671810.31669
2246
 1382671811.35783
2247
 1382671812.38126
2248
 1382671813.38509
2249
 1382671815.43996
2250
 1382671816.47249
2251
 1382671817.49634
2252
 1382671818.52045
2253
 1382671819.53691
2254
 1382671821.58625
2255
 1382671822.62481
2256
 1382671823.64369
2257
 1382671824.68328
2258
 1382671825.71998
2259
 1382671826.75314
2260
 1382671828.80436
2261
 1382671829.83226
2262
 1382671830.87356
2263
 1382671831.88663
2264
 1382671833.90335
2265
 1382671834.93368
2266
 1382671835.95372
2267
 1382671836.98392
2268
 1382671837.99918
2269
 1382671839.03437
2270
 1382671840.06881
2271
 1382671842.09143
2272
 1382671843.12933
2273
 1382671844.12167
2274
 1382671845.15876
2275
 1382671846.1727
2276
 1382671847.20045
2277
 1382671849.2594
2278
 1382671850.28208
2279
 1382671851.32066
2280
 1382671852.33948
2281
 1382671854.38979
2282
 1382671855.43208
2283
 1382671856.44213
2284
 1382671857.46427
2285
 1382671858.47969
2286
 1382671859.50064
2287
 1382671860.53667
2288
 1382671862.56909
2289
 1382671863.58942
2290
 1382671864.62277
2291
 1382671865.64063
2292
 1382671866.65534
2293
 1382671868.69513
2294
 1382671869.71574
2295
 1382671870.74522
2296
 1382671871.76319
2297
 1382671872.80136
2298
 1382671873.83714
2299
 1382671875.92331
2300
 1382671876.96897
2301
 1382671877.96568
2302
 1382671878.9992
2303
 1382671880.02438
2304
 1382671882.10262
2305
 1382671883.10988
2306
 1382671884.13963
2307
 1382671885.17031
2308
 1382671886.18917
2309
 1382671887.21147
2310
 1382671889.27152
2311
 1382671890.30297
2312
 1382671891.3452
2313
 1382671892.33864
2314
 1382671894.40044
2315
 1382671895.39763
2316
 1382671896.41413
2317
 1382671897.45931
2318
 1382671898.46938
2319
 1382671900.52298
2320
 1382671901.56815
2321
 1382671902.551
2322
 1382671903.58881
2323
 1382671904.62037
2324
 1382671906.68205
2325
 1382671909.79057
2326
 1382671911.81501
2327
 1382671912.85962
2328
 1382671914.90862
2329
 1382671915.91639
2330
 1382671916.93529
2331
 1382671917.97422
2332
 1382671918.99328
2333
 1382671920.02715
2334
 1382671922.08431
2335
 1382671923.09402
2336
 1382671924.12277
2337
 1382671925.14101
2338
 1382671926.1831
2339
 1382671927.20086
2340
 1382671928.21953
2341
 1382671930.25201
2342
 1382671931.28378
2343
 1382671932.33258
2344
 1382671933.33034
2345
 1382671934.3702
2346
 1382671935.38345
2347
 1382671937.41914
2348
 1382671938.4649
2349
 1382671939.47569
2350
 1382671940.4936
2351
 1382671942.53537
2352
 1382671943.55705
2353
 1382671944.60651
2354
 1382671945.59832
2355
 1382671946.62618
2356
 1382671947.64612
2357
 1382671948.69132
2358
 1382671950.75835
2359
 1382671951.75974
2360
 1382671952.78533
2361
 1382671953.81054
2362
 1382671955.86222
2363
 1382671956.86785
2364
 1382671957.90749
2365
 1382671958.9231
2366
 1382671959.94221
2367
 1382671960.98119
2368
 1382671961.97871
2369
 1382671963.01101
2370
 1382671964.05428
2371
 1382671965.0678
2372
 1382671966.05142
2373
 1382671967.08157
2374
 1382671969.1471
2375
 1382671970.17123
2376
 1382671971.19694
2377
 1382671973.25099
2378
 1382671974.26262
2379
 1382671975.28765
2380
 1382671976.35505
2381
 1382671978.35833
2382
 1382671979.39525
2383
 1382671980.43948
2384
 1382671981.46263
2385
 1382671983.50549
2386
 1382671984.51764
2387
 1382671985.53315
2388
 1382671987.59074
2389
 1382671988.60404
2390
 1382671989.58032
2391
 1382671990.61184
2392
 1382671991.64425
2393
 1382671993.67779
2394
 1382671994.70609
2395
 1382671995.76452
2396
 1382671996.73837
2397
 1382671997.77441
2398
 1382671999.80479
2399
 1382672000.832
2400
 1382672001.84515
2401
 1382672002.87262
2402
 1382672004.92057
2403
 1382672005.94703
2404
 1382672006.9881
2405
 1382672007.97557
2406
 1382672008.99938
2407
 1382672011.0655
2408
 1382672012.08526
2409
 1382672013.12392
2410
 1382672014.14305
2411
 1382672016.2075
2412
 1382672017.25141
2413
 1382672018.26152
2414
 1382672019.26437
2415
 1382672021.32107
2416
 1382672022.31888
2417
 1382672023.33585
2418
 1382672024.35589
2419
 1382672026.39066
2420
 1382672027.42504
2421
 1382672028.44374
2422
 1382672030.46997
2423
 1382672031.50004
2424
 1382672032.52921
2425
 1382672033.55721
2426
 1382672035.62338
2427
 1382672036.6451
2428
 1382672037.66033
2429
 1382672038.71691
2430
 1382672039.72702
2431
 1382672041.76429
2432
 1382672042.75732
2433
 1382672043.78984
2434
 1382672045.83213
2435
 1382672046.84908
2436
 1382672047.87127
2437
 1382672048.88234
2438
 1382672050.93005
2439
 1382672051.94171
2440
 1382672052.97741
2441
 1382672053.99243
2442
 1382672056.03702
2443
 1382672057.06528
2444
 1382672058.08399
2445
 1382672059.12784
2446
 1382672061.18374
2447
 1382672062.20316
2448
 1382672063.21904
2449
 1382672065.32323
2450
 1382672066.30015
2451
 1382672067.3152
2452
 1382672068.33268
2453
 1382672070.38374
2454
 1382672071.4262
2455
 1382672072.43496
2456
 1382672073.46026
2457
 1382672074.47451
2458
 1382672075.50072
2460
 1382672077.56691
2461
 1382672078.5613
2462
 1382672080.60717
2463
 1382672081.65007
2464
 1382672082.66812
2465
 1382672083.65932
2466
 1382672085.7215
2467
 1382672086.72104
2468
 1382672087.73777
2469
 1382672088.76937
2470
 1382672089.80002
2471
 1382672090.81928
2472
 1382672092.86661
2473
 1382672093.8947
2474
 1382672094.91222
2475
 1382672095.95359
2476
 1382672097.98455
2477
 1382672098.9742
2478
 1382672100.00534
2479
 1382672102.04663
2480
 1382672103.06829
2481
 1382672104.10206
2482
 1382672105.1005
2483
 1382672107.1537
2484
 1382672108.17469
2485
 1382672109.20672
2486
 1382672110.77749
2487
 1382672111.79058
2488
 1382672113.83323
2489
 1382672114.90049
2490
 1382672115.88212
2491
 1382672117.89707
2492
 1382672118.92361
2493
 1382672119.93255
2494
 1382672120.96892
2495
 1382672122.00889
2496
 1382672124.0433
2497
 1382672125.08169
2498
 1382672126.08128
2499
 1382672128.13416
2500
 1382672129.17231
2501
 1382672130.1663
2502
 1382672131.19003
2503
 1382672133.24061
2504
 1382672134.2537
2505
 1382672135.28859
2506
 1382672136.32748
2507
 1382672138.36207
2508
 1382672139.3816
2509
 1382672140.41384
2510
 1382672142.46929
2511
 1382672143.48434
2512
 1382672144.51723
2513
 1382672145.535
2514
 1382672147.60961
2515
 1382672148.5957
2516
 1382672149.63927
2517
 1382672150.64711
2518
 1382672152.69701
2519
 1382672153.73255
2520
 1382672155.78501
2521
 1382672156.82433
2522
 1382672157.85971
2523
 1382672158.89376
2524
 1382672159.93499
2525
 1382672161.96068
2526
 1382672162.98004
2527
 1382672163.97835
2528
 1382672164.99229
2529
 1382672166.03186
2530
 1382672167.0453
2531
 1382672168.05662
2532
 1382672170.06742
2533
 1382672171.10435
2534
 1382672172.1012
2535
 1382672173.11466
2536
 1382672175.1889
2537
 1382672176.20737
2538
 1382672177.22171
2539
 1382672178.23941
2540
 1382672180.30994
2541
 1382672181.34935
2542
 1382672182.34638
2543
 1382672183.36589
2544
 1382672185.40973
2545
 1382672186.42577
2546
 1382672187.45482
2547
 1382672188.48124
2548
 1382672190.50606
2549
 1382672191.53235
2550
 1382672193.60464
2551
 1382672194.62839
2552
 1382672195.63975
2553
 1382672197.7216
2554
 1382672198.7328
2555
 1382672199.7475
2556
 1382672201.76508
2557
 1382672202.80233
2558
 1382672203.82327
2559
 1382672205.85678
2560
 1382672206.87588
2561
 1382672207.89041
2562
 1382672208.9042
2563
 1382672209.93206
2564
 1382672211.96303
2565
 1382672212.97989
2566
 1382672215.02603
2567
 1382672216.05584
2568
 1382672217.07823
2569
 1382672218.10472
2570
 1382672219.14113
2571
 1382672220.16722
2572
 1382672221.19109
2573
 1382672223.23191
2574
 1382672224.25708
2575
 1382672225.2812
2576
 1382672226.29988
2577
 1382672227.323
2578
 1382672228.35892
2579
 1382672229.38151
2580
 1382672230.41245
2581
 1382672232.43488
2582
 1382672233.47801
2583
 1382672234.49084
2584
 1382672236.52217
2585
 1382672237.53114
2586
 1382672238.56034
2587
 1382672239.59777
2588
 1382672241.6293
2589
 1382672242.65242
2590
 1382672243.68792
2591
 1382672245.74696
2592
 1382672246.75307
2593
 1382672248.82354
2594
 1382672249.85881
2595
 1382672250.88967
2596
 1382672251.9327
2597
 1382672253.95748
2598
 1382672254.97894
2599
 1382672255.99897
2600
 1382672258.06395
2601
 1382672259.06182
2602
 1382672260.09767
2603
 1382672261.08076
2604
 1382672263.11418
2605
 1382672264.14748
2606
 1382672265.18807
2607
 1382672267.22238
2608
 1382672268.24938
2609
 1382672270.31543
2610
 1382672271.35822
2611
 1382672272.367
2612
 1382672274.41049
2613
 1382672275.43542
2614
 1382672276.48323
2615
 1382672278.49682
2616
 1382672279.5267
2617
 1382672280.544
2618
 1382672282.61427
2619
 1382672283.65816
2620
 1382672284.66957
2621
 1382672285.69641
2622
 1382672287.752
2623
 1382672288.78879
2624
 1382672289.79622
2625
 1382672290.82558
2626
 1382672292.87405
2627
 1382672293.88955
2628
 1382672294.9107
2629
 1382672296.94412
2630
 1382672297.98876
2631
 1382672298.9804
2632
 1382672300.02621
2633
 1382672301.02526
2634
 1382672303.08373
2635
 1382672304.13733
2636
 1382672306.143
2637
 1382672307.17974
2638
 1382672309.19902
2639
 1382672310.22066
2640
 1382672311.25391
2641
 1382672313.30149
2642
 1382672314.34284
2643
 1382672315.33089
2644
 1382672316.36779
2645
 1382672318.42508
2646
 1382672319.4329
2647
 1382672321.47867
2648
 1382672322.522
2649
 1382672324.54736
2650
 1382672325.56013
2651
 1382672326.59709
2652
 1382672327.63934
2653
 1382672329.66185
2654
 1382672330.70035
2655
 1382672331.73861
2656
 1382672333.77694
2657
 1382672334.81916
2658
 1382672335.82919
2659
 1382672336.86738
2660
 1382672338.91784
2661
 1382672339.92919
2662
 1382672340.96481
2663
 1382672343.00807
2664
 1382672344.0424
2665
 1382672345.05038
2666
 1382672347.1122
2667
 1382672348.09984
2668
 1382672350.15398
2669
 1382672351.17725
2670
 1382672352.19736
2671
 1382672353.2149
2672
 1382672355.25111
2673
 1382672356.28571
2674
 1382672358.32094
2675
 1382672359.35574
2676
 1382672361.41387
2677
 1382672362.45069
2678
 1382672363.48828
2679
 1382672365.52491
2680
 1382672366.54225
2681
 1382672367.59219
2682
 1382672369.60662
2683
 1382672370.64349
2684
 1382672371.6617
2685
 1382672372.67752
2686
 1382672374.71975
2687
 1382672375.76391
2688
 1382672376.75184
2689
 1382672378.82404
2690
 1382672379.8493
2691
 1382672380.88706
2692
 1382672382.92367
2693
 1382672383.94514
2694
 1382672385.99339
2695
 1382672387.0182
2696
 1382672388.03211
2697
 1382672389.07194
2698
 1382672391.09557
2699
 1382672393.15061
2700
 1382672394.17882
2701
 1382672395.19421
2702
 1382672397.24453
2703
 1382672398.26783
2704
 1382672400.32367
2705
 1382672401.32956
2706
 1382672402.36898
2707
 1382672403.41103
2708
 1382672405.43661
2709
 1382672406.42639
2710
 1382672407.46325
2711
 1382672408.50749
2712
 1382672410.51721
2713
 1382672411.55476
2714
 1382672413.59078
2715
 1382672414.61181
2716
 1382672415.63258
2717
 1382672417.69302
2718
 1382672419.74548
2719
 1382672420.76999
2720
 1382672421.79716
2721
 1382672423.83555
2722
 1382672424.86087
2723
 1382672426.89245
2724
 1382672427.91687
2725
 1382672428.93741
2726
 1382672431.00556
2727
 1382672432.00472
2728
 1382672434.04966
2729
 1382672435.06388
2730
 1382672436.10929
2731
 1382672437.12872
2732
 1382672439.15452
2733
 1382672440.18148
2734
 1382672442.22195
2735
 1382672444.27555
2736
 1382672445.29063
2737
 1382672446.33312
2738
 1382672448.37205
2739
 1382672449.37845
2740
 1382672450.39158
2741
 1382672452.44494
2742
 1382672453.46331
2743
 1382672455.53016
2744
 1382672456.54564
2745
 1382672457.58372
2746
 1382672459.65258
2747
 1382672460.67949
2748
 1382672461.70874
2749
 1382672463.7656
2750
 1382672464.77832
2751
 1382672465.8114
2752
 1382672467.85035
2753
 1382672468.87922
2754
 1382672469.88965
2755
 1382672471.94169
2756
 1382672472.96356
2757
 1382672474.00172
2758
 1382672476.05319
2759
 1382672477.08642
2760
 1382672479.13608
2761
 1382672480.15451
2762
 1382672481.18694
2763
 1382672483.21934
2764
 1382672484.26031
2765
 1382672485.29221
2766
 1382672487.32255
2767
 1382672488.7247
2768
 1382672489.70603
2769
 1382672490.7373
2770
 1382672492.78838
2771
 1382672493.79898
2772
 1382672495.87752
2773
 1382672496.88289
2774
 1382672498.93496
2775
 1382672499.9596
2776
 1382672500.99505
2777
 1382672502.01243
2778
 1382672504.04306
2779
 1382672505.06469
2780
 1382672507.09922
2781
 1382672508.13013
2782
 1382672510.1713
2783
 1382672511.19778
2784
 1382672512.22447
2785
 1382672514.27309
2786
 1382672515.28648
2787
 1382672517.33138
2788
 1382672518.34119
2789
 1382672520.39085
2790
 1382672521.42727
2791
 1382672522.4462
2792
 1382672524.50023
2793
 1382672525.53995
2794
 1382672527.55962
2795
 1382672528.57623
2796
 1382672529.59423
2797
 1382672530.62648
2798
 1382672532.67928
2799
 1382672533.7001
2800
 1382672535.75499
2801
 1382672536.74463
2802
 1382672537.7855
2803
 1382672539.81679
2804
 1382672540.83843
2805
 1382672542.88567
2806
 1382672543.92949
2807
 1382672544.92868
2808
 1382672546.96467
2809
 1382672548.00194
2810
 1382672549.38303
2811
 1382672551.39482
2812
 1382672552.40734
2813
 1382672554.44234
2814
 1382672555.48116
2815
 1382672556.49249
2816
 1382672558.5526
2817
 1382672559.55587
2818
 1382672561.58375
2819
 1382672562.6053
2820
 1382672563.62165
2821
 1382672565.69895
2822
 1382672566.71367
2823
 1382672568.74469
2824
 1382672569.78324
2825
 1382672570.79863
2826
 1382672572.85076
2827
 1382672573.85228
2828
 1382672575.92049
2829
 1382672576.9295
2830
 1382672578.97956
2831
 1382672580.01109
2832
 1382672581.03
2833
 1382672583.06471
2834
 1382672584.1018
2835
 1382672585.13213
2836
 1382672587.1901
2837
 1382672588.20419
2838
 1382672589.22587
2839
 1382672590.24283
2840
 1382672592.30142
2841
 1382672594.32837
2842
 1382672595.3644
2843
 1382672597.39104
2844
 1382672598.40448
2845
 1382672599.42049
2846
 1382672601.4821
2847
 1382672602.49487
2848
 1382672603.52389
2849
 1382672605.57148
2850
 1382672606.58338
2851
 1382672607.60231
2852
 1382672609.64097
2853
 1382672610.6535
2854
 1382672612.71515
2855
 1382672613.74789
2856
 1382672615.80268
2857
 1382672616.81381
2858
 1382672618.85029
2859
 1382672619.90172
2860
 1382672620.90837
2861
 1382672622.92034
2862
 1382672623.93198
2863
 1382672625.96318
2864
 1382672626.98713
2865
 1382672629.0615
2866
 1382672630.07158
2867
 1382672631.09392
2868
 1382672633.14209
2869
 1382672634.16226
2870
 1382672636.21757
2871
 1382672637.21023
2872
 1382672639.24586
2873
 1382672640.28052
2874
 1382672641.26541
2875
 1382672643.30939
2876
 1382672644.34668
2877
 1382672645.37098
2878
 1382672647.41273
2879
 1382672649.44107
2880
 1382672650.45716
2881
 1382672651.48277
2882
 1382672653.51588
2883
 1382672654.53881
2884
 1382672656.58914
2885
 1382672657.60579
2886
 1382672659.64877
2887
 1382672660.6885
2888
 1382672662.76482
2889
 1382672663.7738
2890
 1382672665.81994
2891
 1382672666.86051
2892
 1382672668.88574
2893
 1382672669.91895
2894
 1382672670.94008
2895
 1382672671.95004
2896
 1382672674.0032
2897
 1382672675.04092
2898
 1382672677.10494
2899
 1382672678.14301
2900
 1382672680.19946
2901
 1382672681.19537
2902
 1382672683.24539
2903
 1382672684.27599
2904
 1382672686.30775
2905
 1382672687.34428
2906
 1382672688.36936
2907
 1382672690.44166
2908
 1382672691.46247
2909
 1382672693.53476
2910
 1382672694.55576
2911
 1382672696.61397
2912
 1382672697.63647
2913
 1382672699.71185
2914
 1382672700.72633
2915
 1382672701.74128
2916
 1382672703.78095
2917
 1382672704.7968
2918
 1382672705.84445
2919
 1382672707.85283
2920
 1382672708.87393
2921
 1382672710.92438
2922
 1382672711.95713
2923
 1382672714.01265
2924
 1382672715.05828
2925
 1382672716.05283
2926
 1382672718.13278
2927
 1382672720.13787
2928
 1382672721.17201
2929
 1382672722.18949
2930
 1382672724.23041
2931
 1382672725.26768
2932
 1382672727.32242
2933
 1382672728.36474
2934
 1382672729.40775
2935
 1382672731.42983
2936
 1382672732.44383
2937
 1382672734.47357
2938
 1382672735.50489
2939
 1382672736.54072
2940
 1382672738.57295
2941
 1382672740.63096
2942
 1382672741.66551
2943
 1382672742.70558
2944
 1382672744.75352
2945
 1382672746.80015
2946
 1382672747.80825
2947
 1382672748.83657
2948
 1382672750.91841
2949
 1382672751.9201
2950
 1382672752.95058
2951
 1382672755.00338
2952
 1382672756.02115
2953
 1382672758.07206
2954
 1382672759.0955
2955
 1382672761.14184
2956
 1382672762.15303
2957
 1382672764.21686
2958
 1382672765.25114
2959
 1382672767.28893
2960
 1382672768.33224
2961
 1382672770.32531
2962
 1382672771.34228
2963
 1382672772.35799
2964
 1382672774.39799
2965
 1382672776.43437
2966
 1382672777.4535
2967
 1382672778.47571
2968
 1382672780.55662
2969
 1382672782.5797
2970
 1382672783.61277
2971
 1382672784.62376
2972
 1382672786.68139
2973
 1382672788.70624
2974
 1382672789.74571
2975
 1382672790.79885
2976
 1382672792.79366
2977
 1382672793.82301
2978
 1382672794.8412
2979
 1382672796.87306
2980
 1382672797.90887
2981
 1382672798.95008
2982
 1382672800.99416
2983
 1382672802.01854
2984
 1382672804.09614
2985
 1382672805.07144
2986
 1382672807.11044
2987
 1382672808.14335
2988
 1382672810.19928
2989
 1382672811.22284
2990
 1382672813.26895
2991
 1382672814.31067
2992
 1382672816.32603
2993
 1382672817.36603
2994
 1382672818.37657
2995
 1382672820.43174
2996
 1382672821.47245
2997
 1382672823.52261
2998
 1382672824.51625
2999
 1382672826.55178
3000
 1382672827.56444
3001
 1382672829.62139
3002
 1382672830.63434
3003
 1382672832.67234
3004
 1382672833.68475
3005
 1382672834.70582
3006
 1382672836.75537
3007
 1382672838.78455
3008
 1382672839.8146
3009
 1382672841.86479
3010
 1382672842.89673
3011
 1382672844.92992
3012
 1382672845.9592
3013
 1382672846.98713
3014
 1382672849.00873
3015
 1382672850.02375
3016
 1382672852.09156
3017
 1382672853.11053
3018
 1382672855.14862
3019
 1382672856.17615
3020
 1382672857.1987
3021
 1382672858.22457
3022
 1382672860.28819
3023
 1382672861.30493
3024
 1382672862.31781
3025
 1382672864.324
3026
 1382672865.36135
3027
 1382672866.39136
3028
 1382672868.45578
3029
 1382672870.47995
3030
 1382672871.50539
3031
 1382672872.53375
3032
 1382672874.5948
3033
 1382672876.61887
3034
 1382672877.64586
3035
 1382672879.69996
3036
 1382672880.69143
3037
 1382672881.73026
3038
 1382672883.78479
3039
 1382672884.82338
3040
 1382672885.84823
3041
 1382672886.85781
3042
 1382672888.92869
3043
 1382672889.95271
3044
 1382672890.99701
3045
 1382672891.98991
3046
 1382672894.03356
3047
 1382672895.07202
3048
 1382672897.11771
3049
 1382672898.14297
3050
 1382672899.1684
3051
 1382672900.19999
3052
 1382672902.23474
3053
 1382672903.25675
3054
 1382672904.28324
3055
 1382672905.31265
3056
 1382672907.38783
3057
 1382672908.38078
3058
 1382672910.43496
3059
 1382672911.45376
3060
 1382672913.50502
3061
 1382672914.54435
3062
 1382672916.5652
3063
 1382672917.59433
3064
 1382672919.64081
3065
 1382672920.66499
3066
 1382672922.70248
3067
 1382672924.7652
3068
 1382672925.80775
3069
 1382672927.84015
3070
 1382672928.82518
3071
 1382672930.89285
3072
 1382672931.91716
3073
 1382672932.9315
3074
 1382672934.99514
3075
 1382672936.00106
3076
 1382672938.03074
3077
 1382672939.06074
3078
 1382672940.0802
3079
 1382672942.12432
3080
 1382672943.14413
3081
 1382672945.19445
3082
 1382672946.19636
3083
 1382672947.22686
3084
 1382672949.2449
3085
 1382672950.30049
3086
 1382672952.32682
3087
 1382672953.36416
3088
 1382672955.42032
3089
 1382672956.44024
3090
 1382672958.47291
3091
 1382672959.48969
3092
 1382672961.5298
3093
 1382672962.54367
3094
 1382672963.55614
3095
 1382672965.60856
3096
 1382672967.61922
3097
 1382672968.63085
3098
 1382672970.67974
3099
 1382672971.71289
3100
 1382672973.76605
3101
 1382672975.81743
3102
 1382672976.82711
3103
 1382672978.85435
3104
 1382672979.86823
3105
 1382672981.93725
3106
 1382672982.9428
3107
 1382672984.99648
3108
 1382672986.01799
3109
 1382672988.0883
3110
 1382672989.10573
3111
 1382672991.17054
3112
 1382672992.20146
3113
 1382672994.25769
3114
 1382672995.28315
3115
 1382672997.31325
3116
 1382672998.3387
3117
 1382673000.38773
3118
 1382673002.42436
3119
 1382673003.46469
3120
 1382673005.47851
3121
 1382673006.49151
3122
 1382673008.55529
3123
 1382673010.58231
3124
 1382673011.59936
3125
 1382673012.6285
3126
 1382673014.67857
3127
 1382673015.71603
3128
 1382673017.75087
3129
 1382673019.82876
3130
 1382673020.84318
3131
 1382673022.89527
3132
 1382673023.91637
3133
 1382673024.9553
3134
 1382673026.99439
3135
 1382673028.03594
3136
 1382673030.08404
3137
 1382673031.09497
3138
 1382673033.14905
3139
 1382673034.16692
3140
 1382673036.22701
3141
 1382673037.20594
3142
 1382673039.24973
3143
 1382673041.29395
3144
 1382673042.30951
3145
 1382673044.3622
3146
 1382673045.39492
3147
 1382673047.44393
3148
 1382673048.50449
3149
 1382673050.51121
3150
 1382673051.54738
3151
 1382673053.5831
3152
 1382673054.59522
3153
 1382673056.67327
3154
 1382673057.68668
3155
 1382673059.73196
3156
 1382673060.7526
3157
 1382673062.82009
3158
 1382673063.81741
3159
 1382673065.85663
3160
 1382673066.87037
3161
 1382673068.92956
3162
 1382673069.93882
3163
 1382673071.99007
3164
 1382673074.00722
3165
 1382673075.03795
3166
 1382673077.07483
3167
 1382673078.11004
3168
 1382673080.14759
3169
 1382673082.19751
3170
 1382673083.21137
3171
 1382673085.26
3172
 1382673086.27773
3173
 1382673088.32873
3174
 1382673090.38077
3175
 1382673091.40726
3176
 1382673093.45517
3177
 1382673094.49754
3178
 1382673096.50583
3179
 1382673097.53579
3180
 1382673099.59308
3181
 1382673100.61842
3182
 1382673102.66523
3183
 1382673104.69216
3184
 1382673105.73586
3185
 1382673107.75419
3186
 1382673108.77589
3187
 1382673109.80573
3188
 1382673111.88814
3189
 1382673112.89883
3190
 1382673114.96376
3191
 1382673116.98489
3192
 1382673118.01073
3193
 1382673119.03986
3194
 1382673121.10075
3195
 1382673123.09974
3196
 1382673124.12262
3197
 1382673126.17288
3198
 1382673128.23651
3199
 1382673129.26186
3200
 1382673131.32137
3201
 1382673132.30694
3202
 1382673134.36978
3203
 1382673136.41531
3204
 1382673137.4234
3205
 1382673139.46881
3206
 1382673140.50302
3207
 1382673142.55456
3208
 1382673144.6085
3209
 1382673145.62805
3210
 1382673147.68581
3211
 1382673148.67435
3212
 1382673150.71976
3213
 1382673152.76903
3214
 1382673153.79375
3215
 1382673155.84966
3216
 1382673156.87081
3217
 1382673158.91543
3218
 1382673159.93666
3219
 1382673161.9663
3220
 1382673162.9775
3221
 1382673165.02544
3222
 1382673167.06142
3223
 1382673168.07633
3224
 1382673169.11149
3225
 1382673171.13929
3226
 1382673173.19894
3227
 1382673174.1889
3228
 1382673176.27399
3229
 1382673177.28267
3230
 1382673179.34262
3231
 1382673180.37701
3232
 1382673182.42252
3233
 1382673184.46716
3234
 1382673185.49845
3235
 1382673187.5486
3236
 1382673189.62295
3237
 1382673190.63624
3238
 1382673192.66047
3239
 1382673193.71158
3240
 1382673195.72719
3241
 1382673196.73873
3242
 1382673198.79064
3243
 1382673199.83186
3244
 1382673201.86144
3245
 1382673202.88037
3246
 1382673204.90648
3247
 1382673205.92499
3248
 1382673208.00328
3249
 1382673210.05916
3250
 1382673211.06857
3251
 1382673213.12592
3252
 1382673214.16233
3253
 1382673216.22039
3254
 1382673217.23804
3255
 1382673219.28991
3256
 1382673220.31147
3257
 1382673222.39455
3258
 1382673224.41869
3259
 1382673225.44327
3260
 1382673227.49717
3261
 1382673229.53337
3262
 1382673230.55311
3263
 1382673232.62999
3264
 1382673234.64922
3265
 1382673235.66551
3266
 1382673237.72064
3267
 1382673238.73148
3268
 1382673240.77602
3269
 1382673241.81567
3270
 1382673243.84608
3271
 1382673245.91399
3272
 1382673246.904
3273
 1382673248.98355
3274
 1382673249.99573
3275
 1382673252.06687
3276
 1382673253.09778
3277
 1382673255.14148
3278
 1382673257.19022
3279
 1382673258.2086
3280
 1382673259.24999
3281
 1382673261.26346
3282
 1382673262.31363
3283
 1382673265.36566
3284
 1382673266.40556
3285
 1382673267.40487
3286
 1382673269.46754
3287
 1382673271.49492
3288
 1382673272.53331
3289
 1382673274.581
3290
 1382673275.60309
3291
 1382673277.64248
3292
 1382673278.68598
3293
 1382673280.71193
3294
 1382673281.73715
3295
 1382673283.79209
3296
 1382673285.84194
3297
 1382673287.88401
3298
 1382673288.90928
3299
 1382673290.95322
3300
 1382673293.0191
3301
 1382673294.05252
3302
 1382673296.12772
3303
 1382673298.15835
3304
 1382673299.17378
3305
 1382673300.21245
3306
 1382673302.25566
3307
 1382673303.28935
3308
 1382673305.34951
3309
 1382673307.42273
3310
 1382673308.45828
3311
 1382673310.51809
3312
 1382673311.53154
3313
 1382673313.59387
3314
 1382673314.61043
3315
 1382673316.65971
3316
 1382673318.73018
3317
 1382673319.72983
3318
 1382673321.78988
3319
 1382673323.84991
3320
 1382673324.88216
3321
 1382673326.91242
3322
 1382673327.95891
3323
 1382673329.9856
3324
 1382673331.00242
3325
 1382673333.06987
3326
 1382673335.09577
3327
 1382673336.10887
3328
 1382673338.14903
3329
 1382673339.15948
3330
 1382673341.20479
3331
 1382673343.27498
3332
 1382673344.30615
3333
 1382673346.36288
3334
 1382673348.42246
3335
 1382673349.42672
3336
 1382673351.45126
3337
 1382673352.48635
3338
 1382673354.55802
3339
 1382673355.5774
3340
 1382673357.6137
3341
 1382673359.63745
3342
 1382673360.65505
3343
 1382673362.71087
3344
 1382673363.7418
3345
 1382673365.7994
3346
 1382673366.87945
3347
 1382673368.95366
3348
 1382673371.0006
3349
 1382673372.03262
3350
 1382673374.09533
3351
 1382673376.10748
3352
 1382673377.14453
3353
 1382673379.19628
3354
 1382673380.21235
3355
 1382673382.27589
3356
 1382673384.29899
3357
 1382673385.3421
3358
 1382673387.38068
3359
 1382673389.43526
3360
 1382673390.47067
3361
 1382673392.50643
3362
 1382673393.55373
3363
 1382673395.59947
3364
 1382673396.6512
3365
 1382673398.6639
3366
 1382673400.72786
3367
 1382673402.7662
3368
 1382673403.78149
3369
 1382673405.82295
3370
 1382673406.83666
3371
 1382673408.88075
3372
 1382673409.89143
3373
 1382673411.94826
3374
 1382673414.01582
3375
 1382673415.05152
3376
 1382673417.17803
3377
 1382673419.2221
3378
 1382673420.25903
3379
 1382673422.32225
3380
 1382673424.365
3381
 1382673425.38812
3382
 1382673426.43092
3383
 1382673428.46455
3384
 1382673430.53603
3385
 1382673431.54816
3386
 1382673433.62586
3387
 1382673435.64016
3388
 1382673436.6629
3389
 1382673438.71981
3390
 1382673439.74094
3391
 1382673441.79079
3392
 1382673443.86277
3393
 1382673444.89992
3394
 1382673446.95231
3395
 1382673447.98823
3396
 1382673450.03465
3397
 1382673452.08031
3398
 1382673453.12276
3399
 1382673455.17465
3400
 1382673457.23847
3401
 1382673458.23595
3402
 1382673460.3001
3403
 1382673461.32142
3404
 1382673463.35284
3405
 1382673465.39853
3406
 1382673466.41563
3407
 1382673468.48935
3408
 1382673470.54568
3409
 1382673471.58
3410
 1382673473.61507
3411
 1382673474.63757
3412
 1382673476.68325
3413
 1382673478.7134
3414
 1382673479.73281
3415
 1382673481.773
3416
 1382673482.79511
3417
 1382673484.85146
3418
 1382673485.87216
3419
 1382673487.9292
3420
 1382673489.96856
3421
 1382673491.01299
3422
 1382673493.04922
3423
 1382673494.06681
3424
 1382673496.10578
3425
 1382673498.1391
3426
 1382673500.17253
3427
 1382673502.20144
3428
 1382673503.22687
3429
 1382673505.2715
3430
 1382673507.32074
3431
 1382673508.33942
3432
 1382673510.39653
3433
 1382673512.4199
3434
 1382673513.44303
3435
 1382673515.52092
3436
 1382673516.55367
3437
 1382673518.59239
3438
 1382673519.60734
3439
 1382673521.64942
3440
 1382673523.71333
3441
 1382673525.75481
3442
 1382673526.77303
3443
 1382673528.81966
3444
 1382673529.85343
3445
 1382673531.90757
3446
 1382673532.93411
3447
 1382673534.99066
3448
 1382673537.04224
3449
 1382673538.03338
3450
 1382673541.12753
3451
 1382673542.14161
3452
 1382673544.19437
3453
 1382673546.23509
3454
 1382673547.2743
3455
 1382673549.33121
3456
 1382673550.34772
3457
 1382673552.4376
3458
 1382673554.45168
3459
 1382673556.47815
3460
 1382673557.51839
3461
 1382673559.55666
3462
 1382673560.57343
3463
 1382673563.64616
3464
 1382673564.68401
3465
 1382673566.74204
3466
 1382673568.78279
3467
 1382673569.82395
3468
 1382673571.84849
3469
 1382673573.91147
3470
 1382673574.94878
3471
 1382673576.97962
3472
 1382673578.02319
3473
 1382673580.04052
3474
 1382673582.11831
3475
 1382673583.1603
3476
 1382673585.17649
3477
 1382673587.21236
3478
 1382673588.22607
3479
 1382673590.28389
3480
 1382673592.32421
3481
 1382673594.36297
3482
 1382673596.43309
3483
 1382673597.44112
3484
 1382673599.47349
3485
 1382673601.53558
3486
 1382673602.54093
3487
 1382673605.63245
3488
 1382673608.71856
3489
 1382673609.77021
3490
 1382673611.82066
3491
 1382673613.88025
3492
 1382673615.91151
3493
 1382673616.95616
3494
 1382673618.97885
3495
 1382673621.04076
3496
 1382673623.07901
3497
 1382673625.14422
3498
 1382673627.21347
3499
 1382673629.27163
3500
 1382673631.35958
3501
 1382673632.355
3502
 1382673634.39069
3503
 1382673636.42098
3504
 1382673637.46185
3505
 1382673639.55561
3506
 1382673640.55359
3507
 1382673642.60286
3508
 1382673643.6392
3509
 1382673645.66475
3510
 1382673646.69144
3511
 1382673648.73287
3512
 1382673649.74946
3513
 1382673651.80527
3514
 1382673652.85158
3515
 1382673653.86285
3516
 1382673655.91603
3517
 1382673656.95029
3518
 1382673658.98313
3519
 1382673660.00106
3520
 1382673662.06194
3521
 1382673663.09402
3522
 1382673665.14496
3523
 1382673666.16909
3524
 1382673668.21756
3525
 1382673670.23458
3526
 1382673672.26862
3527
 1382673673.32777
3528
 1382673675.34386
3529
 1382673676.37131
3530
 1382673678.43028
3531
 1382673680.45111
3532
 1382673682.50154
3533
 1382673683.51325
3534
 1382673685.56892
3535
 1382673687.6318
3536
 1382673689.70827
3537
 1382673690.75931
3538
 1382673692.81025
3539
 1382673693.84067
3540
 1382673695.90645
3541
 1382673697.96748
3542
 1382673698.99454
3543
 1382673700.02072
3544
 1382673702.06245
3545
 1382673704.1104
3546
 1382673705.1078
3547
 1382673707.16891
3548
 1382673708.19901
3549
 1382673710.23118
3550
 1382673712.27425
3551
 1382673713.33227
3552
 1382673715.37128
3553
 1382673717.35483
3554
 1382673719.40396
3555
 1382673720.44649
3556
 1382673722.51065
3557
 1382673723.53288
3558
 1382673725.60033
3559
 1382673727.66806
3560
 1382673729.71837
3561
 1382673730.7409
3562
 1382673732.79525
3563
 1382673734.81708
3564
 1382673735.85469
3565
 1382673737.91393
3566
 1382673739.97302
3567
 1382673740.98866
3568
 1382673744.01202
3569
 1382673745.06024
3570
 1382673747.10181
3571
 1382673748.11433
3572
 1382673750.17265
3573
 1382673752.24727
3574
 1382673753.25716
3575
 1382673755.33153
3576
 1382673757.38939
3577
 1382673759.45101
3578
 1382673760.49149
3579
 1382673762.52169
3580
 1382673764.59437
3581
 1382673766.66152
3582
 1382673767.678
3583
 1382673769.75567
3584
 1382673771.78569
3585
 1382673772.80348
3586
 1382673774.86602
3587
 1382673775.89588
3588
 1382673777.92764
3589
 1382673779.98924
3590
 1382673782.00063
3591
 1382673783.04354
3592
 1382673785.07287
3593
 1382673786.06523
3594
 1382673788.12332
3595
 1382673790.16012
3596
 1382673792.19327
3597
 1382673793.2078
3598
 1382673795.25058
3599
 1382673797.32057
3600
 1382673798.32783
3601
 1382673800.3759
3602
 1382673802.44347
3603
 1382673803.45999
3604
 1382673805.51416
3605
 1382673807.59064
3606
 1382673809.64444
3607
 1382673810.67013
3608
 1382673812.73034
3609
 1382673814.78536
3610
 1382673815.81553
3611
 1382673817.86246
3612
 1382673819.90399
3613
 1382673820.9504
3614
 1382673822.97821
3615
 1382673825.00422
3616
 1382673826.03042
3617
 1382673828.08797
3618
 1382673830.12223
3619
 1382673832.17743
3620
 1382673834.24183
3621
 1382673836.29817
3622
 1382673837.30822
3623
 1382673838.31804
3624
 1382673841.38007
3625
 1382673842.41197
3626
 1382673844.46054
3627
 1382673846.51507
3628
 1382673847.53009
3629
 1382673849.5607
3630
 1382673851.61127
3631
 1382673852.65324
3632
 1382673854.71245
3633
 1382673856.74206
3634
 1382673857.78084
3635
 1382673859.80554
3636
 1382673861.87252
3637
 1382673862.91092
3638
 1382673864.95884
3639
 1382673867.03705
3640
 1382673869.06286
3641
 1382673870.10241
3642
 1382673872.1543
3643
 1382673873.17583
3644
 1382673875.22747
3645
 1382673877.28578
3646
 1382673879.3463
3647
 1382673880.34311
3648
 1382673882.40727
3649
 1382673884.4415
3650
 1382673886.47583
3651
 1382673887.50737
3652
 1382673889.55013
3653
 1382673891.60368
3654
 1382673893.65906
3655
 1382673896.72938
3656
 1382673897.7644
3657
 1382673899.84664
3658
 1382673901.89168
3659
 1382673902.93777
3660
 1382673904.97852
3661
 1382673907.00149
3662
 1382673909.06324
3663
 1382673910.07347
3664
 1382673912.13821
3665
 1382673914.17648
3666
 1382673916.21351
3667
 1382673917.24523
3668
 1382673919.28863
3669
 1382673921.39385
3670
 1382673922.43017
3671
 1382673924.46417
3672
 1382673926.53428
3673
 1382673928.55474
3674
 1382673929.5778
3675
 1382673931.62327
3676
 1382673933.67498
3677
 1382673935.7443
3678
 1382673937.80198
3679
 1382673938.80624
3680
 1382673940.86637
3681
 1382673941.90891
3682
 1382673943.93281
3683
 1382673946.00135
3684
 1382673948.01974
3685
 1382673949.04714
3686
 1382673951.10772
3687
 1382673953.18641
3688
 1382673954.20064
3689
 1382673956.24879
3690
 1382673958.31327
3691
 1382673960.35986
3692
 1382673962.42198
3693
 1382673964.43061
3694
 1382673965.4661
3695
 1382673967.52278
3696
 1382673969.56088
3697
 1382673971.6311
3698
 1382673973.6543
3699
 1382673974.67573
3700
 1382673976.7059
3701
 1382673978.74082
3702
 1382673980.79951
3703
 1382673981.79446
3704
 1382673983.8553
3705
 1382673985.91934
3706
 1382673986.91463
3707
 1382673988.95892
3708
 1382673991.00306
3709
 1382673993.0499
3710
 1382673995.0827
3711
 1382673997.12648
3712
 1382673998.16709
3713
 1382674000.21009
3714
 1382674001.24767
3715
 1382674003.30212
3716
 1382674005.31838
3717
 1382674007.36742
3718
 1382674008.38739
3719
 1382674010.42972
3720
 1382674012.47716
3721
 1382674013.50863
3722
 1382674015.55095
3723
 1382674017.60641
3724
 1382674018.61906
3725
 1382674020.66324
3726
 1382674022.70053
3727
 1382674024.7721
3728
 1382674026.80876
3729
 1382674028.89022
3730
 1382674029.8943
3731
 1382674031.93202
3732
 1382674033.96623
3733
 1382674035.0099
3734
 1382674038.05536
3735
 1382674039.09655
3736
 1382674041.12261
3737
 1382674043.15842
3738
 1382674045.24541
3739
 1382674046.26325
3740
 1382674048.32904
3741
 1382674050.37341
3742
 1382674051.36634
3743
 1382674053.4334
3744
 1382674055.48712
3745
 1382674057.54875
3746
 1382674059.58212
3747
 1382674060.60411
3748
 1382674062.67592
3749
 1382674064.67833
3750
 1382674065.70955
3751
 1382674067.7652
3752
 1382674069.83024
3753
 1382674071.87129
3754
 1382674073.94539
3755
 1382674075.9829
3756
 1382674077.97658
3757
 1382674080.0752
3758
 1382674081.10506
3759
 1382674083.1468
3760
 1382674085.22365
3761
 1382674087.27598
3762
 1382674088.31655
3763
 1382674090.32253
3764
 1382674092.35771
3765
 1382674094.39687
3766
 1382674095.43577
3767
 1382674097.46997
3768
 1382674099.54418
3769
 1382674101.58624
3770
 1382674102.62469
3771
 1382674104.63088
3772
 1382674106.67378
3773
 1382674108.72154
3774
 1382674110.75131
3775
 1382674112.81624
3776
 1382674113.84374
3777
 1382674115.90795
3778
 1382674117.91038
3779
 1382674119.96951
3780
 1382674122.03266
3781
 1382674123.06183
3782
 1382674125.12528
3783
 1382674126.14099
3784
 1382674129.23194
3785
 1382674130.24496
3786
 1382674132.29045
3787
 1382674133.3051
3788
 1382674135.32761
3789
 1382674138.39652
3790
 1382674139.42449
3791
 1382674141.45022
3792
 1382674143.4934
3793
 1382674144.52534
3794
 1382674146.55703
3795
 1382674147.5721
3796
 1382674150.64877
3797
 1382674152.71005
3798
 1382674153.73967
3799
 1382674155.76247
3800
 1382674157.83523
3801
 1382674159.88445
3802
 1382674160.89884
3803
 1382674163.95276
3804
 1382674164.96785
3805
 1382674167.12011
3806
 1382674168.1554
3807
 1382674170.19109
3808
 1382674172.20748
3809
 1382674173.2279
3810
 1382674175.27153
3811
 1382674177.32719
3812
 1382674179.37308
3813
 1382674180.40853
3814
 1382674182.48473
3815
 1382674184.51978
3816
 1382674186.57785
3817
 1382674188.63177
3818
 1382674190.70454
3819
 1382674192.7361
3820
 1382674194.75021
3821
 1382674196.79812
3822
 1382674198.86559
3823
 1382674199.89035
3824
 1382674202.96964
3825
 1382674204.0026
3826
 1382674206.04733
3827
 1382674208.10108
3828
 1382674209.13014
3829
 1382674211.17428
3830
 1382674213.24063
3831
 1382674215.34168
3832
 1382674217.33514
3833
 1382674218.36621
3834
 1382674220.42064
3835
 1382674222.47587
3836
 1382674224.5158
3837
 1382674226.54376
3838
 1382674227.58134
3839
 1382674229.63427
3840
 1382674231.686
3841
 1382674233.73774
3842
 1382674235.82714
3843
 1382674236.84539
3844
 1382674238.88739
3845
 1382674240.92722
3846
 1382674241.94444
3847
 1382674244.00646
3848
 1382674246.03148
3849
 1382674248.08254
3850
 1382674250.12186
3851
 1382674252.166
3852
 1382674254.21383
3853
 1382674255.23913
3854
 1382674257.28999
3855
 1382674259.34187
3856
 1382674261.38584
3857
 1382674262.40331
3858
 1382674265.47691
3859
 1382674266.5251
3860
 1382674268.5458
3861
 1382674270.59167
3862
 1382674272.66567
3863
 1382674274.71374
3864
 1382674276.75638
3865
 1382674277.78423
3866
 1382674279.79894
3867
 1382674281.85055
3868
 1382674283.90586
3869
 1382674285.95508
3870
 1382674288.07802
3871
 1382674289.11969
3872
 1382674291.14852
3873
 1382674292.17387
3874
 1382674294.2296
3875
 1382674296.2847
3876
 1382674298.33608
3877
 1382674300.37266
3878
 1382674302.41501
3879
 1382674304.4521
3880
 1382674306.49784
3881
 1382674308.56884
3882
 1382674309.60629
3883
 1382674311.64324
3884
 1382674313.69809
3885
 1382674315.75405
3886
 1382674317.95041
3887
 1382674320.00295
3888
 1382674321.03831
3889
 1382674323.08667
3890
 1382674325.12973
3891
 1382674327.19912
3892
 1382674329.24466
3893
 1382674331.32301
3894
 1382674333.38093
3895
 1382674334.40774
3896
 1382674336.41486
3897
 1382674338.47906
3898
 1382674339.5151
3899
 1382674341.58001
3900
 1382674343.62318
3901
 1382674345.66895
3902
 1382674347.72186
3903
 1382674349.76452
3904
 1382674350.78755
3905
 1382674352.8469
3906
 1382674354.87868
3907
 1382674356.93766
3908
 1382674358.97554
3909
 1382674361.03579
3910
 1382674362.06851
3911
 1382674364.11654
3912
 1382674366.19108
3913
 1382674368.21058
3914
 1382674370.24857
3915
 1382674372.29638
3916
 1382674374.36634
3917
 1382674376.42878
3918
 1382674378.45355
3919
 1382674380.50507
3920
 1382674382.53874
3921
 1382674383.53982
3922
 1382674385.60891
3923
 1382674386.63378
3924
 1382674388.67326
3925
 1382674389.713
3926
 1382674391.74748
3927
 1382674392.76992
3928
 1382674394.84069
3929
 1382674395.87553
3930
 1382674397.93064
3931
 1382674399.99257
3932
 1382674402.01603
3933
 1382674404.07751
3934
 1382674406.10694
3935
 1382674407.14696
3936
 1382674409.17076
3937
 1382674411.23403
3938
 1382674413.27505
3939
 1382674415.32274
3940
 1382674416.34588
3941
 1382674418.42847
3942
 1382674420.45973
3943
 1382674421.47824
3944
 1382674424.55065
3945
 1382674426.60534
3946
 1382674428.63629
3947
 1382674429.67152
3948
 1382674432.75861
3949
 1382674433.77194
3950
 1382674436.8311
3951
 1382674437.87948
3952
 1382674439.91037
3953
 1382674440.93771
3954
 1382674444.02168
3955
 1382674445.03926
3956
 1382674447.09368
3957
 1382674449.16262
3958
 1382674450.18501
3959
 1382674453.26054
3960
 1382674454.26902
3961
 1382674456.30581
3962
 1382674458.361
3963
 1382674460.41567
3964
 1382674461.52499
3965
 1382674463.59111
3966
 1382674465.63484
3967
 1382674467.62992
3968
 1382674469.72114
3969
 1382674471.77458
3970
 1382674473.81164
3971
 1382674475.86306
3972
 1382674477.90819
3973
 1382674478.94707
3974
 1382674480.97673
3975
 1382674483.01877
3976
 1382674485.02956
3977
 1382674487.10848
3978
 1382674489.13006
3979
 1382674491.16994
3980
 1382674493.22667
3981
 1382674495.31654
3982
 1382674497.35554
3983
 1382674499.40873
3984
 1382674500.43189
3985
 1382674502.48133
3986
 1382674503.50987
3987
 1382674505.63624
3988
 1382674507.69827
3989
 1382674509.74744
3990
 1382674510.78204
3991
 1382674512.83162
3992
 1382674514.88482
3993
 1382674516.90204
3994
 1382674518.95006
3995
 1382674520.98717
3996
 1382674522.0293
3997
 1382674524.0601
3998
 1382674526.11652
3999
 1382674527.14079
4000
 1382674529.31855
4001
 1382674531.36845
4002
 1382674533.44198
4003
 1382674535.46383
4004
 1382674536.48998
4005
 1382674537.50259
4006
 1382674539.57251
4007
 1382674540.61779
