 1382649680.4776
41
 1382650011.70296
52
 1382650012.71238
62
 1382650013.71772
72
 1382650014.72134
82
 1382650015.7335
91
 1382650016.72567
101
 1382650017.72775
110
 1382650018.73598
118
 1382650019.74451
127
 1382650020.75408
135
 1382650021.75212
143
 1382650022.76337
151
 1382650023.76465
158
 1382650024.77485
166
 1382650025.77119
174
 1382650026.85638
180
 1382650027.87091
186
 1382650028.88166
193
 1382650029.8951
200
 1382650030.90505
207
 1382650031.95025
213
 1382650032.96473
220
 1382650033.96641
227
 1382650034.97672
233
 1382650035.98578
239
 1382650036.99335
245
 1382650037.99864
251
 1382650039.0013
257
 1382650040.0162
263
 1382650041.01074
269
 1382650042.02315
276
 1382650043.15788
281
 1382650044.17082
287
 1382650045.1839
293
 1382650046.19241
298
 1382650047.20309
304
 1382650048.20701
309
 1382650049.21984
315
 1382650050.2251
319
 1382650051.23422
325
 1382650052.24118
330
 1382650053.24676
335
 1382650054.25494
340
 1382650055.26323
345
 1382650056.2826
350
 1382650057.29538
357
 1382650058.3044
361
 1382650059.30584
366
 1382650060.32573
371
 1382650061.32505
375
 1382650062.33717
380
 1382650063.34123
385
 1382650064.34919
390
 1382650065.35511
394
 1382650066.3645
399
 1382650067.37041
403
 1382650068.37502
408
 1382650069.37915
412
 1382650070.38506
417
 1382650071.39197
421
 1382650072.3951
426
 1382650073.40486
430
 1382650074.41918
434
 1382650075.4305
438
 1382650076.4394
443
 1382650077.4463
447
 1382650078.44803
451
 1382650079.45535
456
 1382650080.46327
459
 1382650081.47338
464
 1382650082.47716
468
 1382650083.48803
473
 1382650084.49445
476
 1382650085.50905
480
 1382650086.50211
483
 1382650087.51317
510
 1382650093.59835
513
 1382650094.60376
518
 1382650095.60996
521
 1382650096.61774
525
 1382650097.63273
529
 1382650098.63277
533
 1382650099.7749
537
 1382650100.78025
541
 1382650101.78676
544
 1382650102.79175
548
 1382650103.79741
552
 1382650104.80317
555
 1382650105.8187
558
 1382650106.81412
563
 1382650107.81777
566
 1382650108.82999
570
 1382650109.83707
573
 1382650110.84428
576
 1382650111.85002
580
 1382650112.86324
584
 1382650113.8906
588
 1382650114.94266
591
 1382650115.9513
594
 1382650116.95786
597
 1382650117.96617
601
 1382650118.96831
604
 1382650119.98013
608
 1382650120.9935
611
 1382650121.99172
615
 1382650122.99991
618
 1382650124.00831
621
 1382650125.01973
624
 1382650126.03069
628
 1382650127.03424
631
 1382650128.04299
635
 1382650129.04652
637
 1382650130.05661
642
 1382650131.07213
644
 1382650132.07478
666
 1382650138.25834
668
 1382650139.26497
672
 1382650140.26992
675
 1382650141.36054
679
 1382650142.37308
681
 1382650143.38303
685
 1382650144.39542
688
 1382650145.40235
691
 1382650146.42046
694
 1382650147.4166
698
 1382650148.42612
700
 1382650149.43493
703
 1382650150.44253
706
 1382650151.44431
709
 1382650152.45755
712
 1382650153.45692
715
 1382650154.4628
718
 1382650155.47177
721
 1382650156.4818
725
 1382650157.58697
727
 1382650158.59143
731
 1382650159.59588
733
 1382650160.6828
737
 1382650161.6919
739
 1382650162.70118
742
 1382650163.7118
745
 1382650164.7129
764
 1382650170.38582
766
 1382650171.39569
769
 1382650172.40112
771
 1382650173.40974
775
 1382650174.41889
777
 1382650175.43265
795
 1382650181.29218
797
 1382650182.30756
801
 1382650183.30274
803
 1382650184.30965
806
 1382650185.32025
808
 1382650186.32293
812
 1382650187.35575
815
 1382650188.36781
817
 1382650189.37707
819
 1382650190.38637
822
 1382650191.37986
825
 1382650192.38977
827
 1382650193.39485
830
 1382650194.40941
833
 1382650195.41342
836
 1382650196.40955
838
 1382650197.42004
841
 1382650198.4214
843
 1382650199.4315
847
 1382650200.44147
849
 1382650201.45414
852
 1382650202.45603
854
 1382650203.47407
857
 1382650204.47197
859
 1382650205.48592
862
 1382650206.49735
864
 1382650207.49457
866
 1382650208.50699
869
 1382650209.51059
872
 1382650210.51963
875
 1382650211.5232
877
 1382650212.53968
880
 1382650213.53361
882
 1382650214.54306
885
 1382650215.54898
887
 1382650216.55842
890
 1382650217.56807
892
 1382650218.57584
895
 1382650219.57849
897
 1382650220.58594
900
 1382650221.58999
902
 1382650222.5957
905
 1382650223.61064
907
 1382650224.62191
910
 1382650225.62901
912
 1382650226.64179
929
 1382650232.84551
931
 1382650233.84857
934
 1382650234.86264
936
 1382650235.86913
938
 1382650236.876
941
 1382650237.88131
943
 1382650238.89206
946
 1382650239.88539
948
 1382650240.89618
951
 1382650241.89824
953
 1382650242.91471
955
 1382650243.90754
957
 1382650244.92356
960
 1382650245.93116
962
 1382650246.92662
964
 1382650247.93468
966
 1382650248.9423
968
 1382650249.94808
971
 1382650250.95838
974
 1382650251.96444
976
 1382650253.16072
978
 1382650254.16844
981
 1382650255.16739
984
 1382650256.18103
987
 1382650257.17749
989
 1382650258.18551
991
 1382650264.58368
1007
 1382650265.58942
