1382648178.911633014678955
1382648178.925412893295288
1382648178.938663959503174
1382648178.951211929321289
1382648178.963845968246460
1382648178.979583024978638
1382648178.995027065277100
1382648179.008553028106689
1382648179.023293018341064
1382648179.038795948028564
1382648179.052726030349731
1382648179.067940950393677
1382648179.083905935287476
1382648179.098387956619263
1382648179.113183021545410
1382648179.130295038223267
1382648179.147249937057495
1382648179.163496971130371
1382648179.180044889450073
1382648179.197602033615112
1382648179.215177059173584
1382648179.232805013656616
1382648179.250880002975464
1382648179.268440961837769
1382648179.289388895034790
1382648179.307180881500244
1382648179.326684951782227
1382648179.345571994781494
1382648179.363939046859741
1382648179.384968042373657
1382648179.405028104782104
1382648179.425713062286377
1382648179.448957920074463
1382648179.469935894012451
1382648179.490624904632568
1382648179.511648893356323
1382648179.532902956008911
1382648179.554162025451660
1382648179.576283931732178
1382648179.598925113677979
1382648179.621563911437988
1382648179.644654989242554
1382648179.668287038803101
1382648179.690519094467163
1382648179.714068889617920
1382648179.740797042846680
1382648179.765815973281860
1382648179.791120052337646
1382648179.816287994384766
1382648179.841558933258057
1382648179.866889953613281
1382648179.893058061599731
1382648179.921263933181763
1382648179.951956987380981
1382648179.984411001205444
1382648180.016866922378540
1382648180.051160097122192
1382648180.087693929672241
1382648180.121306896209717
1382648180.157959938049316
1382648180.193577051162720
1382648180.230916023254395
1382648180.265794992446899
1382648180.305923938751221
1382648180.345937013626099
1382648180.384264945983887
1382648180.425573110580444
1382648180.468909025192261
1382648180.513631105422974
1382648180.553953886032104
1382648180.598660945892334
1382648180.644721984863281
1382648180.691232919692993
1382648180.736934900283813
1382648180.787053108215332
1382648180.831510066986084
1382648180.876821994781494
1382648180.925476074218750
1382648180.975608110427856
1382648181.026618957519531
1382648181.066709995269775
1382648181.101954936981201
1382648181.136285066604614
1382648181.172446012496948
1382648181.211077928543091
1382648181.249612092971802
1382648181.285784006118774
1382648181.322094917297363
1382648181.357620954513550
1382648181.395061969757080
1382648181.434849977493286
1382648181.474126100540161
1382648181.511851072311401
1382648181.551364898681641
1382648181.589823007583618
1382648181.626679897308350
1382648181.666800022125244
1382648181.705832004547119
1382648181.746690988540649
1382648181.788901090621948
1382648181.808324098587036
1382648181.825498104095459
1382648181.843746900558472
1382648181.857626914978027
1382648181.872075080871582
1382648181.884660005569458
1382648181.902370929718018
1382648181.918961048126221
1382648181.932151079177856
1382648181.953506946563721
1382648181.985440015792847
1382648182.008116960525513
1382648182.039841890335083
1382648182.067965030670166
1382648182.101867914199829
1382648182.125669002532959
1382648182.154056072235107
1382648182.191382884979248
1382648182.228162050247192
1382648182.266191005706787
1382648182.300620079040527
1382648182.332566976547241
1382648182.360080003738403
1382648182.400528907775879
1382648182.427984952926636
1382648182.459824085235596
1382648182.502949953079224
1382648182.545073986053467
1382648182.574413061141968
1382648182.604886054992676
1382648182.637305974960327
1382648182.668628931045532
1382648182.708116054534912
1382648182.762758970260620
1382648182.801587104797363
1382648182.852427959442139
1382648182.892590045928955
1382648182.943696022033691
1382648182.978454113006592
1382648183.030626058578491
1382648183.054657936096191
1382648183.079138040542603
1382648183.100449085235596
1382648183.122972965240479
1382648183.144601106643677
1382648183.168490886688232
1382648183.188755035400391
1382648183.209920883178711
1382648183.230175018310547
1382648183.253443002700806
1382648183.274965047836304
1382648183.298574924468994
1382648183.320753097534180
1382648183.344808101654053
1382648183.367150068283081
1382648183.390367031097412
1382648183.414525032043457
1382648183.436953067779541
1382648183.457763910293579
1382648183.479231119155884
1382648183.501389026641846
1382648183.526159048080444
1382648183.550761938095093
1382648183.575773000717163
1382648183.600764989852905
1382648183.626185894012451
1382648183.652611970901489
1382648183.677665948867798
1382648183.703265905380249
1382648183.728761911392212
1382648183.755671977996826
1382648183.782493114471436
1382648183.809896945953369
1382648183.837060928344727
1382648183.864351987838745
1382648183.892713069915771
1382648183.921161890029907
1382648183.953263044357300
1382648183.985435009002686
1382648184.017360925674438
1382648184.049201965332031
1382648184.081302881240845
1382648184.117858886718750
1382648184.154665946960449
1382648184.188638925552368
1382648184.224817991256714
1382648184.267961025238037
1382648184.304424047470093
1382648184.342931985855103
1382648184.378371953964233
1382648184.415047883987427
1382648184.449120044708252
1382648184.492024898529053
1382648184.535989999771118
1382648184.575762033462524
1382648184.616792917251587
1382648184.659116029739380
1382648184.700757026672363
1382648184.772208929061890
1382648184.794564962387085
1382648184.820641040802002
1382648184.849761009216309
1382648184.879826068878174
1382648184.900424957275391
1382648184.921056032180786
1382648184.942466020584106
1382648184.963618993759155
1382648184.996670961380005
1382648185.024650096893311
1382648185.048579931259155
1382648185.077569961547852
1382648185.103199958801270
1382648185.136110067367554
1382648185.171618938446045
1382648185.214612007141113
1382648185.241524934768677
1382648185.271764993667603
1382648185.316020965576172
1382648185.350507020950317
1382648185.384911060333252
1382648185.413791894912720
1382648185.428492069244385
1382648185.446417093276978
1382648185.462908029556274
1382648185.479619026184082
1382648185.496787071228027
1382648185.513019084930420
1382648185.528996944427490
1382648185.545438051223755
1382648185.563297033309937
1382648185.582271099090576
1382648185.599406003952026
1382648185.617285966873169
1382648185.634826898574829
1382648185.650473117828369
1382648185.665936946868896
1382648185.680469036102295
1382648185.696974039077759
1382648185.712184906005859
1382648185.727097988128662
1382648185.745851039886475
1382648185.762449979782104
1382648185.778525114059448
1382648185.799335956573486
1382648185.819711923599243
1382648185.841782093048096
1382648185.863811016082764
1382648185.884136915206909
1382648185.904791116714478
1382648185.926301002502441
1382648185.959959030151367
1382648186.010003089904785
1382648186.053788900375366
1382648186.095490932464600
1382648186.146239042282104
1382648186.181726932525635
1382648186.218595027923584
1382648186.254914045333862
1382648186.308779001235962
1382648186.348463058471680
1382648186.389650106430054
1382648186.436319112777710
1382648186.497960090637207
1382648186.538779020309448
1382648186.597121953964233
1382648186.624385118484497
1382648186.654371023178101
1382648186.681852102279663
1382648186.711720943450928
1382648186.743393898010254
1382648186.775453090667725
1382648186.810997962951660
1382648186.844818115234375
1382648186.879816055297852
1382648186.915666103363037
1382648186.943808078765869
1382648186.973510980606079
1382648187.010293006896973
1382648187.047699928283691
1382648187.085458040237427
1382648187.122414112091064
1382648187.158003091812134
1382648187.196481943130493
1382648187.236566066741943
1382648187.271855115890503
1382648187.310534954071045
1382648187.350454092025757
1382648187.386809110641479
1382648187.424278020858765
1382648187.465383052825928
1382648187.507157087326050
1382648187.549700975418091
1382648187.593775987625122
1382648187.636324882507324
1382648187.680471897125244
1382648187.727309942245483
1382648187.767514944076538
