1382649705.124520063400269
1382649705.199642896652222
1382649705.279326915740967
1382649705.358196973800659
1382649705.440639972686768
1382649705.522427082061768
1382649705.602477073669434
1382649705.681809902191162
1382649705.761168956756592
1382649705.843173027038574
1382649705.925349950790405
1382649706.007776975631714
1382649706.092153072357178
1382649706.175429105758667
1382649706.265656948089600
1382649706.353720903396606
1382649706.445146083831787
1382649706.537725925445557
1382649706.628748893737793
1382649706.725004911422729
1382649706.811161041259766
1382649706.896503925323486
1382649706.980727910995483
1382649707.066709041595459
1382649707.152898073196411
1382649707.240012884140015
1382649707.335371017456055
1382649707.429449081420898
1382649707.523379087448120
1382649707.623151063919067
1382649707.721013069152832
1382649707.821227073669434
1382649707.917362928390503
1382649708.005629062652588
1382649708.096451997756958
1382649708.185915946960449
1382649708.292608022689819
1382649708.394793033599854
1382649708.498979091644287
1382649708.605223894119263
1382649708.698760986328125
1382649708.779905080795288
1382649708.867157936096191
1382649708.959155082702637
1382649709.052282094955444
1382649709.148241043090820
1382649709.240477085113525
1382649709.350358963012695
1382649709.458405017852783
1382649709.572205066680908
1382649709.679265022277832
1382649709.784352064132690
1382649709.895692110061646
1382649709.990467071533203
1382649710.087321043014526
1382649710.182957887649536
1382649710.292691946029663
1382649710.412130117416382
1382649710.527443885803223
1382649710.637345075607300
1382649710.749409914016724
1382649710.843601942062378
1382649710.940439939498901
1382649711.038044929504395
1382649711.132406949996948
1382649711.233704090118408
1382649711.349622011184692
1382649711.462789058685303
1382649711.585975885391235
1382649711.701909065246582
1382649711.833964109420776
1382649711.945252895355225
1382649712.047863006591797
1382649712.150473117828369
1382649712.250072002410889
1382649712.367842912673950
1382649712.501832962036133
1382649712.626394033432007
1382649712.755705118179321
1382649712.868652105331421
1382649712.971405982971191
1382649713.074652910232544
1382649713.175246000289917
1382649713.280184984207153
1382649713.399542093276978
1382649713.526818990707397
1382649713.656451940536499
1382649713.787655115127563
1382649713.922787904739380
1382649714.045279979705811
1382649714.152147054672241
1382649714.259546995162964
1382649714.365588903427124
1382649714.487029075622559
1382649714.619637966156006
1382649714.746253013610840
1382649714.878719091415405
1382649715.010391950607300
1382649715.135314941406250
1382649715.250653028488159
1382649715.360515117645264
1382649715.484478950500488
1382649715.623198986053467
1382649715.767390966415405
1382649715.901822090148926
1382649716.057590007781982
1382649716.170346021652222
1382649716.280911922454834
1382649716.395565986633301
1382649716.531037092208862
1382649716.671967029571533
1382649716.821957111358643
1382649716.974205017089844
1382649717.094796895980835
1382649717.211067914962769
1382649717.323038101196289
1382649717.477953910827637
1382649717.740880966186523
1382649717.995987892150879
1382649718.277596950531006
1382649718.519411087036133
1382649718.668322086334229
1382649718.840063095092773
1382649718.982836008071899
1382649719.193238973617554
1382649719.331528902053833
1382649719.446433067321777
1382649719.558592081069946
1382649719.683232069015503
1382649719.843310117721558
1382649719.985553026199341
1382649720.142731904983521
1382649720.295068025588989
1382649720.410410881042480
1382649720.526742935180664
1382649720.643137931823730
1382649720.805346012115479
1382649720.968713045120239
1382649721.143037080764771
1382649721.287684917449951
1382649721.411735057830811
1382649721.532250881195068
1382649721.652652025222778
1382649721.800158023834229
1382649721.946378946304321
1382649722.114757061004639
1382649722.281831026077271
1382649722.405304908752441
1382649722.526237010955811
1382649722.651000976562500
1382649722.812140941619873
1382649722.985208988189697
1382649723.163615942001343
1382649723.317097902297974
1382649723.441766023635864
1382649723.571294069290161
1382649723.695259094238281
1382649723.863504886627197
1382649724.031776905059814
1382649724.210043907165527
1382649724.372072935104370
1382649724.504574060440063
1382649724.630474090576172
1382649724.795327901840210
1382649724.972857952117920
1382649725.139621973037720
1382649725.296098947525024
1382649725.425097942352295
1382649725.553406000137329
1382649725.682574033737183
1382649725.851444959640503
1382649726.032064914703369
1382649726.217209100723267
1382649726.387922048568726
1382649726.519892930984497
1382649726.650752067565918
1382649726.837409973144531
1382649727.022262096405029
1382649727.210565090179443
1382649727.343480110168457
1382649727.478372097015381
1382649727.611670970916748
1382649727.773148059844971
1382649727.952179908752441
1382649728.130930900573730
1382649728.328912973403931
1382649728.489006042480469
1382649728.625621080398560
1382649728.776587009429932
1382649728.958794116973877
1382649729.151892900466919
1382649729.348195075988770
1382649729.480458974838257
1382649729.618988037109375
1382649729.773504972457886
1382649729.987344980239868
1382649730.185492038726807
1382649730.354840993881226
1382649730.495671987533569
1382649730.635374069213867
1382649730.787585020065308
1382649730.996368885040283
1382649731.187930107116699
1382649731.360447883605957
1382649731.507504940032959
1382649731.647592067718506
1382649731.820476055145264
1382649732.057723999023438
1382649732.266738891601562
1382649732.410177946090698
1382649732.553536891937256
1382649732.694452047348022
1382649732.867219924926758
1382649733.079070091247559
1382649733.287877082824707
1382649733.433619976043701
1382649733.576185941696167
1382649733.720185041427612
1382649733.911259889602661
1382649734.122863054275513
1382649734.339440107345581
1382649734.503612041473389
1382649734.652899026870728
1382649734.815311908721924
1382649735.049118995666504
1382649735.262655019760132
1382649735.442501068115234
1382649735.593125104904175
1382649735.738260984420776
1382649735.953346967697144
1382649736.168998956680298
1382649736.353796005249023
1382649736.501490116119385
1382649736.649161100387573
1382649736.800796985626221
1382649737.018481016159058
1382649737.214005947113037
1382649737.425170898437500
1382649737.576075077056885
1382649737.724706888198853
1382649737.949414968490601
1382649738.170581102371216
1382649738.363687038421631
1382649738.516109943389893
1382649738.667243003845215
1382649738.838174104690552
1382649739.085338115692139
1382649739.317270040512085
1382649739.502656936645508
1382649739.657001018524170
1382649739.828161001205444
1382649740.042674064636230
1382649740.258219957351685
1382649740.471668004989624
1382649740.625442981719971
1382649740.783427000045776
1382649741.015782117843628
1382649741.249579906463623
1382649741.450048923492432
1382649741.610968112945557
1382649741.765867948532104
1382649741.981095075607300
1382649742.236320972442627
1382649742.433132886886597
1382649742.590432882308960
1382649742.749485015869141
1382649742.970519065856934
1382649743.207262039184570
1382649743.409181118011475
1382649743.570751905441284
1382649743.732779026031494
1382649743.952645063400269
1382649744.201057910919189
1382649744.398844957351685
1382649744.564399003982544
1382649744.725678920745850
1382649744.952395915985107
1382649745.220516920089722
1382649745.429676055908203
1382649745.607121944427490
1382649745.807790040969849
1382649746.012898921966553
1382649746.279712915420532
1382649746.490210056304932
1382649746.656270980834961
1382649746.840342998504639
1382649747.116282939910889
1382649747.346483945846558
1382649747.535211086273193
1382649747.698164939880371
1382649747.909926891326904
1382649748.168315887451172
1382649748.423749923706055
1382649748.586718082427979
1382649748.751709938049316
1382649749.006907939910889
1382649749.240534067153931
1382649749.435929059982300
1382649749.603976964950562
1382649749.775182008743286
1382649750.037873029708862
1382649750.292818069458008
1382649750.512041091918945
1382649750.679191112518311
1382649750.849323034286499
1382649751.086203098297119
1382649751.374238967895508
1382649751.596570014953613
1382649751.768593072891235
1382649752.016092061996460
1382649752.254772901535034
1382649752.479062080383301
1382649752.653687000274658
1382649752.825246095657349
1382649753.094361066818237
1382649753.365132093429565
1382649753.591379880905151
1382649753.764228105545044
1382649754.041224002838135
1382649754.311069965362549
1382649754.484565973281860
1382649754.671870946884155
1382649754.847419977188110
1382649755.096086025238037
1382649755.343841075897217
1382649755.621004104614258
1382649755.792637109756470
1382649756.018975973129272
1382649756.295105934143066
1382649756.523402929306030
1382649756.700145959854126
1382649756.873574972152710
1382649757.151417016983032
1382649757.425672054290771
1382649757.654417037963867
1382649757.833806991577148
1382649758.088421106338501
1382649758.345504045486450
1382649758.575650930404663
1382649758.755846977233887
1382649758.940857887268066
1382649759.223834037780762
1382649759.511626005172729
1382649759.739905118942261
1382649759.923969030380249
1382649760.214266061782837
1382649760.503494024276733
1382649760.683639049530029
1382649760.863266944885254
1382649761.102431058883667
1382649761.360204935073853
1382649761.676412105560303
1382649761.861696958541870
1382649762.099965095520020
1382649762.395281076431274
1382649762.638420104980469
1382649762.827281951904297
1382649763.041685104370117
1382649763.309242963790894
1382649763.605755090713501
1382649763.795500040054321
1382649763.983828067779541
1382649764.278431892395020
1382649764.551976919174194
1382649764.749777078628540
1382649764.929975986480713
1382649765.227027893066406
1382649765.506963014602661
1382649765.724639892578125
1382649765.915291070938110
1382649766.135658025741577
1382649766.410924911499023
1382649766.712299108505249
1382649766.905905961990356
1382649767.183159112930298
1382649767.490708112716675
1382649767.713907003402710
1382649767.907120943069458
1382649768.129425048828125
1382649768.470755100250244
1382649768.778245925903320
1382649769.003453016281128
1382649769.314779996871948
1382649769.537843942642212
1382649769.731157064437866
1382649769.921685934066772
1382649770.177925109863281
1382649770.489336967468262
1382649770.743439912796021
1382649770.939363956451416
1382649771.254345893859863
1382649771.574314117431641
1382649771.770925045013428
1382649771.968571901321411
1382649772.199076890945435
1382649772.545778989791870
1382649772.808404922485352
1382649773.003901004791260
1382649773.300192117691040
1382649773.624735116958618
1382649773.855284929275513
1382649774.054337024688721
1382649774.347460031509399
1382649774.638910055160522
1382649774.902353048324585
1382649775.104501008987427
1382649775.393290042877197
1382649775.685360908508301
1382649775.953819990158081
1382649776.156438112258911
1382649776.453170061111450
1382649776.753453969955444
1382649777.017662048339844
1382649777.253654956817627
1382649777.585592031478882
1382649777.884371995925903
1382649778.084911108016968
1382649778.386399030685425
1382649778.687341928482056
1382649778.890810012817383
1382649779.095530033111572
1382649779.433758974075317
1382649779.769442081451416
1382649779.978133916854858
1382649780.187056064605713
1382649780.479542016983032
1382649780.839517116546631
1382649781.046952009201050
1382649781.326916933059692
1382649781.666022062301636
1382649781.875900030136108
1382649782.087270975112915
1382649782.396816968917847
1382649782.670824050903320
1382649782.973541021347046
1382649783.182523012161255
1382649783.458785057067871
1382649783.773793935775757
1382649784.091459989547729
1382649784.397749900817871
1382649784.702877044677734
1382649784.923175096511841
1382649785.171911001205444
1382649785.483283996582031
1382649785.804950952529907
1382649786.051362991333008
1382649786.301315069198608
1382649786.612071990966797
1382649786.959623098373413
1382649787.174047946929932
1382649787.497894048690796
1382649787.817063093185425
1382649788.031465053558350
1382649788.246366024017334
1382649788.603173017501831
1382649788.957189083099365
1382649789.168221950531006
1382649789.419504880905151
1382649789.740262985229492
1382649790.026338100433350
1382649790.244878053665161
1382649790.607583999633789
1382649790.963255882263184
1382649791.181022882461548
1382649791.399301052093506
1382649791.719209909439087
1382649792.113396883010864
1382649792.334860086441040
1382649792.694242000579834
1382649792.985239982604980
1382649793.204982042312622
1382649793.429227113723755
1382649793.797009944915771
1382649794.160135030746460
1382649794.379218101501465
1382649794.710475921630859
1382649795.042809963226318
1382649795.267740964889526
1382649795.494729042053223
1382649795.861443996429443
1382649796.225519895553589
1382649796.452621936798096
1382649796.792139053344727
1382649797.124010086059570
1382649797.344964027404785
1382649797.639178037643433
1382649798.011588096618652
1382649798.313996076583862
1382649798.582180976867676
1382649798.921906948089600
1382649799.223844051361084
1382649799.450541973114014
1382649799.829729080200195
1382649800.128792047500610
1382649800.356472015380859
1382649800.659420967102051
1382649801.001277923583984
1382649801.345856904983521
1382649801.610567092895508
1382649802.022831916809082
1382649802.251167058944702
1382649802.479155063629150
1382649802.905245065689087
1382649803.173418998718262
1382649803.402575969696045
1382649803.709701061248779
1382649804.054214000701904
1382649804.330926895141602
1382649804.566654920578003
1382649804.914391040802002
1382649805.306546926498413
1382649805.658253908157349
1382649806.051541090011597
1382649806.285083055496216
1382649806.520281076431274
1382649806.869339942932129
1382649807.224965095520020
1382649807.455614089965820
1382649807.834454059600830
1382649808.141045093536377
1382649808.379548072814941
1382649808.616331100463867
1382649808.967694997787476
1382649809.359388113021851
1382649809.633066892623901
1382649809.990739107131958
1382649810.338610887527466
1382649810.573903083801270
1382649810.940987110137939
1382649811.302006006240845
1382649811.537961006164551
1382649811.941584110260010
1382649812.262099981307983
1382649812.503355026245117
1382649812.857392072677612
1382649813.197848081588745
1382649813.432600975036621
1382649813.668726921081543
1382649814.076601028442383
1382649814.478121995925903
1382649814.718225002288818
1382649815.135869026184082
1382649815.459400892257690
1382649815.700881004333496
1382649816.106550931930542
1382649816.434403896331787
1382649816.678560972213745
1382649817.047168970108032
1382649817.416227102279663
1382649817.660594940185547
1382649818.067151069641113
1382649818.394026994705200
1382649818.637981891632080
1382649818.964104890823364
1382649819.369658946990967
1382649819.612134933471680
1382649819.997874021530151
1382649820.371547937393188
1382649820.717050075531006
1382649821.127655029296875
1382649821.378278970718384
1382649821.626287937164307
1382649821.921065092086792
1382649822.290011882781982
1382649822.664505958557129
1382649823.090653896331787
1382649823.338675975799561
1382649823.587819099426270
1382649823.886333942413330
1382649824.260027885437012
1382649824.682674884796143
1382649825.108866930007935
1382649825.364181041717529
1382649825.611932039260864
1382649825.952687025070190
1382649826.381021022796631
1382649826.720181941986084
1382649827.150096893310547
1382649827.398654937744141
1382649827.652198076248169
1382649827.989145040512085
1382649828.376245975494385
1382649828.679188013076782
1382649829.119172096252441
1382649829.467156887054443
1382649829.723603010177612
1382649830.117124080657959
1382649830.506644964218140
1382649830.765094995498657
1382649831.204509973526001
1382649831.551031112670898
1382649831.808573007583618
1382649832.241893053054810
1382649832.588680982589722
1382649832.891747951507568
1382649833.384253978729248
1382649833.639455080032349
1382649833.932905912399292
1382649834.330449104309082
1382649834.680828094482422
1382649834.984564065933228
1382649835.476083993911743
1382649835.733381986618042
1382649836.079138994216919
1382649836.521693944931030
1382649836.780601024627686
1382649837.082108974456787
1382649837.482016086578369
1382649837.832866907119751
1382649838.280920982360840
1382649838.526794910430908
1382649838.782603979110718
1382649839.088275909423828
1382649839.495270967483521
1382649839.903296947479248
1382649840.222183942794800
1382649840.481986045837402
1382649840.748362064361572
1382649841.057792901992798
1382649841.507719039916992
1382649841.947604894638062
1382649842.352109909057617
1382649842.622272014617920
1382649842.885257005691528
1382649843.295375108718872
1382649843.798535108566284
1382649844.161101102828979
1382649844.427829980850220
1382649844.694102048873901
1382649844.960532903671265
1382649845.382368087768555
1382649845.802026987075806
1382649846.312622070312500
1382649846.581525087356567
1382649846.855092048645020
1382649847.217117071151733
1382649847.675527095794678
1382649848.087275028228760
1382649848.404167890548706
1382649848.677088022232056
1382649848.937797069549561
1382649849.305423974990845
1382649849.773664951324463
1382649850.247210025787354
1382649850.622477054595947
1382649850.891891002655029
1382649851.360424041748047
1382649851.829916000366211
1382649852.190839052200317
1382649852.434798955917358
1382649852.678992033004761
1382649852.922264099121094
1382649853.253619909286499
1382649853.672625064849854
1382649854.093110084533691
1382649854.471205949783325
1382649854.761605978012085
1382649855.006722927093506
1382649855.385576009750366
1382649855.762089014053345
1382649856.184967994689941
1382649856.432411909103394
1382649856.677846908569336
1382649856.925157070159912
1382649857.171056985855103
1382649857.598109960556030
1382649858.065009117126465
1382649858.549282073974609
1382649858.929377079010010
1382649859.207926988601685
1382649859.696645021438599
1382649860.176275968551636
1382649860.559338092803955
1382649860.838438987731934
1382649861.115849971771240
1382649861.603121995925903
1382649862.040287971496582
1382649862.479983091354370
1382649862.761509895324707
1382649863.045073986053467
1382649863.431807994842529
1382649863.923810005187988
1382649864.417196035385132
1382649864.813364028930664
1382649865.095860958099365
1382649865.484380006790161
1382649865.930408000946045
1382649866.384454965591431
1382649866.670869112014771
1382649866.956403970718384
1382649867.344345092773438
1382649867.945050001144409
1382649868.438781023025513
1382649868.727772951126099
1382649869.020117998123169
1382649869.364346981048584
1382649869.811412096023560
1382649870.312714099884033
1382649870.703720092773438
1382649870.996927976608276
1382649871.293123960494995
1382649871.796919107437134
1382649872.299139976501465
1382649872.697882890701294
1382649872.990870952606201
1382649873.281697988510132
1382649873.727813005447388
1382649874.178323984146118
1382649874.629968881607056
1382649874.975125074386597
1382649875.268904924392700
1382649875.733469009399414
1382649876.289828062057495
1382649876.688829898834229
1382649876.986350059509277
1382649877.283595085144043
1382649877.683677911758423
1382649878.304709911346436
1382649878.824124097824097
1382649879.127065896987915
1382649879.426989078521729
1382649879.936876058578491
1382649880.454122066497803
1382649880.970747947692871
1382649881.271409988403320
1382649881.543895959854126
1382649882.014060974121094
1382649882.471088886260986
1382649882.990847110748291
1382649883.283446073532104
1382649883.566188097000122
1382649884.019407033920288
1382649884.484577894210815
1382649884.897082090377808
1382649885.312527894973755
1382649885.619899988174438
1382649886.078110933303833
1382649886.544524908065796
1382649886.955003023147583
1382649887.369117975234985
1382649887.673126935958862
1382649888.136614084243774
1382649888.606265068054199
1382649889.140861988067627
1382649889.447722911834717
1382649889.814131975173950
1382649890.416078090667725
1382649890.832834959030151
1382649891.248238086700439
1382649891.555310010910034
1382649892.082360029220581
1382649892.381958007812500
1382649892.690798997879028
1382649893.164699077606201
1382649893.636131048202515
1382649894.109117984771729
1382649894.478107929229736
1382649894.901745080947876
1382649895.381423950195312
1382649895.801670074462891
1382649896.301368951797485
1382649896.621431112289429
1382649897.197555065155029
1382649897.512451887130737
1382649897.933810949325562
1382649898.423664093017578
1382649898.844563961029053
1382649899.324660062789917
1382649899.632185935974121
1382649900.113049030303955
1382649900.475665092468262
1382649900.781068086624146
1382649901.281858921051025
1382649901.827099084854126
1382649902.315824031829834
1382649902.628885984420776
1382649903.054934978485107
1382649903.601157903671265
1382649903.964838981628418
1382649904.449618101119995
1382649904.825752019882202
1382649905.312490940093994
1382649905.620527982711792
1382649905.998522043228149
1382649906.515017986297607
1382649907.060297966003418
1382649907.498421907424927
1382649907.814579010009766
1382649908.365400075912476
1382649908.683197021484375
1382649909.113630056381226
1382649909.667926073074341
1382649910.045326948165894
1382649910.534374952316284
1382649910.852891921997070
1382649911.350729942321777
1382649911.727590084075928
1382649912.162368059158325
1382649912.598392963409424
1382649912.915679931640625
1382649913.478146076202393
1382649913.912167072296143
1382649914.470608949661255
1382649914.787187099456787
1382649915.236690044403076
1382649915.678380012512207
1382649916.054641962051392
1382649916.678098917007446
1382649917.064354896545410
1382649917.569854974746704
1382649917.898897886276245
1382649918.466778993606567
1382649918.792217969894409
1382649919.353710889816284
1382649919.683352947235107
1382649920.059992074966431
1382649920.556457042694092
1382649921.060195922851562
1382649921.573271036148071
1382649921.895915985107422
1382649922.468831062316895
1382649922.792601108551025
1382649923.183943986892700
1382649923.692827939987183
1382649924.076431035995483
1382649924.711041927337646
1382649925.096651077270508
1382649925.606024980545044
1382649925.998055934906006
1382649926.513452053070068
1382649926.836323976516724
1382649927.354022979736328
1382649927.722340106964111
1382649928.109870910644531
1382649928.686954975128174
1382649929.138344049453735
1382649929.649738073348999
1382649929.979620933532715
1382649930.492604017257690
1382649930.889166116714478
1382649931.465073108673096
1382649931.795452117919922
1382649932.183504104614258
1382649932.834728956222534
1382649933.294883966445923
1382649933.629497051239014
1382649933.958122968673706
1382649934.537259101867676
1382649934.993066072463989
1382649935.507987022399902
1382649935.905864953994751
1382649936.365210056304932
1382649936.839734077453613
1382649937.362042903900146
1382649937.885598897933960
1382649938.344492912292480
1382649938.676167011260986
1382649939.013748884201050
1382649939.544605016708374
1382649940.004558086395264
1382649940.402090072631836
1382649940.738116979598999
1382649941.080873012542725
1382649941.676609992980957
1382649942.276571035385132
1382649942.705055952072144
1382649943.038799047470093
1382649943.636964082717896
1382649944.234548091888428
1382649944.577249050140381
1382649944.920062065124512
1382649945.394351005554199
1382649945.924030065536499
1382649946.465102910995483
1382649946.936194896697998
1382649947.536608934402466
1382649948.011327981948853
1382649948.557229042053223
1382649948.961064100265503
1382649949.506022930145264
1382649949.913992881774902
1382649950.401036977767944
1382649951.017298936843872
1382649951.499073982238770
1382649951.841562986373901
1382649952.324085950851440
1382649952.928740978240967
1382649953.409540891647339
1382649953.887135982513428
1382649954.431044101715088
1382649954.844959020614624
1382649955.192117929458618
1382649955.745822906494141
1382649956.155044078826904
1382649956.770185947418213
1382649957.115952014923096
1382649957.741439104080200
1382649958.089543104171753
1382649958.686412096023560
1382649959.041465997695923
1382649959.528198957443237
1382649960.081573009490967
1382649960.499597072601318
1382649960.852775096893311
1382649961.218286037445068
1382649961.770539045333862
1382649962.454360961914062
1382649962.804789066314697
1382649963.153575897216797
1382649963.574019908905029
1382649964.260215997695923
1382649964.885533094406128
1382649965.239799022674561
1382649965.659579038619995
1382649966.214543104171753
1382649966.772952079772949
1382649967.205986022949219
1382649967.555176973342896
1382649968.179475069046021
1382649968.808832883834839
1382649969.155308961868286
1382649969.472568988800049
1382649970.249073982238770
1382649970.747116088867188
1382649971.104226112365723
1382649971.461832046508789
1382649972.096126079559326
1382649972.730921030044556
1382649973.082122087478638
1382649973.454556941986084
1382649974.018007993698120
1382649974.608576059341431
1382649975.096992969512939
1382649975.461143016815186
1382649976.034621953964233
1382649976.753093004226685
1382649977.252490043640137
1382649977.619267940521240
1382649978.252301931381226
1382649978.831201076507568
1382649979.401997089385986
1382649979.771442890167236
1382649980.431061983108521
1382649980.796633958816528
1382649981.371500968933105
1382649981.872195005416870
1382649982.443061113357544
1382649982.810498952865601
1382649983.461582899093628
1382649983.897799015045166
1382649984.470349073410034
1382649984.975131988525391
1382649985.467166900634766
1382649985.824347019195557
1382649986.469486951828003
1382649986.907973051071167
1382649987.487075090408325
1382649987.999815940856934
1382649988.510658979415894
1382649989.099559068679810
1382649989.530757904052734
1382649989.890893936157227
1382649990.428194046020508
1382649990.860203027725220
1382649991.499824047088623
1382649991.858714103698730
1382649992.429438114166260
1382649993.006717920303345
1382649993.514367103576660
1382649993.873821973800659
1382649994.304049015045166
1382649994.945605039596558
1382649995.445151090621948
1382649996.021821975708008
1382649996.389630079269409
1382649997.019138097763062
1382649997.387078046798706
1382649997.911221027374268
1382649998.562213897705078
1382649999.071765899658203
1382649999.437737941741943
1382649999.914557933807373
1382650000.575525999069214
1382650001.079042911529541
1382650001.433458089828491
1382650001.789546966552734
1382650002.442060947418213
1382650003.016103029251099
1382650003.581154108047485
1382650003.946997880935669
1382650004.594887971878052
1382650004.962017059326172
1382650005.467535018920898
1382650006.126795053482056
1382650006.473403930664062
1382650006.807904958724976
1382650007.139667034149170
1382650007.666387081146240
1382650008.332753896713257
1382650008.861515045166016
1382650008.931318044662476
1382650009.002962112426758
1382650009.075040102005005
1382650009.147541046142578
1382650009.218194961547852
1382650009.289275884628296
1382650009.361665010452271
1382650009.635287046432495
1382650009.910682916641235
1382650009.985651016235352
1382650010.063752889633179
1382650010.140935897827148
1382650010.217315912246704
1382650010.291804075241089
1382650010.366046905517578
1382650010.443005084991455
1382650010.519221067428589
1382650010.599476099014282
1382650010.677769899368286
1382650010.754641056060791
1382650010.833946943283081
1382650010.911297082901001
1382650010.985495090484619
1382650011.060944080352783
1382650011.141402006149292
1382650011.219075918197632
1382650011.293941020965576
1382650011.370043992996216
1382650011.449366092681885
1382650011.531126976013184
1382650011.611608028411865
1382650011.693054914474487
1382650011.786998033523560
1382650011.879139900207520
1382650011.973978996276855
1382650012.072524070739746
1382650012.163969039916992
1382650012.249903917312622
1382650012.337863922119141
1382650012.423592090606689
1382650012.514784097671509
1382650012.606224060058594
1382650012.704547882080078
1382650012.799994945526123
1382650012.895047903060913
1382650012.994606018066406
1382650013.088162899017334
1382650013.189666032791138
1382650013.288388013839722
1382650013.374918937683105
1382650013.464571952819824
1382650013.561312913894653
1382650013.660782098770142
1382650013.762420892715454
1382650013.861753940582275
1382650013.959872007369995
1382650014.066162109375000
1382650014.163358926773071
1382650014.270853996276855
1382650014.358323097229004
1382650014.447029113769531
1382650014.541517019271851
1382650014.642188072204590
1382650014.750199079513550
1382650014.866651058197021
1382650014.974452018737793
1382650015.079171895980835
1382650015.181282043457031
1382650015.289730072021484
1382650015.391035079956055
1382650015.486112117767334
1382650015.576951026916504
1382650015.687180042266846
1382650015.795043945312500
1382650015.909487962722778
1382650016.021766901016235
1382650016.136317014694214
1382650016.250489950180054
1382650016.353863954544067
1382650016.443965911865234
1382650016.536736011505127
1382650016.631002902984619
1382650016.745187044143677
1382650016.854912042617798
1382650016.967482089996338
1382650017.087517976760864
1382650017.206500053405762
1382650017.331235885620117
1382650017.432878971099854
1382650017.530009984970093
1382650017.626269102096558
1382650017.736330032348633
1382650017.840601921081543
1382650017.965207099914551
1382650018.101598978042603
1382650018.213540077209473
1382650018.333467960357666
1382650018.432243108749390
1382650018.531893968582153
1382650018.630835056304932
1382650018.746248960494995
1382650018.866729974746704
1382650018.988991022109985
1382650019.105001926422119
1382650019.228104114532471
1382650019.354252099990845
1382650019.472846984863281
1382650019.571412086486816
1382650019.675641059875488
1382650019.778239011764526
1382650019.886756896972656
1382650020.022737026214600
1382650020.157928943634033
1382650020.293979883193970
1382650020.421253919601440
1382650020.532315015792847
1382650020.632991075515747
1382650020.736675024032593
1382650020.839410066604614
1382650020.958978891372681
1382650021.090821981430054
1382650021.219897031784058
1382650021.362082958221436
1382650021.504802942276001
1382650021.637162923812866
1382650021.739042997360229
1382650021.845694065093994
1382650021.990303993225098
1382650022.123873949050903
1382650022.266388893127441
1382650022.421443939208984
1382650022.526614904403687
1382650022.636805057525635
1382650022.742067098617554
1382650022.847743034362793
1382650022.976214885711670
1382650023.112487077713013
1382650023.265486955642700
1382650023.394603967666626
1382650023.524733066558838
1382650023.666230916976929
1382650023.772947072982788
1382650023.894005060195923
1382650024.032198905944824
1382650024.164628982543945
1382650024.306011915206909
1382650024.447288990020752
1382650024.600720882415771
1382650024.710232019424438
1382650024.824469089508057
1382650024.945508003234863
1382650025.078780889511108
1382650025.212057113647461
1382650025.359750986099243
1382650025.502372980117798
1382650025.649168968200684
1382650025.781867027282715
1382650025.893137931823730
1382650026.016165971755981
1382650026.162358045578003
1382650026.299487113952637
1382650026.459686994552612
1382650026.597656011581421
1382650026.733172893524170
1382650026.865011930465698
1382650026.977837085723877
1382650027.104266881942749
1382650027.266294002532959
1382650027.408904075622559
1382650027.586087942123413
1382650027.725006103515625
1382650027.864216089248657
1382650028.299293041229248
1382650028.442456007003784
1382650028.599728107452393
1382650028.742717981338501
1382650028.859647035598755
1382650028.975953102111816
1382650029.092827081680298
1382650029.238090038299561
1382650029.396923065185547
1382650029.555012941360474
1382650029.701643943786621
1382650029.877116918563843
1382650030.022838115692139
1382650030.142843961715698
1382650030.280283927917480
1382650030.440983057022095
1382650030.599458932876587
1382650030.761290073394775
1382650030.892265081405640
1382650031.014430046081543
1382650031.133183002471924
1382650031.263175010681152
1382650031.443228006362915
1382650031.608279943466187
1382650031.766397953033447
1382650031.923556089401245
1382650032.054274082183838
1382650032.174953937530518
1382650032.310446977615356
1382650032.496795892715454
1382650032.649400949478149
1382650032.801089048385620
1382650032.988374948501587
1382650033.111164093017578
1382650033.232103109359741
1382650033.366806983947754
1382650033.533695936203003
1382650033.703516006469727
1382650033.871462106704712
1382650034.043853044509888
1382650034.182612895965576
1382650034.307681083679199
1382650034.449455022811890
1382650034.607140064239502
1382650034.776628017425537
1382650034.951148986816406
1382650035.108167886734009
1382650035.286277055740356
1382650035.412667036056519
1382650035.555529117584229
1382650035.711906909942627
1382650035.890089035034180
1382650036.065273046493530
1382650036.265153884887695
1382650036.409874916076660
1382650036.536279916763306
1382650036.697060108184814
1382650036.860083103179932
1382650037.060185909271240
1382650037.238853931427002
1382650037.381700038909912
1382650037.509691953659058
1382650037.657695055007935
1382650037.836529970169067
1382650038.022891998291016
1382650038.222263097763062
1382650038.387120008468628
1382650038.535933971405029
1382650038.683404922485352
1382650038.868603944778442
1382650039.035017013549805
1382650039.221045017242432
1382650039.408643960952759
1382650039.540623903274536
1382650039.712843894958496
1382650039.898003101348877
1382650040.083441019058228
1382650040.268032073974609
1382650040.413846015930176
1382650040.544969081878662
1382650040.697359085083008
1382650040.905817031860352
1382650041.077140092849731
1382650041.248650074005127
1382650041.438035011291504
1382650041.572468042373657
1382650041.722091913223267
1382650041.915901899337769
1382650042.114772081375122
1382650042.326343059539795
1382650042.478864908218384
1382650042.614465951919556
1382650042.771775007247925
1382650042.942965030670166
1382650043.121319055557251
1382650043.335288047790527
1382650043.513739109039307
1382650043.649488925933838
1382650043.804790973663330
1382650044.040849924087524
1382650044.241425037384033
1382650044.417797088623047
1382650044.576169013977051
1382650044.710825920104980
1382650044.875005006790161
1382650045.073774099349976
1382650045.272269010543823
1382650045.492328882217407
1382650045.650583028793335
1382650045.787996053695679
1382650045.946448087692261
1382650046.149522066116333
1382650046.379462957382202
1382650046.583899974822998
1382650046.742949962615967
1382650046.879987001419067
1382650047.084718942642212
1382650047.269711971282959
1382650047.518568038940430
1382650047.656955957412720
1382650047.797688007354736
1382650047.939949989318848
1382650048.126199007034302
1382650048.333185911178589
1382650048.519812107086182
1382650048.749624013900757
1382650048.955146074295044
1382650049.129070997238159
1382650049.317653894424438
1382650049.529512882232666
1382650049.748904943466187
1382650049.921106100082397
1382650050.065924882888794
1382650050.212699890136719
1382650050.423739910125732
1382650050.642941951751709
1382650050.888803005218506
1382650051.086180925369263
1382650051.276463031768799
1382650051.495196104049683
1382650051.712732076644897
1382650051.904827117919922
1382650052.051053047180176
1382650052.197026014328003
1382650052.391839027404785
1382650052.637067079544067
1382650052.877079010009766
1382650053.022268056869507
1382650053.170833110809326
1382650053.347630023956299
1382650053.542526960372925
1382650053.813781976699829
1382650054.030486106872559
1382650054.201356887817383
1382650054.401335000991821
1382650054.647852897644043
1382650054.846316099166870
1382650055.045300006866455
1382650055.188997030258179
1382650055.340533018112183
1382650055.563877105712891
1382650055.789709091186523
1382650056.041904926300049
1382650056.193087100982666
1382650056.334737062454224
1382650056.513005971908569
1382650056.741134881973267
1382650056.966227054595947
1382650057.167102098464966
1382650057.370558977127075
1382650057.553318023681641
1382650057.706748962402344
1382650057.857320070266724
1382650058.009068965911865
1382650058.161226034164429
1382650058.319397926330566
1382650058.486541986465454
1382650058.671992063522339
1382650058.879609107971191
1382650059.106630086898804
1382650059.337281942367554
1382650059.545909881591797
1382650059.773713111877441
1382650059.994498968124390
1382650060.218729019165039
1382650060.426434993743896
1382650060.632014989852905
1382650060.818236112594604
1382650061.049611091613770
1382650061.290602922439575
1382650061.502530097961426
1382650061.765782117843628
1382650061.973959922790527
1382650062.264714002609253
1382650062.421279907226562
1382650062.578591108322144
1382650062.734498977661133
1382650062.977266073226929
1382650063.188105106353760
1382650063.405896902084351
1382650063.676620960235596
1382650063.942828893661499
1382650064.186077117919922
1382650064.345406055450439
1382650064.504935979843140
1382650064.668385028839111
1382650064.827168941497803
1382650065.049139976501465
1382650065.296717882156372
1382650065.583123922348022
1382650065.844278097152710
1382650066.112024068832397
1382650066.325906038284302
1382650066.489852905273438
1382650066.646313905715942
1382650066.810514926910400
1382650066.970388889312744
1382650067.152312040328979
1382650067.430898904800415
1382650067.646711111068726
1382650067.898925065994263
1382650068.146003007888794
1382650068.399106979370117
1382650068.677772998809814
1382650068.900465011596680
1382650069.062927961349487
1382650069.228513002395630
1382650069.425818920135498
1382650069.678824901580811
1382650069.933751106262207
1382650070.215203046798706
1382650070.467674016952515
1382650070.749078989028931
1382650070.973557949066162
1382650071.142203092575073
1382650071.307878971099854
1382650071.474915981292725
1382650071.735382080078125
1382650071.992140054702759
1382650072.222174882888794
1382650072.517359018325806
1382650072.808677911758423
1382650073.037496089935303
1382650073.201517105102539
1382650073.373140096664429
1382650073.539182901382446
1382650073.772645950317383
1382650074.034354925155640
1382650074.296441078186035
1382650074.562645912170410
1382650074.826951980590820
1382650075.122462987899780
1382650075.356252908706665
1382650075.528311967849731
1382650075.698909997940063
1382650075.929701089859009
1382650076.195305109024048
1382650076.527415037155151
1382650076.831316947937012
1382650077.060930967330933
1382650077.234057903289795
1382650077.402693986892700
1382650077.577327013015747
1382650077.748147010803223
1382650077.951859951019287
1382650078.286539077758789
1382650078.588731050491333
1382650078.927158117294312
1382650079.226633071899414
1382650079.435349941253662
1382650079.612653017044067
1382650079.781661987304688
1382650079.958297967910767
1382650080.170980930328369
1382650080.444061040878296
1382650080.751713991165161
1382650080.991544961929321
1382650081.279804944992065
1382650081.538786888122559
1382650081.779439926147461
1382650081.954566001892090
1382650082.133582115173340
1382650082.448352098464966
1382650082.727344989776611
1382650082.972510099411011
1382650083.213612079620361
1382650083.458858966827393
1382650083.708626031875610
1382650083.919365882873535
1382650084.096997976303101
1382650084.271073102951050
1382650084.452399015426636
1382650084.734447002410889
1382650084.978771924972534
1382650085.340020895004272
1382650085.622464895248413
1382650085.975980043411255
1382650086.231651067733765
1382650086.411007881164551
1382650086.625684022903442
1382650086.970391988754272
1382650087.285218954086304
1382650087.607888936996460
1382650087.864720106124878
1382650088.046576976776123
1382650088.225745916366577
1382650088.392344951629639
1382650088.561116933822632
1382650088.772833108901978
1382650089.035588979721069
1382650089.299395084381104
1382650089.562791109085083
1382650089.829292058944702
1382650090.059164047241211
1382650090.324527025222778
1382650090.491843938827515
1382650090.657367944717407
1382650090.825856924057007
1382650091.092024087905884
1382650091.358808040618896
1382650091.626537084579468
1382650091.893903017044067
1382650092.160675048828125
1382650092.430397987365723
1382650092.600328922271729
1382650092.768218994140625
1382650092.971565008163452
1382650093.241230010986328
1382650093.513303995132446
1382650093.834589958190918
1382650094.112948894500732
1382650094.414678096771240
1382650094.636555910110474
1382650094.822767972946167
1382650095.009975910186768
1382650095.234411954879761
1382650095.605007886886597
1382650095.952544927597046
1382650096.292639970779419
1382650096.556402921676636
1382650096.744978904724121
1382650096.935833930969238
1382650097.127501964569092
1382650097.322273015975952
1382650097.665976047515869
1382650097.972677946090698
1382650098.223036050796509
1382650098.573740959167480
1382650098.955548048019409
1382650099.144237995147705
1382650099.335738897323608
1382650099.570724964141846
1382650099.857166051864624
1382650100.164407968521118
1382650100.439177989959717
1382650100.751142978668213
1382650101.022001981735229
1382650101.293489933013916
1382650101.492017030715942
1382650101.721304893493652
1382650102.058619976043701
1382650102.346422910690308
1382650102.633802890777588
1382650102.946875095367432
1382650103.222035884857178
1382650103.418349981307983
1382650103.615255117416382
1382650103.843769073486328
1382650104.152173042297363
1382650104.471695899963379
1382650104.789189100265503
1382650105.145958900451660
1382650105.428186893463135
1382650105.622098922729492
1382650105.897624015808105
1382650106.254570007324219
1382650106.616710901260376
1382650106.979643106460571
1382650107.176284074783325
1382650107.370776891708374
1382650107.569176912307739
1382650107.767813920974731
1382650108.130347967147827
1382650108.449012994766235
1382650108.774688959121704
1382650109.096692085266113
1382650109.335500001907349
1382650109.532643079757690
1382650109.736469030380249
1382650109.936034917831421
1382650110.175369977951050
1382650110.593941926956177
1382650110.878020048141479
1382650111.239072084426880
1382650111.521543979644775
1382650111.892255067825317
1382650112.092005014419556
1382650112.274377107620239
1382650112.602325916290283
1382650113.004894971847534
1382650113.379976987838745
1382650113.669043064117432
1382650113.867222070693970
1382650114.066098928451538
1382650114.268819093704224
1382650114.515794038772583
1382650114.844372034072876
1382650115.209574937820435
1382650115.591553926467896
1382650115.922709941864014
1382650116.169162988662720
1382650116.373939037322998
1382650116.622926950454712
1382650117.005196094512939
1382650117.338531970977783
1382650117.719624042510986
1382650118.016164064407349
1382650118.223150968551636
1382650118.431668996810913
1382650118.685142040252686
1382650119.020363092422485
1382650119.467926025390625
1382650119.848732948303223
1382650120.197498083114624
1382650120.408430099487305
1382650120.613989114761353
1382650120.869199991226196
1382650121.207020044326782
1382650121.552522897720337
1382650121.987282037734985
1382650122.198401927947998
1382650122.403848886489868
1382650122.618323087692261
1382650122.919797897338867
1382650123.258382081985474
1382650123.543369054794312
1382650123.839701890945435
1382650124.177016973495483
1382650124.568223953247070
1382650124.780843973159790
1382650125.038723945617676
1382650125.371536970138550
1382650125.764561891555786
1382650126.157393932342529
1382650126.462191104888916
1382650126.673331975936890
1382650126.890980958938599
1382650127.151031017303467
1382650127.542958021163940
1382650127.897567987442017
1382650128.241158962249756
1382650128.592463970184326
1382650128.814395904541016
1382650129.026387929916382
1382650129.381159067153931
1382650129.776823997497559
1382650130.177299976348877
1382650130.439829111099243
1382650130.659449100494385
1382650130.872023105621338
1382650131.070178985595703
1382650131.336679935455322
1382650131.649028062820435
1382650132.102047920227051
1382650132.461169958114624
1382650132.768256902694702
1382650133.054702997207642
1382650133.297107934951782
1382650133.536931991577148
1382650133.908777952194214
1382650134.192886114120483
1382650134.566375017166138
1382650134.808253049850464
1382650135.006166934967041
1382650135.206237077713013
1382650135.405524969100952
1382650135.603897094726562
1382650135.933384895324707
1382650136.263701915740967
1382650136.597354888916016
1382650136.972248077392578
1382650137.304047107696533
1382650137.593807935714722
1382650137.838112115859985
1382650138.171391963958740
1382650138.570002079010010
1382650138.933931112289429
1382650139.304578065872192
1382650139.524730920791626
1382650139.745975971221924
1382650140.017632961273193
1382650140.343943119049072
1382650140.709479093551636
1382650141.123331069946289
1382650141.490977048873901
1382650141.765089988708496
1382650142.040543079376221
1382650142.362757921218872
1382650142.786353111267090
1382650143.262948036193848
1382650143.489604949951172
1382650143.713067054748535
1382650143.938713073730469
1382650144.212207078933716
1382650144.691560029983521
1382650145.065659999847412
1382650145.392123937606812
1382650145.720701932907104
1382650146.003375053405762
1382650146.229513883590698
1382650146.558476924896240
1382650146.934870958328247
1382650147.419198036193848
1382650147.750880002975464
1382650147.981573104858398
1382650148.208128929138184
1382650148.438019037246704
1382650148.870517969131470
1382650149.301352024078369
1382650149.692529916763306
1382650150.072139978408813
1382650150.300898075103760
1382650150.528347969055176
1382650150.857623100280762
1382650151.289068937301636
1382650151.670914888381958
1382650152.003824949264526
1382650152.332210063934326
1382650152.615757942199707
1382650152.898677110671997
1382650153.282032012939453
1382650153.721396923065186
1382650154.158628940582275
1382650154.370789051055908
1382650154.598771095275879
1382650154.830621957778931
1382650155.166007041931152
1382650155.609553098678589
1382650156.047060012817383
1382650156.389858961105347
1382650156.623725891113281
1382650156.856251001358032
1382650157.091412067413330
1382650157.478926897048950
1382650157.906678915023804
1382650158.408287048339844
1382650158.747934103012085
1382650158.983165979385376
1382650159.217307090759277
1382650159.507474899291992
1382650159.899631977081299
1382650160.300565958023071
1382650160.778038024902344
1382650161.119954109191895
1382650161.356021881103516
1382650161.644635915756226
1382650162.039933919906616
1382650162.498455047607422
1382650162.897258996963501
1382650163.187490940093994
1382650163.425509929656982
1382650163.774980068206787
1382650164.121315956115723
1382650164.471273899078369
1382650164.932147979736328
1382650165.250648975372314
1382650165.469872951507568
1382650165.687870025634766
1382650166.054800033569336
1382650166.371515035629272
1382650166.788975954055786
1382650167.157134056091309
1382650167.376614093780518
1382650167.595141887664795
1382650167.815218925476074
1382650168.133402109146118
1382650168.503273963928223
1382650168.922894001007080
1382650169.241801023483276
1382650169.614125013351440
1382650169.832252025604248
1382650170.052791118621826
1382650170.373305082321167
1382650170.834152936935425
1382650171.242383956909180
1382650171.653074026107788
1382650172.007678985595703
1382650172.251638889312744
1382650172.721398115158081
1382650173.136975049972534
1382650173.539798974990845
1382650173.873226881027222
1382650174.116451025009155
1382650174.358763933181763
1382650174.773848056793213
1382650175.297807931900024
1382650175.775171995162964
1382650176.008327007293701
1382650176.248466014862061
1382650176.475152969360352
1382650176.767165899276733
1382650177.199819087982178
1382650177.580576896667480
1382650177.908827066421509
1382650178.237734079360962
1382650178.463253021240234
1382650178.689193964004517
1382650179.018966913223267
1382650179.400964975357056
1382650179.729852914810181
1382650180.071374893188477
1382650180.454894065856934
1382650180.785612106323242
1382650181.168857097625732
1382650181.576936960220337
1382650182.059640884399414
1382650182.426872014999390
1382650182.675537109375000
1382650182.925694942474365
1382650183.232418060302734
1382650183.773005008697510
1382650184.117952108383179
1382650184.536628961563110
1382650184.956690073013306
1382650185.195894956588745
1382650185.613290071487427
1382650186.039669036865234
1382650186.525366067886353
1382650186.777491092681885
1382650187.024310111999512
1382650187.277970075607300
1382650187.520435094833374
1382650187.895237922668457
1382650188.381354093551636
1382650188.811813116073608
1382650189.238923072814941
1382650189.608411073684692
1382650190.044219017028809
1382650190.409085988998413
1382650190.779875993728638
1382650191.213816881179810
1382650191.463921070098877
1382650191.722487926483154
1382650192.155966043472290
1382650192.710758924484253
1382650193.144965887069702
1382650193.465491056442261
1382650193.723042964935303
1382650194.100565910339355
1382650194.474997997283936
1382650194.857691049575806
1382650195.290352106094360
1382650195.609967947006226
1382650195.867506027221680
1382650196.185519933700562
1382650196.628704071044922
1382650197.123416900634766
1382650197.499427080154419
1382650197.936578989028931
1382650198.242269992828369
1382650198.618505001068115
1382650199.121807098388672
1382650199.626938104629517
1382650199.888174057006836
1382650200.150064945220947
1382650200.414330005645752
1382650200.868908882141113
1382650201.364737987518311
1382650201.814816951751709
1382650202.201102018356323
1382650202.463216066360474
1382650202.921483993530273
1382650203.430152893066406
1382650203.887530088424683
1382650204.148643970489502
1382650204.412729978561401
1382650204.676454067230225
1382650205.007898092269897
1382650205.523977994918823
1382650205.912727117538452
1382650206.363858938217163
1382650206.752348899841309
1382650207.084537982940674
1382650207.546629905700684
1382650208.174402952194214
1382650208.569089889526367
1382650208.834732055664062
1382650209.100959062576294
1382650209.557709932327271
1382650210.023369073867798
1382650210.490396022796631
1382650210.821547031402588
1382650211.086443901062012
1382650211.486289978027344
1382650212.006221055984497
1382650212.531375885009766
1382650212.798312902450562
1382650213.062418937683105
1382650213.393435955047607
1382650213.853044986724854
1382650214.313909053802490
1382650214.900698900222778
1382650215.157274961471558
1382650215.427920103073120
1382650215.953830957412720
1382650216.479543924331665
1382650216.875319957733154
1382650217.139604091644287
1382650217.407638072967529
1382650217.676175117492676
1382650218.205674886703491
1382650218.670641899108887
1382650219.135301113128662
1382650219.544091939926147
1382650219.877430915832520
1382650220.405028104782104
1382650220.943140983581543
1382650221.285285949707031
1382650221.561326026916504
1382650221.963505029678345
1382650222.364167928695679
1382650222.888921022415161
1382650223.292052030563354
1382650223.562282085418701
1382650223.837076902389526
1382650224.373079061508179
1382650224.909221887588501
1382650225.316030025482178
1382650225.588368892669678
1382650225.860620021820068
1382650226.134999990463257
1382650226.676202058792114
1382650227.146996974945068
1382650227.661017894744873
1382650227.971149921417236
1382650228.221714973449707
1382650228.528403997421265
1382650229.012685060501099
1382650229.385870933532715
1382650229.878961086273193
1382650230.190850973129272
1382650230.441953897476196
1382650230.693622112274170
1382650231.130980014801025
1382650231.620697021484375
1382650231.997071027755737
1382650232.433006048202515
1382650232.686863899230957
1382650233.010757923126221
1382650233.487705945968628
1382650234.033982992172241
1382650234.512692928314209
1382650234.850815057754517
1382650235.192096948623657
1382650235.743716955184937
1382650236.221796989440918
1382650236.641957044601440
1382650236.922969102859497
1382650237.202183961868286
1382650237.823458909988403
1382650238.446609973907471
1382650238.720432043075562
1382650239.003077983856201
1382650239.289649009704590
1382650239.771049022674561
1382650240.350860118865967
1382650240.838476896286011
1382650241.119448900222778
1382650241.401515007019043
1382650241.742295980453491
1382650242.222234010696411
1382650242.773623943328857
1382650243.270895004272461
1382650243.615115880966187
1382650244.174573898315430
1382650244.738835096359253
1382650245.221206903457642
1382650245.574805974960327
1382650245.856786966323853
1382650246.356889963150024
1382650246.847326993942261
1382650247.345869064331055
1382650247.703332901000977
1382650247.991363048553467
1382650248.481509923934937
1382650248.978059053421021
1382650249.461698055267334
1382650250.103130102157593
1382650250.530442953109741
1382650250.817903995513916
1382650251.104401111602783
1382650251.461652994155884
1382650251.960998058319092
1382650252.395266056060791
1382650252.890134096145630
1382650253.373143911361694
1382650253.948985099792480
1382650254.236093997955322
1382650254.524583101272583
1382650254.950570106506348
1382650255.521918058395386
1382650255.809827089309692
1382650256.102960109710693
1382650256.394644975662231
1382650256.680680036544800
1382650257.115324974060059
1382650257.617955923080444
1382650258.120529890060425
1382650258.695152044296265
1382650259.195306062698364
1382650259.726396083831787
1382650260.254746913909912
1382650260.586441993713379
1382650260.851682901382446
1382650261.121840000152588
1382650261.585197925567627
1382650262.117415904998779
1382650262.450797080993652
1382650262.718719959259033
1382650262.987639904022217
1382650263.320975065231323
1382650263.851798057556152
1382650264.317806005477905
1382650264.731796979904175
1382650265.172883987426758
1382650265.546653032302856
1382650266.596457958221436
1382650266.674981117248535
1382650266.751909971237183
1382650266.829509019851685
1382650266.912211894989014
1382650266.988557100296021
1382650267.067682981491089
1382650267.147651910781860
1382650267.226177930831909
1382650267.302748918533325
1382650267.383789062500000
1382650267.466329097747803
1382650267.553742885589600
1382650267.636059045791626
1382650267.722470045089722
1382650267.807156085968018
1382650267.890960931777954
1382650267.974452018737793
1382650268.056576967239380
1382650268.135684967041016
1382650268.220622062683105
1382650268.302578926086426
1382650268.383105993270874
1382650268.470941066741943
1382650268.556447982788086
1382650268.648153066635132
1382650268.743629932403564
1382650268.842189073562622
1382650268.936264991760254
1382650269.032665014266968
1382650269.115735054016113
1382650269.204063892364502
1382650269.287302017211914
1382650269.370889902114868
1382650269.456010103225708
1382650269.551899909973145
1382650269.643100976943970
1382650269.734224081039429
1382650269.828356981277466
1382650269.920239925384521
1382650270.019563913345337
1382650270.118186950683594
1382650270.213222026824951
1382650270.299737930297852
1382650270.400789976119995
1382650270.486979961395264
1382650270.591424942016602
1382650270.694024085998535
1382650270.797599077224731
1382650270.890750885009766
1382650270.993381977081299
1382650271.093473911285400
1382650271.198518991470337
1382650271.290576934814453
1382650271.379781007766724
1382650271.468080043792725
1382650271.556535959243774
1382650271.657624006271362
1382650271.763534069061279
1382650271.865482091903687
1382650271.969631910324097
1382650272.069277048110962
1382650272.187232971191406
1382650272.292005062103271
1382650272.386888027191162
1382650272.478569984436035
1382650272.568413972854614
1382650272.687726020812988
1382650272.798306941986084
1382650272.909635066986084
1382650273.023547887802124
1382650273.140182018280029
1382650273.231769084930420
1382650273.326880931854248
1382650273.423710107803345
1382650273.517283916473389
1382650273.611738920211792
1382650273.723383903503418
1382650273.838254928588867
1382650273.948033094406128
1382650274.075303077697754
1382650274.190144062042236
1382650274.303390026092529
1382650274.400832891464233
1382650274.496983051300049
1382650274.594445943832397
1382650274.690428972244263
1382650274.798845052719116
1382650274.918577909469604
1382650275.034864902496338
1382650275.152020931243896
1382650275.272129058837891
1382650275.398680925369263
1382650275.510117053985596
1382650275.606869935989380
1382650275.704895973205566
1382650275.810983896255493
1382650275.930639982223511
1382650276.062129974365234
1382650276.188705921173096
1382650276.315504074096680
1382650276.424381971359253
1382650276.522383928298950
1382650276.624878883361816
1382650276.728282928466797
1382650276.844224929809570
1382650276.969302892684937
1382650277.105348110198975
1382650277.230690956115723
1382650277.356923103332520
1382650277.483215093612671
1382650277.585920095443726
1382650277.681366920471191
1382650277.780946969985962
1382650277.893989086151123
1382650278.008121967315674
1382650278.129571914672852
1382650278.259116888046265
1382650278.379096984863281
1382650278.502625942230225
1382650278.632200002670288
1382650278.753700017929077
1382650278.875003099441528
1382650278.997528076171875
1382650279.116628885269165
1382650279.254334926605225
1382650279.410285949707031
1382650279.534764051437378
1382650279.638258934020996
1382650279.745424985885620
1382650279.848587036132812
1382650279.971151113510132
1382650280.098181962966919
1382650280.221878051757812
1382650280.370395898818970
1382650280.506445884704590
1382650280.654789924621582
1382650280.771399021148682
1382650280.879005908966064
1382650281.017275094985962
1382650281.167587041854858
1382650281.330116033554077
1382650281.482261896133423
1382650281.588495969772339
1382650281.695518016815186
1382650281.806282997131348
1382650281.935626029968262
1382650282.080388069152832
1382650282.211730003356934
1382650282.352634906768799
1382650282.506427049636841
1382650282.637981891632080
1382650282.751262903213501
1382650282.862139940261841
1382650282.982213020324707
1382650283.124320030212402
1382650283.290807962417603
1382650283.439446926116943
1382650283.561882019042969
1382650283.674806118011475
1382650283.789381980895996
1382650283.901473999023438
1382650284.026885986328125
1382650284.200396060943604
1382650284.365330934524536
1382650284.508924007415771
1382650284.656441926956177
1382650284.798140048980713
1382650284.910234928131104
1382650285.034603118896484
1382650285.187655925750732
1382650285.351018905639648
1382650285.507287025451660
1382650285.657529115676880
1382650285.763587951660156
1382650285.875189065933228
1382650285.992450952529907
1382650286.137559890747070
1382650286.304877996444702
1382650286.458544015884399
1382650286.629642963409424
1382650286.760718107223511
1382650286.882142066955566
1382650286.997092008590698
1382650287.153719902038574
1382650287.312496900558472
1382650287.458386898040771
1382650287.619539976119995
1382650287.782731056213379
1382650287.901851892471313
1382650288.018511056900024
1382650288.154674053192139
1382650288.338948965072632
1382650288.518182992935181
1382650288.699366092681885
1382650288.846164941787720
1382650288.963663101196289
1382650289.083597898483276
1382650289.229336023330688
1382650289.409919023513794
1382650289.594667911529541
1382650289.771862030029297
1382650289.896852016448975
1382650290.016557931900024
1382650290.134042978286743
1382650290.272803068161011
1382650290.440186023712158
1382650290.594264030456543
1382650290.765187978744507
1382650290.935779094696045
1382650291.080882072448730
1382650291.192326068878174
1382650291.319176912307739
1382650291.508604049682617
1382650291.680027961730957
1382650291.837091922760010
1382650291.998049020767212
1382650292.152731895446777
1382650292.278206110000610
1382650292.420536041259766
1382650292.598392009735107
1382650292.774228096008301
1382650292.965830087661743
1382650293.107628107070923
1382650293.235316038131714
1382650293.363485097885132
1382650293.508574008941650
1382650293.683029890060425
1382650293.862550973892212
1382650294.057837963104248
1382650294.255729913711548
1382650294.402168035507202
1382650294.547167062759399
1382650294.711479902267456
1382650294.915580987930298
1382650295.129147052764893
1382650295.253460884094238
1382650295.381481885910034
1382650295.509067058563232
1382650295.672430992126465
1382650295.836719036102295
1382650296.041549921035767
1382650296.240096092224121
1382650296.358433008193970
1382650296.485968112945557
1382650296.634294033050537
1382650296.800757884979248
1382650296.991954088211060
1382650297.177917957305908
1382650297.344428062438965
1382650297.531305074691772
1382650297.662432909011841
1382650297.831938982009888
1382650298.023849010467529
1382650298.209852933883667
1382650298.421262025833130
1382650298.554069995880127
1382650298.726824998855591
1382650298.920195102691650
1382650299.088908910751343
1382650299.284651041030884
1382650299.456190109252930
1382650299.591247081756592
1382650299.744513988494873
1382650299.937969923019409
1382650300.152021884918213
1382650300.346824884414673
1382650300.504091978073120
1382650300.641129016876221
1382650301.085201978683472
1382650301.282571077346802
1382650301.499290943145752
1382650301.634114027023315
1382650301.767951965332031
1382650301.947570085525513
1382650302.145198106765747
1382650302.363281965255737
1382650302.518945932388306
1382650302.654784917831421
1382650302.795203924179077
1382650302.974803924560547
1382650303.193936109542847
1382650303.396131992340088
1382650303.596506118774414
1382650303.736555099487305
1382650303.939599990844727
1382650304.142556905746460
1382650304.324939966201782
1382650304.505568027496338
1382650304.646217107772827
1382650304.784842967987061
1382650304.927097082138062
1382650305.131865978240967
1382650305.338536977767944
1382650305.544337987899780
1382650305.746182918548584
1382650305.930752992630005
1382650306.143942117691040
1382650306.381747007369995
1382650306.592353105545044
1382650306.736124992370605
1382650306.878418922424316
1382650307.043118000030518
1382650307.248874902725220
1382650307.486088991165161
1382650307.673178911209106
1382650307.858072996139526
1382650308.004559993743896
1382650308.238637924194336
1382650308.449491977691650
1382650308.663825988769531
1382650308.807768106460571
1382650308.952805042266846
1382650309.117877006530762
1382650309.329195976257324
1382650309.568010091781616
1382650309.758017063140869
1382650309.954332113265991
1382650310.125049114227295
1382650310.343466997146606
1382650310.584450960159302
1382650310.778523921966553
1382650310.924772977828979
1382650311.072500944137573
1382650311.318624973297119
1382650311.537883996963501
1382650311.763012886047363
1382650311.909816026687622
1382650312.055335998535156
1382650312.204533100128174
1382650312.391161918640137
1382650312.577425003051758
1382650312.828244924545288
1382650313.028477907180786
1382650313.178525924682617
1382650313.403512954711914
1382650313.624217987060547
1382650313.820789098739624
1382650314.073657035827637
1382650314.225132942199707
1382650314.402664899826050
1382650314.620208024978638
1382650314.803935050964355
1382650315.000511884689331
1382650315.238164901733398
1382650315.414216041564941
1382650315.565522909164429
1382650315.716094970703125
1382650315.869329929351807
1382650316.025923967361450
1382650316.178601980209351
1382650316.331625938415527
1382650316.505892038345337
1382650316.737354040145874
1382650316.969788074493408
1382650317.201212882995605
1382650317.404243946075439
1382650317.659836053848267
1382650317.867676019668579
1382650318.071038007736206
1382650318.278918981552124
1382650318.485531091690063
1382650318.684973955154419
1382650318.945511102676392
1382650319.156276941299438
1382650319.392180919647217
1382650319.599945068359375
1382650319.835007905960083
1382650320.051493883132935
1382650320.258591890335083
1382650320.415441989898682
1382650320.573241949081421
1382650320.785183906555176
1382650321.024595975875854
1382650321.326765060424805
1382650321.592897891998291
1382650321.804397106170654
1382650322.077554941177368
1382650322.239216089248657
1382650322.398849010467529
1382650322.557517051696777
1382650322.718415975570679
1382650322.935056924819946
1382650323.178634881973267
1382650323.425123929977417
1382650323.640588998794556
1382650323.885255098342896
1382650324.134681940078735
1382650324.350142955780029
1382650324.513959884643555
1382650324.674443006515503
1382650324.835032939910889
1382650324.997003078460693
1382650325.243921041488647
1382650325.493427038192749
1382650325.743242025375366
1382650325.964030027389526
1382650326.243705034255981
1382650326.489805936813354
1382650326.769424915313721
1382650326.932835102081299
1382650327.129189968109131
1382650327.381608009338379
1382650327.604693889617920
1382650327.918665885925293
1382650328.169984102249146
1382650328.454879045486450
1382650328.623420000076294
1382650328.788574934005737
1382650328.960742950439453
1382650329.126099109649658
1382650329.354727983474731
1382650329.609941959381104
1382650329.836172103881836
1382650330.124834060668945
1382650330.414052009582520
1382650330.669859886169434
1382650330.836951017379761
1382650331.003313064575195
1382650331.200400114059448
1382650331.486221075057983
1382650331.748044967651367
1382650332.011929035186768
1382650332.247298002243042
1382650332.506184101104736
1382650332.736612081527710
1382650332.908334016799927
1382650333.077785015106201
1382650333.278153896331787
1382650333.540119886398315
1382650333.775114059448242
1382650334.077826023101807
1382650334.373931884765625
1382650334.669979095458984
1382650334.838887929916382
1382650335.011656045913696
1382650335.186558008193970
1382650335.488734006881714
1382650335.795888900756836
1382650336.057476997375488
1382650336.330943107604980
1382650336.570626974105835
1382650336.745306968688965
1382650336.916241884231567
1382650337.095081090927124
1382650337.267011880874634
1382650337.475975036621094
1382650337.743923902511597
1382650338.018878936767578
1382650338.293118953704834
1382650338.567934036254883
1382650338.876624107360840
1382650339.149941921234131
1382650339.323506116867065
1382650339.535011053085327
1382650339.841150999069214
1382650340.116519927978516
1382650340.397362947463989
1382650340.747903108596802
1382650340.925479888916016
1382650341.102340936660767
1382650341.283919095993042
1382650341.460210084915161
1382650341.674202919006348
1382650341.950428962707520
1382650342.266669034957886
1382650342.513031959533691
1382650342.830796957015991
1382650343.113125085830688
1382650343.329881906509399
1382650343.508300065994263
1382650343.722529888153076
1382650344.009954929351807
1382650344.263012886047363
1382650344.578671932220459
1382650344.857793092727661
1382650345.141279935836792
1382650345.322961091995239
1382650345.503885030746460
1382650345.686079978942871
1382650345.902729988098145
1382650346.183850049972534
1382650346.475512027740479
1382650346.762168884277344
1382650347.087645053863525
1382650347.345316886901855
1382650347.528002977371216
1382650347.693695068359375
1382650347.908914089202881
1382650348.163942098617554
1382650348.527455091476440
1382650348.820970058441162
1382650349.185267925262451
1382650349.444870948791504
1382650349.633611917495728
1382650349.814505100250244
1382650350.075212001800537
1382650350.408018112182617
1382650350.703846931457520
1382650350.998601913452148
1382650351.259917020797729
1382650351.525083065032959
1382650351.713975906372070
1382650351.900679111480713
1382650352.159322977066040
1382650352.498070955276489
1382650352.758208990097046
1382650353.059823989868164
1382650353.361968040466309
1382650353.548429012298584
1382650353.728503942489624
1382650353.908698081970215
1382650354.098537921905518
1382650354.327605009078979
1382650354.633528947830200
1382650354.931590080261230
1382650355.196470975875854
1382650355.501369953155518
1382650355.843538045883179
1382650356.107624053955078
1382650356.300952911376953
1382650356.649241924285889
1382650356.957961082458496
1382650357.265376091003418
1382650357.535388946533203
1382650357.841464996337891
1382650358.063741922378540
1382650358.250808000564575
1382650358.446180105209351
1382650358.749592065811157
1382650359.013431072235107
1382650359.337120056152344
1382650359.649029970169067
1382650359.958410024642944
1382650360.188128948211670
1382650360.381781101226807
1382650360.577908992767334
1382650360.809588909149170
1382650361.126306056976318
1382650361.436166048049927
1382650361.797305107116699
1382650362.181385993957520
1382650362.456597089767456
1382650362.652946949005127
1382650362.849265098571777
1382650363.122441053390503
1382650363.474947929382324
1382650363.750082969665527
1382650364.111196041107178
1382650364.386234998703003
1382650364.584386110305786
1382650364.780260086059570
1382650364.977210998535156
1382650365.215604066848755
1382650365.536218881607056
1382650365.853007078170776
1382650366.171108961105347
1382650366.489324092864990
1382650366.797945022583008
1382650366.997401952743530
1382650367.234993934631348
1382650367.603044033050537
1382650367.922633886337280
1382650368.287065029144287
1382650368.559374094009399
1382650368.847121953964233
1382650369.043329954147339
1382650369.246409893035889
1382650369.532754898071289
1382650369.901433944702148
1382650370.276108026504517
1382650370.645366907119751
1382650370.838748931884766
1382650371.028090953826904
1382650371.236213922500610
1382650371.435703039169312
1382650371.725851058959961
1382650372.089222908020020
1382650372.461735010147095
1382650372.834012985229492
1382650373.124866008758545
1382650373.329613924026489
1382650373.534156084060669
1382650373.912576913833618
1382650374.247118949890137
1382650374.577934026718140
1382650374.922576904296875
1382650375.110785961151123
1382650375.296051979064941
1382650375.486434936523438
1382650375.675422906875610
1382650375.901407957077026
1382650376.173259019851685
1382650376.482852935791016
1382650376.792361974716187
1382650377.060771942138672
1382650377.370640993118286
1382650377.639297962188721
1382650377.909670114517212
1382650378.139642953872681
1382650378.409790992736816
1382650378.678949117660522
1382650378.990113973617554
1382650379.259934902191162
1382650379.577488899230957
1382650379.849440097808838
1382650380.099086046218872
1382650380.346048116683960
1382650380.781474113464355
1382650381.128964900970459
1382650381.438549995422363
1382650381.787048101425171
1382650382.087438106536865
1382650382.298278093338013
1382650382.691888093948364
1382650383.081614017486572
1382650383.476923942565918
1382650383.687216043472290
1382650383.899761915206909
1382650384.114089965820312
1382650384.326605081558228
1382650384.539577960968018
1382650384.890981912612915
1382650385.240408897399902
1382650385.627424001693726
1382650385.977972984313965
1382650386.329329967498779
1382650386.545406103134155
1382650386.805480003356934
1382650387.159252882003784
1382650387.558517932891846
1382650387.911161899566650
1382650388.269203901290894
1382650388.484952926635742
1382650388.699903964996338
1382650389.101362943649292
1382650389.459265947341919
1382650389.813064098358154
1382650390.117630004882812
1382650390.327763080596924
1382650390.538188934326172
1382650390.754475116729736
1382650391.063777923583984
1382650391.474080085754395
1382650391.834801912307739
1382650392.251514911651611
1382650392.612987041473389
1382650392.831870079040527
1382650393.095519065856934
1382650393.501863002777100
1382650393.915396928787231
1382650394.271876096725464
1382650394.493314981460571
1382650394.712126016616821
1382650394.933032989501953
1382650395.153875112533569
1382650395.467933893203735
1382650395.883223056793213
1382650396.248821973800659
1382650396.718931913375854
1382650396.935780048370361
1382650397.148386955261230
1382650397.356714963912964
1382650397.676963090896606
1382650398.048063993453979
1382650398.368360042572021
1382650398.739695072174072
1382650399.163578987121582
1382650399.385062932968140
1382650399.704710960388184
1382650400.123389959335327
1382650400.477981090545654
1382650400.850948095321655
1382650401.173017024993896
1382650401.399801969528198
1382650401.622490882873535
1382650401.892836093902588
1382650402.259398937225342
1382650402.683459043502808
1382650403.109595060348511
1382650403.335398912429810
1382650403.557950019836426
1382650403.781109094619751
1382650404.108211994171143
1382650404.537534952163696
1382650404.960853099822998
1382650405.365461111068726
1382650405.591821908950806
1382650405.816163063049316
1382650406.147717952728271
1382650406.526292085647583
1382650407.011404037475586
1382650407.395030975341797
1382650407.672740936279297
1382650407.899961948394775
1382650408.128848075866699
1382650408.518667936325073
1382650408.948826074600220
1382650409.438278913497925
1382650409.670624017715454
1382650409.899574041366577
1382650410.126367092132568
1382650410.355340957641602
1382650410.696521043777466
1382650411.136188030242920
1382650411.572570085525513
1382650411.907346010208130
1382650412.221084117889404
1382650412.435873985290527
1382650412.717838048934937
1382650413.100332975387573
1382650413.537055015563965
1382650413.972300052642822
1382650414.311825037002563
1382650414.544857978820801
1382650414.774267911911011
1382650415.163278102874756
1382650415.663184881210327
1382650416.054467916488647
1382650416.338321924209595
1382650416.550508975982666
1382650416.783900976181030
1382650417.068948984146118
1382650417.519644021987915
1382650417.885991096496582
1382650418.220803022384644
1382650418.547384023666382
1382650418.785608053207397
1382650419.021186113357544
1382650419.364456892013550
1382650419.816471099853516
1382650420.210449934005737
1382650420.551944971084595
1382650420.899208068847656
1382650421.193537950515747
1382650421.598640918731689
1382650422.107714891433716
1382650422.461144924163818
1382650422.810345888137817
1382650423.036514043807983
1382650423.275588989257812
1382650423.622876882553101
1382650423.940826892852783
1382650424.263021945953369
1382650424.638022899627686
1382650424.958543062210083
1382650425.227713108062744
1382650425.445545911788940
1382650425.713942050933838
1382650426.082717895507812
1382650426.449713945388794
1382650426.819494962692261
1382650427.188397884368896
1382650427.558814048767090
1382650427.828088998794556
1382650428.251157045364380
1382650428.574033021926880
1382650428.945768117904663
1382650429.274921894073486
1382650429.504416942596436
1382650429.745155096054077
1382650430.102880001068115
1382650430.512335062026978
1382650430.843810081481934
1382650431.259746074676514
1382650431.582781076431274
1382650431.818219900131226
1382650432.174357891082764
1382650432.628591060638428
1382650433.157358884811401
1382650433.571332931518555
1382650433.817456960678101
1382650434.111639976501465
1382650434.529984951019287
1382650434.942661046981812
1382650435.356648921966553
1382650435.602893114089966
1382650435.846138000488281
1382650436.092365026473999
1382650436.450551033020020
1382650436.849725961685181
1382650437.371242046356201
1382650437.729815006256104
1382650437.983408927917480
1382650438.230539083480835
1382650438.653969049453735
1382650439.132858991622925
1382650439.550818920135498
1382650439.917349100112915
1382650440.166135072708130
1382650440.422174930572510
1382650440.833663940429688
1382650441.323442935943604
1382650441.747329950332642
1382650442.112953901290894
1382650442.360028028488159
1382650442.667864084243774
1382650443.082653045654297
1382650443.448982954025269
1382650443.873963117599487
1382650444.304450035095215
1382650444.558968067169189
1382650444.985146045684814
1382650445.473223924636841
1382650445.903489112854004
1382650446.152149915695190
1382650446.410873889923096
1382650446.663306951522827
1382650446.973110914230347
1382650447.401005029678345
1382650447.833590030670166
1382650448.202141046524048
1382650448.549633979797363
1382650448.980314016342163
1382650449.474308013916016
1382650450.026041030883789
1382650450.342643976211548
1382650450.594065904617310
1382650450.844939947128296
1382650451.102950096130371
1382650451.473608970642090
1382650451.967083930969238
1382650452.457659959793091
1382650452.840333938598633
1382650453.094150066375732
1382650453.350315093994141
1382650453.778040885925293
1382650454.152422904968262
1382650454.655492067337036
1382650455.055634975433350
1382650455.310084104537964
1382650455.692312955856323
1382650456.127932071685791
1382650456.569710969924927
1382650457.078685045242310
1382650457.336342096328735
1382650457.658263921737671
1382650458.080658912658691
1382650458.533597946166992
1382650458.915575027465820
1382650459.233350038528442
1382650459.495593070983887
1382650459.755681991577148
1382650460.197549104690552
1382650460.641333103179932
1382650461.144788026809692
1382650461.531212091445923
1382650461.792969942092896
1382650462.113416910171509
1382650462.670597076416016
1382650463.184673070907593
1382650463.570972919464111
1382650463.832446098327637
1382650464.093808889389038
1382650464.606491088867188
1382650465.056678056716919
1382650465.509468078613281
1382650465.776257038116455
1382650466.039319038391113
1382650466.367499113082886
1382650466.813855886459351
1382650467.269133090972900
1382650467.731232881546021
1382650468.125720977783203
1382650468.384809017181396
1382650468.900047063827515
1382650469.359570026397705
1382650469.783890008926392
1382650470.050275087356567
1382650470.316852092742920
1382650470.586539030075073
1382650471.047075986862183
1382650471.629893064498901
1382650472.152664899826050
1382650472.415021896362305
1382650472.683927059173584
1382650472.959235906600952
1382650473.415956020355225
1382650473.933337926864624
1382650474.395607948303223
1382650474.795861959457397
1382650475.130446910858154
1382650475.656050920486450
1382650476.117718935012817
1382650476.518723964691162
1382650476.789588928222656
1382650477.130678892135620
1382650477.592228889465332
1382650478.126190900802612
1382650478.531269073486328
1382650478.797588109970093
1382650479.063865900039673
1382650479.402808904647827
1382650479.870815992355347
1382650480.338038921356201
1382650480.805975914001465
1382650481.208199024200439
1382650481.550549983978271
1382650482.031122922897339
1382650482.500824928283691
1382650482.984558105468750
1382650483.255820989608765
1382650483.532411098480225
1382650484.068047046661377
1382650484.540326118469238
1382650485.015655994415283
1382650485.286880970001221
1382650485.561681985855103
1382650485.902996063232422
1382650486.375695943832397
1382650486.923825025558472
1382650487.395380020141602
1382650487.737756013870239
1382650488.083070993423462
1382650488.690785884857178
1382650489.170774936676025
1382650489.512525081634521
1382650489.791951894760132
1382650490.204349040985107
1382650490.677233934402466
1382650491.219615936279297
1382650491.550853967666626
1382650491.827672958374023
1382650492.108300924301147
1382650492.518345117568970
1382650492.929781913757324
1382650493.345972061157227
1382650493.895169019699097
1382650494.240329980850220
1382650494.723378896713257
1382650495.210716962814331
1382650495.696202993392944
1382650495.974723100662231
1382650496.255500078201294
1382650496.814703941345215
1382650497.370539903640747
1382650497.784898042678833
1382650498.066941022872925
1382650498.355900049209595
1382650498.711792945861816
1382650499.336575984954834
1382650499.828612089157104
1382650500.321058988571167
1382650500.603627920150757
1382650501.174041986465454
1382650501.659188032150269
1382650502.014034986495972
1382650502.298500061035156
1382650502.582387924194336
1382650502.932260036468506
1382650503.359869956970215
1382650503.986088037490845
1382650504.461877107620239
1382650504.811805963516235
1382650505.232366085052490
1382650505.730317115783691
1382650506.157125949859619
1382650506.516204118728638
1382650506.799402952194214
1382650507.367430925369263
1382650507.938231945037842
1382650508.367228031158447
1382650508.655210018157959
1382650508.940373897552490
1382650509.301974058151245
1382650509.801680088043213
1382650510.368431091308594
1382650510.866893053054810
1382650511.224324941635132
1382650511.721112966537476
1382650512.219033002853394
1382650512.648519039154053
1382650512.941448926925659
1382650513.233472108840942
1382650513.535202980041504
1382650514.037457942962646
1382650514.543154954910278
1382650515.126766920089722
1382650515.560815095901489
1382650515.989002943038940
1382650516.569408893585205
1382650517.149388074874878
1382650517.434129953384399
1382650517.723004102706909
1382650518.165260076522827
1382650518.745934963226318
1382650519.327759981155396
1382650519.623277902603149
1382650519.911570072174072
1382650520.505858898162842
1382650521.088862895965576
1382650521.380448102951050
1382650521.671523094177246
1382650521.966886043548584
1382650522.335570096969604
1382650522.842016935348511
1382650523.427917957305908
1382650524.009854078292847
1382650524.296789884567261
