0.000250000000000
0.000175000000000
0.000168000000000
0.000173000000000
0.000173000000000
0.000159000000000
0.000164000000000
0.000164000000000
0.000162000000000
0.000170000000000
0.000164000000000
0.000162000000000
0.000169000000000
0.000166000000000
0.000163000000000
0.000168000000000
0.000166000000000
0.000165000000000
0.000168000000000
0.000165000000000
0.000167000000000
0.000172000000000
0.000169000000000
0.000169000000000
0.000171000000000
0.000863000000000
0.000181000000000
0.000177000000000
0.000182000000000
0.000173000000000
0.000175000000000
0.000173000000000
0.000175000000000
0.000173000000000
0.000175000000000
0.000175000000000
0.000177000000000
0.000176000000000
0.000180000000000
0.000178000000000
0.000178000000000
0.000180000000000
0.000177000000000
0.000180000000000
0.000181000000000
0.000182000000000
0.000192000000000
0.000189000000000
0.000185000000000
0.000187000000000
0.000181000000000
0.000182000000000
0.000186000000000
0.000183000000000
0.000188000000000
0.000189000000000
0.000185000000000
0.000183000000000
0.000188000000000
0.000189000000000
0.000187000000000
0.000193000000000
0.000189000000000
0.000239000000000
0.000197000000000
0.000196000000000
0.000193000000000
0.000191000000000
0.000189000000000
0.000193000000000
0.000195000000000
0.000193000000000
0.000191000000000
0.000192000000000
0.000196000000000
0.000195000000000
0.000193000000000
0.000196000000000
0.000196000000000
0.000198000000000
0.000200000000000
0.000215000000000
0.000200000000000
0.000199000000000
0.000199000000000
0.000205000000000
0.000205000000000
0.000200000000000
0.000208000000000
0.000205000000000
0.000199000000000
0.000204000000000
0.000206000000000
0.000206000000000
0.000209000000000
0.000207000000000
0.000203000000000
0.000215000000000
0.000205000000000
