0.000270000000000
0.000243000000000
0.000223000000000
0.000263000000000
0.000236000000000
0.000254000000000
0.000297000000000
0.000232000000000
0.000232000000000
0.000236000000000
0.000240000000000
0.000221000000000
0.000206000000000
0.000236000000000
0.000289000000000
0.000258000000000
0.000256000000000
0.000243000000000
0.000265000000000
0.000239000000000
0.000236000000000
0.000239000000000
0.000241000000000
0.000215000000000
0.000240000000000
0.000235000000000
0.000236000000000
0.000245000000000
0.000249000000000
0.000252000000000
0.000250000000000
0.000244000000000
0.000224000000000
0.000242000000000
0.000235000000000
0.000269000000000
0.000243000000000
0.000243000000000
0.000289000000000
0.000259000000000
0.000267000000000
0.000251000000000
0.000225000000000
0.000247000000000
0.000278000000000
0.000241000000000
0.000317000000000
0.000213000000000
0.000220000000000
0.000246000000000
0.000251000000000
0.000269000000000
0.000287000000000
0.000254000000000
0.000256000000000
0.000218000000000
0.000252000000000
0.000231000000000
0.000237000000000
0.000252000000000
0.000219000000000
0.000255000000000
0.000298000000000
0.000275000000000
0.000260000000000
0.000319000000000
0.000271000000000
0.000226000000000
0.000268000000000
0.000253000000000
0.000249000000000
0.000243000000000
0.000230000000000
0.000241000000000
0.000254000000000
0.000271000000000
0.000243000000000
0.000253000000000
0.000308000000000
0.000254000000000
0.000258000000000
0.000251000000000
0.000253000000000
0.000345000000000
0.000291000000000
0.000254000000000
0.000272000000000
0.000231000000000
0.000231000000000
0.000257000000000
0.000251000000000
0.000228000000000
0.000258000000000
0.000243000000000
0.000264000000000
0.000241000000000
0.000293000000000
0.000259000000000
0.000266000000000
0.000262000000000
0.000289000000000
0.000400000000000
0.000249000000000
0.000250000000000
0.000308000000000
0.000228000000000
0.000240000000000
0.000256000000000
0.000224000000000
0.000212000000000
0.000257000000000
0.000252000000000
0.000231000000000
0.000465000000000
0.000301000000000
0.000261000000000
0.000264000000000
0.000275000000000
0.000427000000000
0.000250000000000
0.000470000000000
0.000237000000000
0.000244000000000
0.000291000000000
0.000315000000000
0.000357000000000
0.000289000000000
0.000246000000000
0.000274000000000
0.000269000000000
0.000235000000000
0.000275000000000
0.000272000000000
0.000274000000000
0.000273000000000
0.000277000000000
0.000296000000000
0.000306000000000
0.000259000000000
0.000274000000000
0.000250000000000
0.000258000000000
0.000269000000000
0.000290000000000
0.000288000000000
0.000281000000000
0.000252000000000
0.000297000000000
0.000269000000000
0.000290000000000
0.000271000000000
0.000277000000000
0.000455000000000
0.000395000000000
0.000337000000000
0.000280000000000
0.000272000000000
0.000299000000000
0.000289000000000
0.000250000000000
0.000287000000000
0.000307000000000
0.000284000000000
0.000329000000000
0.000523000000000
0.000303000000000
0.000300000000000
0.000276000000000
0.000285000000000
0.000291000000000
0.000291000000000
0.000284000000000
0.000268000000000
0.000307000000000
0.000319000000000
0.000292000000000
0.000296000000000
0.000316000000000
0.000274000000000
0.000287000000000
0.000266000000000
0.000249000000000
0.000244000000000
0.000251000000000
0.000297000000000
0.000279000000000
0.000293000000000
0.000280000000000
0.000298000000000
0.000364000000000
0.000296000000000
0.000310000000000
0.000294000000000
0.000281000000000
0.000299000000000
0.000262000000000
0.000299000000000
0.000263000000000
0.000325000000000
0.000348000000000
0.000523000000000
0.000324000000000
0.000291000000000
0.000294000000000
0.000286000000000
0.000291000000000
0.000297000000000
0.000303000000000
0.000260000000000
0.000283000000000
0.000328000000000
0.000269000000000
0.000269000000000
0.000302000000000
0.000284000000000
0.000305000000000
0.000281000000000
0.000325000000000
0.000318000000000
0.000293000000000
0.000512000000000
0.000291000000000
0.000301000000000
0.000270000000000
0.000308000000000
0.000272000000000
0.000308000000000
0.000304000000000
0.000299000000000
0.000310000000000
0.000279000000000
0.000318000000000
0.000328000000000
0.000313000000000
0.000271000000000
0.000267000000000
0.000295000000000
0.000290000000000
0.000304000000000
0.000291000000000
0.000320000000000
0.000298000000000
0.000308000000000
0.000306000000000
0.000289000000000
0.000305000000000
0.000276000000000
0.000327000000000
0.000295000000000
0.000299000000000
0.000296000000000
0.000534000000000
0.000294000000000
0.000326000000000
0.000257000000000
0.000303000000000
0.000284000000000
0.000299000000000
0.000269000000000
0.000288000000000
0.000323000000000
0.000325000000000
0.000305000000000
0.000321000000000
0.000308000000000
0.000292000000000
0.000302000000000
0.000320000000000
0.000309000000000
0.000325000000000
0.000307000000000
0.000298000000000
0.000311000000000
0.000314000000000
0.000303000000000
0.000318000000000
0.000325000000000
0.000350000000000
0.000327000000000
0.000310000000000
0.000325000000000
0.000326000000000
0.000380000000000
0.000346000000000
0.000381000000000
0.000366000000000
0.000331000000000
0.000342000000000
0.000341000000000
0.000343000000000
0.000373000000000
0.000382000000000
0.000355000000000
0.000337000000000
0.000362000000000
0.000392000000000
0.000462000000000
0.000349000000000
0.000373000000000
0.000355000000000
0.000348000000000
0.000329000000000
0.000349000000000
0.000348000000000
0.000550000000000
0.000315000000000
0.000329000000000
0.000381000000000
0.000482000000000
0.000355000000000
0.000399000000000
0.000354000000000
0.000342000000000
0.000376000000000
0.000594000000000
0.000344000000000
0.000358000000000
0.000375000000000
0.000360000000000
0.000379000000000
0.000338000000000
0.000461000000000
0.000357000000000
0.000365000000000
0.000432000000000
0.000368000000000
0.000377000000000
0.000354000000000
0.000369000000000
0.000380000000000
0.000392000000000
0.000362000000000
0.000374000000000
0.000348000000000
0.000362000000000
0.000349000000000
0.000365000000000
0.000384000000000
0.000382000000000
0.000353000000000
0.000364000000000
0.000384000000000
0.000373000000000
0.000392000000000
0.000394000000000
0.000365000000000
0.000621000000000
0.000372000000000
0.000379000000000
0.000489000000000
0.000372000000000
0.000387000000000
0.000505000000000
0.000338000000000
0.000382000000000
0.000342000000000
0.000640000000000
0.000344000000000
0.000377000000000
0.000407000000000
0.000357000000000
0.000338000000000
0.000362000000000
0.000398000000000
0.000397000000000
0.000586000000000
0.000341000000000
0.000426000000000
0.000384000000000
0.000357000000000
0.000379000000000
0.000372000000000
0.000375000000000
0.000624000000000
0.000392000000000
0.000397000000000
0.000377000000000
0.000380000000000
0.000383000000000
0.000477000000000
0.000389000000000
0.000374000000000
0.000377000000000
0.000380000000000
0.000362000000000
0.000375000000000
0.000365000000000
0.000417000000000
0.000391000000000
0.000369000000000
0.000381000000000
0.000392000000000
0.000384000000000
0.000391000000000
0.000386000000000
0.000388000000000
0.000384000000000
0.000400000000000
0.000388000000000
0.000381000000000
0.000468000000000
0.000401000000000
0.000384000000000
0.000393000000000
0.000396000000000
0.000386000000000
0.000370000000000
0.000382000000000
0.000433000000000
0.000612000000000
0.000364000000000
0.000390000000000
0.000661000000000
0.000389000000000
0.000393000000000
0.000379000000000
0.000409000000000
0.000405000000000
0.000390000000000
0.000392000000000
0.000382000000000
0.000386000000000
0.000419000000000
0.000399000000000
0.000397000000000
0.000525000000000
0.000363000000000
0.000386000000000
0.000419000000000
0.000420000000000
0.000393000000000
0.000395000000000
0.000395000000000
0.000395000000000
0.000410000000000
0.000410000000000
0.000459000000000
0.000405000000000
0.000441000000000
0.000398000000000
0.000411000000000
0.000395000000000
0.000410000000000
0.000408000000000
0.000399000000000
0.000398000000000
0.000408000000000
0.000415000000000
0.000380000000000
0.000407000000000
0.000378000000000
0.000387000000000
0.000531000000000
0.000405000000000
0.000400000000000
0.000416000000000
0.000464000000000
0.000675000000000
0.000370000000000
0.000427000000000
0.000436000000000
0.000405000000000
0.000412000000000
0.000423000000000
0.000417000000000
0.000418000000000
0.000573000000000
0.000406000000000
0.000410000000000
0.000416000000000
0.000439000000000
0.000403000000000
0.000437000000000
0.000410000000000
0.000407000000000
0.000416000000000
0.000540000000000
0.000445000000000
0.000427000000000
0.000415000000000
0.000417000000000
0.000413000000000
0.000423000000000
0.000472000000000
0.000428000000000
0.000420000000000
0.000412000000000
0.000431000000000
0.000480000000000
0.000656000000000
0.000422000000000
0.000440000000000
0.000395000000000
0.000639000000000
0.000445000000000
0.000657000000000
0.000689000000000
0.000440000000000
0.000699000000000
0.000396000000000
0.000409000000000
0.000420000000000
0.000423000000000
0.000414000000000
0.000443000000000
0.000410000000000
0.000416000000000
0.000460000000000
0.000512000000000
0.000420000000000
0.000425000000000
0.000422000000000
0.000426000000000
0.000467000000000
0.000410000000000
0.000484000000000
0.000426000000000
0.000427000000000
0.000434000000000
0.000413000000000
0.000432000000000
0.000428000000000
0.000433000000000
0.000428000000000
0.000446000000000
0.000481000000000
0.000426000000000
0.000428000000000
0.000403000000000
0.000408000000000
0.000406000000000
0.000659000000000
0.000461000000000
0.000635000000000
0.000416000000000
0.000410000000000
0.000459000000000
0.000427000000000
0.000440000000000
0.000593000000000
0.000454000000000
0.000442000000000
0.000453000000000
0.000420000000000
0.000442000000000
0.000437000000000
0.000443000000000
0.000441000000000
0.000456000000000
0.000445000000000
0.000488000000000
0.000456000000000
0.000412000000000
0.000437000000000
0.000439000000000
0.000440000000000
0.000518000000000
0.000462000000000
0.000449000000000
0.000442000000000
0.000419000000000
0.000464000000000
0.000501000000000
0.000442000000000
0.000445000000000
0.000445000000000
0.000496000000000
0.000442000000000
0.000539000000000
0.000491000000000
0.000479000000000
0.000698000000000
0.000463000000000
0.000453000000000
0.000437000000000
0.000450000000000
0.000464000000000
0.000497000000000
0.000417000000000
0.000477000000000
0.000473000000000
0.000460000000000
0.000445000000000
0.000444000000000
0.000507000000000
0.000442000000000
0.000468000000000
0.000458000000000
0.000466000000000
0.000454000000000
0.000469000000000
0.000455000000000
0.000456000000000
0.000463000000000
0.000456000000000
0.000540000000000
0.000442000000000
0.000472000000000
0.000459000000000
0.000442000000000
0.000471000000000
0.000511000000000
0.000500000000000
0.000465000000000
0.000423000000000
0.000436000000000
0.000459000000000
0.000448000000000
0.000481000000000
0.000546000000000
0.000469000000000
0.000505000000000
0.000735000000000
0.000476000000000
0.000491000000000
0.000477000000000
0.000504000000000
0.000464000000000
0.000506000000000
0.000626000000000
0.000457000000000
0.000469000000000
0.000466000000000
0.000487000000000
0.000488000000000
0.000471000000000
0.000489000000000
0.000472000000000
0.000502000000000
0.000492000000000
0.000488000000000
0.000468000000000
0.000440000000000
0.000496000000000
0.000537000000000
0.000463000000000
0.000473000000000
0.000468000000000
0.000486000000000
0.000780000000000
0.000478000000000
0.000503000000000
0.000499000000000
0.000447000000000
0.000791000000000
0.000499000000000
0.000463000000000
0.000526000000000
0.000454000000000
0.000483000000000
0.000482000000000
0.000520000000000
0.000491000000000
0.000489000000000
0.000473000000000
0.000497000000000
0.000517000000000
0.000465000000000
0.000499000000000
0.000476000000000
0.000514000000000
0.000505000000000
0.000478000000000
0.000478000000000
0.000485000000000
0.000506000000000
0.000502000000000
0.000493000000000
0.000481000000000
0.000457000000000
0.000528000000000
0.000492000000000
0.000507000000000
0.000490000000000
0.000554000000000
0.000459000000000
0.000481000000000
0.000502000000000
0.000493000000000
0.000480000000000
0.000487000000000
0.000478000000000
0.000678000000000
0.000498000000000
0.000502000000000
0.000468000000000
0.000505000000000
0.000519000000000
0.000470000000000
0.000514000000000
0.000486000000000
0.000572000000000
0.000502000000000
0.000485000000000
0.000488000000000
0.000489000000000
0.000507000000000
0.000511000000000
0.000507000000000
0.000493000000000
0.000505000000000
0.000494000000000
0.000513000000000
0.000486000000000
0.000534000000000
0.000479000000000
0.000523000000000
0.000467000000000
0.000520000000000
0.000708000000000
0.000486000000000
0.000523000000000
0.000504000000000
0.000489000000000
0.000524000000000
0.000503000000000
0.000800000000000
0.000514000000000
0.000500000000000
0.000506000000000
0.000478000000000
0.000521000000000
0.000521000000000
0.000502000000000
0.000470000000000
0.000500000000000
0.000567000000000
0.000512000000000
0.000516000000000
0.000497000000000
0.000522000000000
0.000556000000000
0.000486000000000
0.000495000000000
0.000500000000000
0.000485000000000
0.000622000000000
0.000805000000000
0.000513000000000
0.000497000000000
0.000499000000000
0.000494000000000
0.000623000000000
0.000527000000000
0.000485000000000
0.000545000000000
0.000512000000000
0.000534000000000
0.000499000000000
0.000513000000000
0.000559000000000
0.000506000000000
0.000525000000000
0.000534000000000
0.000508000000000
0.000492000000000
0.000492000000000
0.000559000000000
0.000510000000000
0.000512000000000
0.000511000000000
0.000506000000000
0.000561000000000
0.000512000000000
0.000511000000000
0.000508000000000
0.000533000000000
0.000534000000000
0.000829000000000
0.000835000000000
0.000833000000000
0.000583000000000
0.000686000000000
0.000508000000000
0.000514000000000
0.000899000000000
0.000742000000000
0.000863000000000
0.000503000000000
0.000501000000000
0.000508000000000
0.000491000000000
0.000547000000000
0.000541000000000
0.000516000000000
0.000515000000000
0.000539000000000
0.000562000000000
0.000521000000000
0.000515000000000
0.000522000000000
0.000659000000000
0.000516000000000
0.000539000000000
0.000521000000000
0.000523000000000
0.000542000000000
0.000541000000000
0.000767000000000
0.000819000000000
0.000796000000000
0.000513000000000
0.000572000000000
0.000544000000000
0.000570000000000
0.000575000000000
0.000543000000000
0.000521000000000
0.000846000000000
0.000565000000000
0.000539000000000
0.000528000000000
0.000526000000000
0.000532000000000
0.000626000000000
0.000523000000000
0.000537000000000
0.000523000000000
0.000580000000000
0.000541000000000
0.000542000000000
0.000529000000000
0.000556000000000
0.000526000000000
0.000523000000000
0.000523000000000
0.000599000000000
0.000771000000000
0.000883000000000
0.000596000000000
0.000561000000000
0.000567000000000
0.000555000000000
0.000534000000000
0.000514000000000
0.000731000000000
0.000582000000000
0.000574000000000
0.000548000000000
0.000532000000000
0.000530000000000
0.000568000000000
0.000556000000000
0.000535000000000
0.000529000000000
0.000575000000000
0.000567000000000
0.000560000000000
0.000520000000000
0.000577000000000
0.000551000000000
0.000584000000000
0.000535000000000
0.000552000000000
0.000589000000000
0.000538000000000
0.000580000000000
0.000546000000000
0.000865000000000
0.000564000000000
0.000544000000000
0.000559000000000
0.000556000000000
0.000538000000000
0.000577000000000
0.000571000000000
0.000574000000000
0.000556000000000
0.000538000000000
0.000565000000000
0.000571000000000
0.000528000000000
0.000540000000000
0.000595000000000
0.000603000000000
0.000550000000000
0.000543000000000
0.000584000000000
0.000570000000000
0.000543000000000
0.000552000000000
0.000581000000000
0.000584000000000
0.000535000000000
0.000553000000000
0.000559000000000
0.000645000000000
0.000571000000000
0.000737000000000
0.000773000000000
0.000555000000000
0.000563000000000
0.000585000000000
0.000544000000000
0.000561000000000
0.000593000000000
0.000573000000000
0.000551000000000
0.000557000000000
0.000570000000000
0.000576000000000
0.000536000000000
0.000567000000000
0.000588000000000
0.000581000000000
0.000553000000000
0.000556000000000
0.000597000000000
0.000582000000000
0.000573000000000
0.000588000000000
0.000542000000000
0.000541000000000
0.000590000000000
0.000914000000000
0.000567000000000
0.000738000000000
0.000899000000000
0.000547000000000
0.000573000000000
0.000605000000000
0.000554000000000
0.000566000000000
0.000558000000000
0.000657000000000
0.000545000000000
0.000560000000000
0.000577000000000
0.000707000000000
0.000577000000000
0.000605000000000
0.000566000000000
0.000599000000000
0.000550000000000
0.000859000000000
0.000802000000000
0.000568000000000
0.000573000000000
0.000609000000000
0.000579000000000
0.000775000000000
0.000592000000000
0.000594000000000
0.000581000000000
0.000557000000000
0.000591000000000
0.000579000000000
0.000571000000000
0.000551000000000
0.000666000000000
0.000599000000000
0.000577000000000
0.000591000000000
0.000600000000000
0.000608000000000
0.000611000000000
0.000584000000000
0.000590000000000
0.000586000000000
0.001091000000000
0.000578000000000
0.000571000000000
0.000549000000000
0.000577000000000
0.001145000000000
0.000567000000000
0.000584000000000
0.000582000000000
0.000559000000000
0.000593000000000
0.000585000000000
0.000578000000000
0.000551000000000
0.000864000000000
0.000636000000000
0.000603000000000
0.000565000000000
0.000582000000000
0.000614000000000
0.000592000000000
0.000597000000000
0.000590000000000
0.000610000000000
0.000889000000000
0.000596000000000
0.000589000000000
0.000636000000000
0.000567000000000
0.000608000000000
0.000583000000000
0.000580000000000
0.000589000000000
0.000682000000000
0.000608000000000
0.000599000000000
0.000582000000000
0.000614000000000
0.000586000000000
0.000608000000000
