0.000663000000000
0.000604000000000
0.000680000000000
0.000585000000000
0.000580000000000
0.000587000000000
0.000575000000000
0.000580000000000
0.000567000000000
0.000598000000000
0.000626000000000
0.000620000000000
0.000575000000000
0.000636000000000
0.000563000000000
0.000552000000000
0.000613000000000
0.000585000000000
0.000663000000000
0.000614000000000
0.000609000000000
0.000557000000000
0.000877000000000
0.000768000000000
0.000583000000000
0.000900000000000
0.000594000000000
0.000578000000000
0.000568000000000
0.000614000000000
0.000627000000000
0.000564000000000
0.000560000000000
0.000592000000000
0.000556000000000
0.000571000000000
0.000557000000000
0.000575000000000
0.000602000000000
0.000603000000000
0.000571000000000
0.000870000000000
0.000610000000000
0.000584000000000
0.000622000000000
0.000609000000000
0.000604000000000
0.000576000000000
0.000609000000000
0.000577000000000
0.000915000000000
0.000674000000000
0.000640000000000
0.000775000000000
0.000498000000000
0.000921000000000
0.000904000000000
0.000721000000000
0.000657000000000
0.000589000000000
0.000625000000000
0.000580000000000
0.000592000000000
0.000577000000000
0.000602000000000
0.000555000000000
0.000585000000000
0.000591000000000
0.000593000000000
0.000584000000000
0.000640000000000
0.000545000000000
0.000601000000000
0.000593000000000
0.000580000000000
0.000581000000000
0.000621000000000
0.000528000000000
0.000485000000000
0.000925000000000
0.000678000000000
0.000518000000000
0.000570000000000
0.000580000000000
0.000601000000000
0.000840000000000
0.000785000000000
0.000574000000000
0.000619000000000
0.000587000000000
0.000606000000000
0.000593000000000
0.000633000000000
0.000580000000000
0.000649000000000
0.000591000000000
0.000573000000000
0.000600000000000
0.000610000000000
0.000566000000000
0.000596000000000
0.000621000000000
0.000885000000000
0.000794000000000
0.000476000000000
0.000572000000000
0.000800000000000
0.000871000000000
0.000941000000000
0.000762000000000
0.000633000000000
0.000646000000000
0.000662000000000
0.000593000000000
0.000581000000000
0.000608000000000
0.000623000000000
0.000594000000000
0.000655000000000
0.000647000000000
0.000603000000000
0.000618000000000
0.000586000000000
0.000567000000000
0.000618000000000
0.000587000000000
0.000681000000000
0.000834000000000
0.000718000000000
0.000700000000000
0.000604000000000
0.000802000000000
0.000746000000000
0.000593000000000
0.000612000000000
0.000669000000000
0.000636000000000
0.000655000000000
0.000960000000000
0.000586000000000
0.000603000000000
0.000635000000000
0.000636000000000
0.000605000000000
0.000627000000000
0.000607000000000
0.000607000000000
0.000626000000000
0.000591000000000
0.000619000000000
0.000618000000000
0.000959000000000
0.000652000000000
0.000639000000000
0.000805000000000
0.000533000000000
0.000629000000000
0.000628000000000
0.000579000000000
0.000621000000000
0.000592000000000
0.000644000000000
0.000649000000000
0.000651000000000
0.000653000000000
0.000644000000000
0.000636000000000
0.000609000000000
0.000687000000000
0.000658000000000
0.000621000000000
0.000696000000000
0.000647000000000
0.000617000000000
0.000632000000000
0.000556000000000
0.000710000000000
0.000639000000000
0.000870000000000
0.000616000000000
0.000564000000000
0.000666000000000
0.000609000000000
0.000631000000000
0.000624000000000
0.000603000000000
0.000674000000000
0.000670000000000
0.000617000000000
0.000626000000000
0.000650000000000
0.000638000000000
0.000635000000000
0.000608000000000
0.000610000000000
0.000653000000000
0.000639000000000
0.000962000000000
0.000603000000000
0.000555000000000
0.000954000000000
0.000662000000000
0.000625000000000
0.000962000000000
0.000630000000000
0.000652000000000
0.000678000000000
0.000604000000000
0.000630000000000
0.000663000000000
0.000645000000000
0.000634000000000
0.000649000000000
0.000617000000000
0.000617000000000
0.000645000000000
0.000676000000000
0.000614000000000
0.000663000000000
0.000982000000000
0.000624000000000
0.000557000000000
0.000778000000000
0.000587000000000
0.000534000000000
0.000644000000000
0.000638000000000
0.000655000000000
0.000631000000000
0.000649000000000
0.000679000000000
0.000641000000000
0.000617000000000
0.000654000000000
0.000690000000000
0.000651000000000
0.000664000000000
0.000624000000000
0.000644000000000
0.000660000000000
0.000993000000000
0.000974000000000
0.000564000000000
0.001018000000000
0.000631000000000
0.000813000000000
0.000622000000000
0.000634000000000
0.000678000000000
0.000660000000000
0.000663000000000
0.000656000000000
0.000646000000000
0.000629000000000
0.000672000000000
0.000639000000000
0.000693000000000
0.000717000000000
0.000658000000000
0.000662000000000
0.000689000000000
0.000713000000000
0.000982000000000
0.000902000000000
0.000866000000000
0.000617000000000
0.001015000000000
0.000653000000000
0.000659000000000
0.000649000000000
0.000631000000000
0.000780000000000
0.000659000000000
0.000686000000000
0.000706000000000
0.000633000000000
0.000636000000000
0.000731000000000
0.000643000000000
0.000632000000000
0.000672000000000
0.000649000000000
0.000986000000000
0.000683000000000
0.001061000000000
0.001000000000000
0.001072000000000
0.000652000000000
0.000660000000000
0.000688000000000
0.000683000000000
0.000678000000000
0.000675000000000
0.000673000000000
0.000727000000000
0.000659000000000
0.000653000000000
0.000682000000000
0.000635000000000
0.000688000000000
0.000701000000000
0.000653000000000
0.001018000000000
0.001667000000000
0.001015000000000
0.001042000000000
0.000913000000000
0.000905000000000
0.000641000000000
0.000665000000000
0.000709000000000
0.000645000000000
0.000679000000000
0.000740000000000
0.000658000000000
0.000659000000000
0.000718000000000
0.000646000000000
0.000649000000000
0.000686000000000
0.000642000000000
0.001040000000000
0.000675000000000
0.001009000000000
0.000716000000000
0.000577000000000
0.001036000000000
0.000643000000000
0.000712000000000
0.000753000000000
0.000676000000000
0.000703000000000
0.000696000000000
0.000667000000000
0.000681000000000
0.000671000000000
0.000684000000000
0.000684000000000
0.000657000000000
0.000686000000000
0.000716000000000
0.000810000000000
0.000606000000000
0.001024000000000
0.000931000000000
0.000712000000000
0.000669000000000
0.000681000000000
0.000722000000000
0.000692000000000
0.000761000000000
0.000677000000000
0.000658000000000
0.000696000000000
0.000698000000000
0.000679000000000
0.000742000000000
0.000660000000000
0.000659000000000
0.000702000000000
0.001026000000000
0.000855000000000
0.000674000000000
0.001019000000000
0.001068000000000
0.000702000000000
0.000711000000000
0.000711000000000
0.000755000000000
0.000708000000000
0.000706000000000
0.000672000000000
0.000673000000000
0.000704000000000
0.000725000000000
0.000729000000000
0.000709000000000
0.000676000000000
0.000866000000000
0.000927000000000
0.001044000000000
0.000708000000000
0.000716000000000
0.000693000000000
0.000694000000000
0.000770000000000
0.000710000000000
0.000736000000000
0.000758000000000
0.000708000000000
0.000686000000000
0.000711000000000
0.000725000000000
0.000671000000000
0.000712000000000
0.000672000000000
0.001060000000000
0.001052000000000
0.000737000000000
0.000730000000000
0.000961000000000
0.001077000000000
0.000734000000000
0.000690000000000
0.000755000000000
0.000895000000000
0.000702000000000
0.000709000000000
0.000691000000000
0.000743000000000
0.000700000000000
0.000697000000000
0.000726000000000
0.000678000000000
0.001432000000000
0.000686000000000
0.000877000000000
0.000705000000000
0.000657000000000
0.000696000000000
0.000732000000000
0.000697000000000
0.000717000000000
0.000715000000000
0.001105000000000
0.000776000000000
0.000714000000000
0.000687000000000
0.000674000000000
0.000720000000000
0.000692000000000
0.001106000000000
0.000742000000000
0.000705000000000
0.000637000000000
0.000742000000000
0.000723000000000
0.000729000000000
0.000733000000000
0.000694000000000
0.000706000000000
0.000704000000000
0.000712000000000
0.000698000000000
0.000707000000000
0.000680000000000
0.000718000000000
0.000723000000000
0.000694000000000
0.000686000000000
0.000650000000000
0.000997000000000
0.000859000000000
0.000716000000000
0.000692000000000
0.000763000000000
0.000740000000000
0.000722000000000
0.000739000000000
0.000713000000000
0.000739000000000
0.000702000000000
0.001146000000000
0.000762000000000
0.000689000000000
0.000727000000000
0.001113000000000
0.000713000000000
0.000703000000000
0.000723000000000
0.000967000000000
0.000729000000000
0.000754000000000
0.000740000000000
0.000710000000000
0.000714000000000
0.000771000000000
0.000708000000000
0.000733000000000
0.000721000000000
0.000695000000000
0.000703000000000
0.001143000000000
0.001014000000000
0.000690000000000
0.000728000000000
0.000849000000000
0.000718000000000
0.000766000000000
0.000729000000000
0.000761000000000
0.000722000000000
0.000714000000000
0.000759000000000
0.000726000000000
0.000767000000000
0.000708000000000
0.000716000000000
0.000743000000000
0.000638000000000
0.000655000000000
0.001109000000000
0.000711000000000
0.000726000000000
0.000723000000000
0.000787000000000
0.000752000000000
0.000760000000000
0.000733000000000
0.000717000000000
0.000737000000000
0.000710000000000
0.000790000000000
0.000724000000000
0.000728000000000
0.001129000000000
0.000738000000000
0.001131000000000
0.000717000000000
0.000797000000000
0.000780000000000
0.000785000000000
0.000766000000000
0.000720000000000
0.000766000000000
0.000768000000000
0.000735000000000
0.000731000000000
0.000785000000000
0.000764000000000
0.001040000000000
0.000917000000000
0.001022000000000
0.000777000000000
0.000726000000000
0.000800000000000
0.000715000000000
0.000762000000000
0.000759000000000
0.001066000000000
0.000772000000000
0.000709000000000
0.000789000000000
0.000707000000000
0.000789000000000
0.000779000000000
0.000755000000000
0.000752000000000
0.000649000000000
0.001041000000000
0.000726000000000
0.001113000000000
0.001080000000000
0.000784000000000
0.000737000000000
0.000770000000000
0.000731000000000
0.000796000000000
0.000812000000000
0.000777000000000
0.000752000000000
0.000743000000000
0.001173000000000
0.001170000000000
0.000996000000000
0.000788000000000
0.000773000000000
0.000798000000000
0.000741000000000
0.000797000000000
0.000783000000000
0.000770000000000
0.000742000000000
0.000770000000000
0.000766000000000
0.000787000000000
0.000741000000000
0.000795000000000
0.001172000000000
0.000707000000000
0.001053000000000
0.000733000000000
0.000728000000000
0.000761000000000
0.000799000000000
0.000743000000000
0.000759000000000
0.000788000000000
0.000749000000000
0.000736000000000
0.000776000000000
0.000783000000000
0.000754000000000
0.001179000000000
0.000737000000000
0.000773000000000
0.001167000000000
0.001016000000000
0.000763000000000
0.000799000000000
0.000756000000000
0.000797000000000
0.000759000000000
0.000784000000000
0.000776000000000
0.000805000000000
0.000769000000000
0.000816000000000
0.000732000000000
0.000962000000000
0.001147000000000
0.000731000000000
0.000832000000000
0.000757000000000
0.000831000000000
0.000758000000000
0.000822000000000
0.000748000000000
0.000807000000000
0.000789000000000
0.000783000000000
0.000748000000000
0.000797000000000
0.001056000000000
0.001192000000000
0.001042000000000
0.000935000000000
0.001161000000000
0.000765000000000
0.000798000000000
0.000835000000000
0.000827000000000
0.000824000000000
0.000760000000000
0.000827000000000
0.000802000000000
0.000840000000000
0.000783000000000
0.000704000000000
0.001062000000000
0.000762000000000
0.000784000000000
0.000782000000000
0.000756000000000
0.000807000000000
0.000808000000000
0.000796000000000
0.000762000000000
0.000814000000000
0.000760000000000
0.000783000000000
0.000756000000000
0.000867000000000
0.001046000000000
0.001115000000000
0.000785000000000
0.000991000000000
0.000764000000000
0.000821000000000
0.000781000000000
0.000793000000000
0.000823000000000
0.000819000000000
0.000766000000000
0.000835000000000
0.000752000000000
0.000808000000000
0.001218000000000
0.001037000000000
0.000752000000000
0.000770000000000
0.000824000000000
0.000812000000000
0.000809000000000
0.000824000000000
0.000806000000000
0.000774000000000
0.000810000000000
0.000778000000000
0.000798000000000
0.000803000000000
0.000780000000000
0.001243000000000
0.000919000000000
0.001206000000000
0.000932000000000
0.000785000000000
0.000833000000000
0.000793000000000
0.000819000000000
0.000777000000000
0.000815000000000
0.000773000000000
0.000781000000000
0.000792000000000
0.000680000000000
0.001220000000000
0.000758000000000
0.000845000000000
0.000762000000000
0.000794000000000
0.000804000000000
0.000828000000000
0.000754000000000
0.000842000000000
0.000784000000000
0.000813000000000
0.000779000000000
0.000868000000000
0.000794000000000
0.001102000000000
0.000780000000000
0.001219000000000
0.000856000000000
0.000820000000000
0.001106000000000
0.000807000000000
0.000810000000000
0.000769000000000
0.000784000000000
0.000788000000000
0.000822000000000
0.000835000000000
0.001135000000000
0.001022000000000
0.000787000000000
0.000969000000000
0.000797000000000
0.000827000000000
0.000815000000000
0.000903000000000
0.000861000000000
0.001280000000000
0.000812000000000
0.000822000000000
0.000782000000000
0.000868000000000
0.001219000000000
0.001220000000000
0.000820000000000
0.000801000000000
0.000838000000000
0.000813000000000
0.000811000000000
0.000835000000000
0.000803000000000
0.000842000000000
0.000793000000000
0.000856000000000
0.000787000000000
0.000792000000000
0.001261000000000
0.001094000000000
0.000826000000000
0.000799000000000
0.000831000000000
0.000796000000000
0.000826000000000
0.000825000000000
0.000813000000000
0.000848000000000
0.000819000000000
0.000842000000000
0.001174000000000
0.000740000000000
0.000847000000000
0.000708000000000
0.000904000000000
0.000848000000000
0.000819000000000
0.000831000000000
0.000802000000000
0.000829000000000
0.000797000000000
0.000871000000000
0.000873000000000
0.001174000000000
0.000721000000000
0.000907000000000
0.001260000000000
0.000850000000000
0.000827000000000
0.000829000000000
0.000828000000000
0.000839000000000
0.000894000000000
0.000843000000000
0.000880000000000
0.000841000000000
0.001240000000000
0.001089000000000
0.001204000000000
0.000801000000000
0.000827000000000
0.000882000000000
0.000907000000000
0.000910000000000
0.000824000000000
0.000842000000000
0.000822000000000
0.000865000000000
0.000822000000000
0.001138000000000
0.001234000000000
0.000772000000000
0.001308000000000
0.000827000000000
0.000866000000000
0.000883000000000
0.000836000000000
0.000916000000000
0.000852000000000
0.000825000000000
0.000849000000000
0.000849000000000
0.001316000000000
0.001292000000000
0.000825000000000
0.000895000000000
0.001005000000000
0.000929000000000
0.000908000000000
0.000864000000000
0.000858000000000
0.000827000000000
0.000866000000000
0.000833000000000
0.000895000000000
0.001286000000000
0.001150000000000
0.001289000000000
0.001162000000000
0.000887000000000
0.000852000000000
0.000836000000000
0.000925000000000
0.000871000000000
0.000884000000000
0.000834000000000
0.000848000000000
0.000808000000000
0.001320000000000
0.000838000000000
0.000855000000000
0.000876000000000
0.001178000000000
0.000844000000000
0.000897000000000
0.000849000000000
0.000925000000000
0.000892000000000
0.000890000000000
0.000882000000000
0.001328000000000
0.000791000000000
0.001162000000000
0.000910000000000
0.000863000000000
0.000843000000000
0.000897000000000
0.000833000000000
0.000852000000000
0.000846000000000
0.000900000000000
0.000863000000000
0.000854000000000
0.000883000000000
0.000763000000000
0.001178000000000
0.001327000000000
0.000871000000000
0.000922000000000
0.000840000000000
0.000873000000000
0.000863000000000
0.000877000000000
0.000852000000000
0.000874000000000
0.000877000000000
0.001066000000000
0.001238000000000
0.000885000000000
0.000836000000000
0.000882000000000
0.000852000000000
0.000927000000000
0.000839000000000
0.000923000000000
0.000833000000000
0.000922000000000
0.000854000000000
0.001328000000000
0.001336000000000
0.001359000000000
0.001338000000000
0.000946000000000
0.000875000000000
0.000870000000000
0.000891000000000
0.000951000000000
0.000866000000000
0.000893000000000
0.000854000000000
0.001319000000000
0.001174000000000
0.001360000000000
0.000848000000000
0.000883000000000
0.000859000000000
0.000947000000000
0.000876000000000
0.000855000000000
0.000865000000000
0.000940000000000
0.000938000000000
0.000867000000000
0.001381000000000
0.001319000000000
0.000774000000000
0.000847000000000
0.000902000000000
0.000867000000000
0.000869000000000
0.000906000000000
0.000891000000000
0.000865000000000
0.000884000000000
0.000864000000000
0.000887000000000
0.001326000000000
0.000952000000000
0.000896000000000
0.000901000000000
0.000866000000000
0.000902000000000
0.000889000000000
0.000898000000000
0.000881000000000
0.000901000000000
0.000872000000000
0.000945000000000
0.000925000000000
0.000925000000000
0.000874000000000
0.000882000000000
0.000914000000000
0.000903000000000
0.000875000000000
0.000913000000000
0.001233000000000
0.000947000000000
0.000877000000000
0.001375000000000
0.001141000000000
0.000897000000000
0.000947000000000
0.000923000000000
0.000875000000000
0.000976000000000
0.000898000000000
0.000909000000000
0.000867000000000
0.001389000000000
0.000901000000000
0.001349000000000
0.000919000000000
0.000913000000000
0.000936000000000
0.000878000000000
0.000906000000000
0.000873000000000
0.000894000000000
0.000920000000000
0.000889000000000
0.000913000000000
0.000886000000000
0.001367000000000
0.000884000000000
0.000895000000000
0.000894000000000
0.000900000000000
0.000942000000000
0.000908000000000
0.000895000000000
0.000911000000000
0.000865000000000
0.000914000000000
0.000887000000000
0.001351000000000
0.001363000000000
0.001225000000000
0.000899000000000
0.000908000000000
0.000883000000000
0.000894000000000
0.000885000000000
0.000947000000000
0.000876000000000
0.001396000000000
0.001377000000000
0.000915000000000
0.000981000000000
0.000876000000000
0.000940000000000
0.000917000000000
0.000960000000000
0.000933000000000
0.000979000000000
0.000916000000000
0.001373000000000
0.000901000000000
0.001360000000000
0.000885000000000
0.000877000000000
0.000964000000000
0.000906000000000
0.000977000000000
0.000855000000000
0.000949000000000
0.000894000000000
0.000888000000000
0.000910000000000
0.001205000000000
0.000907000000000
0.000963000000000
0.000951000000000
0.000918000000000
0.000974000000000
0.000933000000000
0.000906000000000
0.000947000000000
0.000917000000000
0.000847000000000
0.001234000000000
0.001294000000000
0.001284000000000
0.000938000000000
0.000988000000000
0.000959000000000
0.000974000000000
0.000920000000000
0.000952000000000
0.000964000000000
0.001438000000000
0.001328000000000
0.001454000000000
0.000972000000000
0.000986000000000
0.001400000000000
0.000935000000000
0.000968000000000
0.000927000000000
0.000970000000000
0.000930000000000
0.001355000000000
0.001445000000000
0.001293000000000
0.000862000000000
0.000952000000000
0.001011000000000
0.000971000000000
0.000978000000000
0.000973000000000
0.000960000000000
0.000946000000000
0.001001000000000
0.000902000000000
0.001194000000000
0.001316000000000
0.000975000000000
0.001004000000000
0.000945000000000
0.000974000000000
0.001045000000000
0.000929000000000
0.000941000000000
0.000975000000000
0.001280000000000
0.001011000000000
0.001215000000000
0.000950000000000
0.001032000000000
0.000959000000000
0.000952000000000
0.000973000000000
0.000955000000000
0.000996000000000
0.000996000000000
0.001467000000000
0.001447000000000
0.001496000000000
0.001048000000000
0.000940000000000
0.001001000000000
0.000953000000000
0.000968000000000
0.000937000000000
0.000981000000000
0.000984000000000
0.001460000000000
0.000989000000000
0.001486000000000
0.000990000000000
0.000941000000000
0.000989000000000
0.000943000000000
0.000975000000000
0.000949000000000
0.000974000000000
0.000948000000000
0.001020000000000
0.001470000000000
0.001326000000000
0.000957000000000
0.000963000000000
0.001008000000000
0.000947000000000
0.001009000000000
0.000993000000000
0.000989000000000
0.001027000000000
0.001413000000000
0.001018000000000
0.001000000000000
0.000956000000000
0.001122000000000
0.001015000000000
0.001615000000000
0.000957000000000
0.001009000000000
0.001008000000000
0.001517000000000
0.001490000000000
0.001368000000000
0.001011000000000
0.000958000000000
0.001038000000000
0.000968000000000
0.000977000000000
0.000948000000000
0.001008000000000
0.000954000000000
0.002073000000000
0.001280000000000
0.001500000000000
0.001021000000000
0.000971000000000
0.000983000000000
0.000997000000000
0.000957000000000
0.000985000000000
0.000993000000000
0.001001000000000
0.000960000000000
0.001474000000000
0.001403000000000
0.001082000000000
0.001029000000000
0.001089000000000
0.000963000000000
0.000997000000000
0.000998000000000
0.001013000000000
0.001478000000000
0.000995000000000
0.001522000000000
0.001513000000000
0.001037000000000
0.001551000000000
0.000993000000000
0.001031000000000
0.001007000000000
0.000955000000000
0.001013000000000
0.000937000000000
0.001515000000000
0.001092000000000
0.000985000000000
0.001007000000000
0.000958000000000
0.000989000000000
0.001033000000000
0.001060000000000
0.001010000000000
0.001005000000000
0.001589000000000
0.000920000000000
0.001052000000000
0.001013000000000
0.000970000000000
0.001004000000000
0.001029000000000
0.001106000000000
0.001030000000000
0.001418000000000
0.001500000000000
0.001426000000000
0.001024000000000
0.000976000000000
0.001103000000000
0.000998000000000
0.001070000000000
0.000969000000000
0.001040000000000
0.000966000000000
0.001080000000000
0.001451000000000
0.001531000000000
0.001555000000000
0.001198000000000
0.001032000000000
0.001002000000000
0.001006000000000
0.001071000000000
0.001018000000000
0.001529000000000
0.001413000000000
0.001338000000000
0.001049000000000
0.001051000000000
0.001009000000000
0.001067000000000
0.000994000000000
0.001000000000000
0.001001000000000
0.001043000000000
0.001316000000000
0.001343000000000
0.001539000000000
0.000989000000000
0.000997000000000
0.001024000000000
0.001005000000000
0.001010000000000
0.001025000000000
0.001047000000000
0.000987000000000
0.001474000000000
0.001018000000000
0.001086000000000
0.001004000000000
0.001020000000000
0.000992000000000
0.000977000000000
0.001078000000000
0.001010000000000
0.001021000000000
0.001557000000000
0.000983000000000
0.001438000000000
0.001298000000000
0.001539000000000
0.001062000000000
0.001003000000000
0.001024000000000
0.001375000000000
0.001404000000000
0.001424000000000
0.000985000000000
0.001074000000000
0.001014000000000
0.001044000000000
0.001128000000000
0.001026000000000
0.000984000000000
0.001039000000000
0.000996000000000
0.001601000000000
0.001526000000000
0.001075000000000
0.000969000000000
0.001010000000000
0.001036000000000
0.001049000000000
0.001033000000000
0.000998000000000
0.001453000000000
0.001009000000000
0.000978000000000
0.001029000000000
0.000996000000000
0.001033000000000
0.001012000000000
0.001019000000000
0.001014000000000
0.001126000000000
0.001010000000000
0.001393000000000
0.001422000000000
0.001059000000000
0.001051000000000
0.001022000000000
0.001054000000000
0.000992000000000
0.001572000000000
0.001466000000000
0.001562000000000
0.001024000000000
0.001000000000000
0.001087000000000
0.001069000000000
0.001052000000000
0.001027000000000
0.001015000000000
0.001013000000000
0.001073000000000
0.001067000000000
0.001048000000000
0.001555000000000
0.001060000000000
0.001046000000000
0.001064000000000
0.001003000000000
0.001611000000000
0.001034000000000
0.001565000000000
0.000950000000000
0.001672000000000
0.001036000000000
0.001114000000000
0.001061000000000
0.001103000000000
0.001056000000000
0.001009000000000
0.001045000000000
0.001008000000000
0.001002000000000
0.001446000000000
0.001032000000000
0.001083000000000
0.001091000000000
0.001082000000000
0.001005000000000
0.001084000000000
0.001009000000000
0.001188000000000
0.001085000000000
0.001332000000000
0.001024000000000
0.001065000000000
0.001047000000000
0.001037000000000
0.001061000000000
0.001066000000000
0.001024000000000
0.001066000000000
0.001476000000000
0.001578000000000
0.001016000000000
0.001094000000000
0.001020000000000
0.001107000000000
0.001043000000000
0.001130000000000
0.001029000000000
0.000953000000000
0.001113000000000
0.001032000000000
0.001078000000000
0.001028000000000
0.001035000000000
0.001039000000000
0.001102000000000
0.001069000000000
0.001522000000000
0.001474000000000
0.001069000000000
0.001439000000000
0.001454000000000
0.001058000000000
0.001096000000000
0.001036000000000
0.001070000000000
0.001033000000000
0.001033000000000
0.000972000000000
0.001594000000000
0.001078000000000
0.001073000000000
0.001067000000000
0.001036000000000
0.001086000000000
0.001096000000000
0.001082000000000
0.001442000000000
0.001133000000000
0.001034000000000
0.001055000000000
0.001034000000000
0.001128000000000
0.001059000000000
0.001071000000000
0.001067000000000
0.001624000000000
0.001585000000000
0.001524000000000
0.001062000000000
0.001085000000000
0.001063000000000
0.001513000000000
0.001048000000000
0.001076000000000
0.001540000000000
0.001135000000000
0.001607000000000
0.001083000000000
0.001069000000000
0.001049000000000
0.001070000000000
0.001100000000000
0.001066000000000
0.001016000000000
0.001598000000000
0.001494000000000
0.001298000000000
0.001051000000000
0.001063000000000
0.001048000000000
0.001162000000000
0.001037000000000
0.001069000000000
0.001074000000000
0.001058000000000
0.001598000000000
0.001103000000000
0.001053000000000
0.001126000000000
0.001287000000000
0.001054000000000
0.001374000000000
0.001096000000000
0.001114000000000
0.001141000000000
0.001614000000000
0.001058000000000
0.001059000000000
0.001053000000000
0.001074000000000
0.001040000000000
0.001141000000000
0.001544000000000
0.001339000000000
0.001662000000000
0.001136000000000
0.001072000000000
0.001077000000000
0.001052000000000
0.001069000000000
0.001020000000000
0.001474000000000
0.001088000000000
0.001139000000000
0.001056000000000
0.001127000000000
0.001065000000000
0.001086000000000
0.001173000000000
0.001127000000000
0.001615000000000
0.001466000000000
0.001527000000000
0.001079000000000
0.001656000000000
0.001067000000000
0.001098000000000
0.001083000000000
0.001074000000000
0.001350000000000
0.000980000000000
0.001144000000000
0.001087000000000
0.001075000000000
0.001099000000000
0.001127000000000
0.001058000000000
0.001062000000000
0.001060000000000
0.001651000000000
0.001459000000000
0.001110000000000
0.001078000000000
0.001585000000000
0.001107000000000
0.001081000000000
0.001086000000000
0.001128000000000
0.001046000000000
0.001389000000000
0.001631000000000
0.001137000000000
0.001086000000000
0.001096000000000
0.001056000000000
0.001125000000000
0.001074000000000
0.001703000000000
0.001442000000000
0.001102000000000
0.001080000000000
0.001072000000000
0.001120000000000
0.001082000000000
0.001109000000000
0.001140000000000
0.001091000000000
0.001693000000000
0.001557000000000
0.001641000000000
0.001198000000000
0.001122000000000
0.001159000000000
0.001104000000000
0.001087000000000
0.001414000000000
0.001677000000000
0.001103000000000
0.001064000000000
0.001116000000000
0.001079000000000
0.001111000000000
0.001068000000000
0.001105000000000
0.001075000000000
0.001140000000000
0.001647000000000
0.001657000000000
0.001134000000000
0.001554000000000
0.001099000000000
0.001068000000000
0.001103000000000
0.001004000000000
0.001095000000000
0.001084000000000
0.001164000000000
0.001069000000000
0.001083000000000
0.001167000000000
0.001114000000000
0.001068000000000
0.001176000000000
0.001660000000000
0.001110000000000
0.001250000000000
0.001673000000000
0.001713000000000
0.001083000000000
0.001155000000000
0.001136000000000
0.001485000000000
0.001121000000000
0.001170000000000
0.001168000000000
0.001102000000000
0.001173000000000
0.001091000000000
0.001115000000000
0.001159000000000
0.001141000000000
0.001570000000000
0.001479000000000
0.001596000000000
0.001103000000000
0.001121000000000
0.001120000000000
0.001097000000000
0.001238000000000
0.001388000000000
0.001160000000000
0.001179000000000
0.001131000000000
0.001094000000000
0.001129000000000
0.001095000000000
0.001113000000000
0.001120000000000
0.001131000000000
0.001709000000000
0.001055000000000
0.001097000000000
0.001127000000000
0.001113000000000
0.001146000000000
0.001088000000000
0.001163000000000
0.001543000000000
0.001168000000000
0.001207000000000
0.001080000000000
0.001120000000000
0.001112000000000
0.001157000000000
0.001098000000000
0.001129000000000
0.001610000000000
0.001123000000000
0.001191000000000
0.001141000000000
0.001190000000000
0.001129000000000
0.001085000000000
0.001129000000000
0.001677000000000
0.001696000000000
0.001028000000000
0.001074000000000
0.001586000000000
0.001164000000000
0.001087000000000
0.001139000000000
0.001172000000000
0.001097000000000
0.001681000000000
0.001132000000000
0.001143000000000
0.001157000000000
0.001127000000000
0.001150000000000
0.001116000000000
0.001140000000000
0.001761000000000
0.001456000000000
0.001552000000000
0.001170000000000
0.001129000000000
0.001116000000000
0.001097000000000
0.001079000000000
0.001141000000000
0.001611000000000
0.001160000000000
0.001127000000000
0.001082000000000
0.001112000000000
0.001120000000000
0.001137000000000
0.001176000000000
0.001560000000000
0.001027000000000
0.001089000000000
0.001065000000000
0.001119000000000
0.001097000000000
0.001144000000000
0.001095000000000
0.001667000000000
0.001560000000000
0.001124000000000
0.001080000000000
0.001131000000000
0.001086000000000
0.001094000000000
0.001128000000000
0.001093000000000
0.001475000000000
0.001529000000000
0.001146000000000
0.001113000000000
0.001114000000000
0.001144000000000
0.001132000000000
0.001082000000000
0.001102000000000
0.001117000000000
0.001122000000000
0.001120000000000
0.001108000000000
0.001095000000000
0.001133000000000
0.001128000000000
0.001108000000000
0.001098000000000
0.001550000000000
0.001576000000000
0.001043000000000
0.001126000000000
0.001161000000000
0.001151000000000
0.001111000000000
0.001156000000000
0.001507000000000
0.001103000000000
0.001107000000000
0.001119000000000
0.001117000000000
0.001120000000000
0.001095000000000
0.001097000000000
0.001384000000000
0.001539000000000
0.001081000000000
0.001144000000000
0.001116000000000
0.001113000000000
0.001110000000000
0.001157000000000
0.001110000000000
0.001554000000000
0.001009000000000
0.001125000000000
0.001099000000000
0.001174000000000
0.001123000000000
0.001112000000000
0.001148000000000
0.001002000000000
0.001127000000000
0.001101000000000
0.001121000000000
0.001117000000000
0.001130000000000
0.001160000000000
0.001152000000000
0.001697000000000
0.001524000000000
0.001721000000000
0.001128000000000
0.001099000000000
0.001192000000000
0.001128000000000
0.001108000000000
0.001421000000000
0.001709000000000
0.001126000000000
0.001103000000000
0.001118000000000
0.001124000000000
0.001112000000000
0.001110000000000
0.001140000000000
0.001454000000000
0.001609000000000
0.001510000000000
0.001106000000000
0.001200000000000
0.001189000000000
0.001129000000000
0.001122000000000
0.001611000000000
0.001730000000000
0.001544000000000
0.001134000000000
0.001751000000000
0.001124000000000
0.001138000000000
0.001139000000000
0.001148000000000
0.001709000000000
0.001104000000000
0.001058000000000
0.001132000000000
0.001101000000000
0.001121000000000
0.001191000000000
0.001145000000000
0.001020000000000
0.001174000000000
0.001139000000000
0.001130000000000
0.001149000000000
0.001135000000000
0.001247000000000
0.001198000000000
0.001718000000000
0.001619000000000
0.001104000000000
0.001197000000000
0.001133000000000
0.001127000000000
0.001115000000000
0.001114000000000
0.001560000000000
0.001569000000000
0.001200000000000
0.001146000000000
0.001126000000000
0.001136000000000
0.001104000000000
0.001139000000000
0.001089000000000
0.001108000000000
0.001111000000000
0.001151000000000
0.001157000000000
0.001169000000000
0.001145000000000
0.001153000000000
0.001601000000000
0.001764000000000
0.001580000000000
0.001171000000000
0.001140000000000
0.001133000000000
0.001120000000000
0.001163000000000
0.001739000000000
0.001148000000000
0.001119000000000
0.001125000000000
0.001143000000000
0.001123000000000
0.001142000000000
0.001133000000000
0.001280000000000
0.001054000000000
0.001597000000000
0.001191000000000
0.001185000000000
0.001131000000000
0.001130000000000
0.001165000000000
0.001793000000000
0.001155000000000
0.001128000000000
0.001153000000000
0.001146000000000
0.001139000000000
0.001180000000000
0.001135000000000
0.001770000000000
0.001463000000000
0.001723000000000
0.001175000000000
0.001190000000000
0.001153000000000
0.001142000000000
0.001752000000000
0.001729000000000
0.001158000000000
0.001174000000000
0.001158000000000
0.001155000000000
0.001161000000000
0.001162000000000
0.001149000000000
0.001083000000000
0.001597000000000
0.001113000000000
0.001165000000000
0.001218000000000
0.001151000000000
0.001165000000000
0.001222000000000
0.001736000000000
0.001199000000000
0.001288000000000
0.001133000000000
0.001191000000000
0.001178000000000
0.001168000000000
0.001211000000000
0.001223000000000
0.001266000000000
0.001147000000000
0.001195000000000
0.001156000000000
0.001215000000000
0.001181000000000
0.001197000000000
0.001627000000000
0.001223000000000
0.001231000000000
0.001199000000000
0.001211000000000
0.001154000000000
0.001226000000000
0.001757000000000
0.001627000000000
0.001229000000000
0.001164000000000
0.001797000000000
0.001161000000000
0.001152000000000
0.001156000000000
0.001791000000000
0.001201000000000
0.001169000000000
0.001174000000000
0.001238000000000
0.001210000000000
0.001197000000000
0.001773000000000
0.001227000000000
0.001270000000000
0.001169000000000
0.001220000000000
0.001177000000000
0.001161000000000
0.001299000000000
0.001722000000000
0.001117000000000
0.001691000000000
0.001165000000000
0.001186000000000
0.001198000000000
0.001193000000000
0.001171000000000
0.001167000000000
0.001566000000000
0.001193000000000
0.001189000000000
0.001228000000000
0.001183000000000
0.001198000000000
0.001173000000000
0.001714000000000
0.001188000000000
0.001236000000000
0.001207000000000
0.001187000000000
0.001191000000000
0.001168000000000
0.001789000000000
0.001228000000000
0.001178000000000
0.001232000000000
0.001286000000000
0.001259000000000
0.001176000000000
0.001181000000000
0.001223000000000
0.001796000000000
0.001183000000000
0.001167000000000
0.001243000000000
0.001190000000000
0.001189000000000
0.001683000000000
0.001549000000000
0.001802000000000
0.001201000000000
0.001228000000000
0.001199000000000
0.001234000000000
0.001198000000000
0.001509000000000
0.001811000000000
0.001213000000000
0.001191000000000
0.001221000000000
0.001242000000000
0.001179000000000
0.001206000000000
0.001200000000000
0.001195000000000
0.001187000000000
0.001297000000000
0.001838000000000
0.001197000000000
0.001187000000000
0.001811000000000
0.001229000000000
0.001651000000000
0.001165000000000
0.001247000000000
0.001206000000000
0.001198000000000
0.001190000000000
0.001845000000000
0.001601000000000
0.001215000000000
0.001206000000000
0.001309000000000
0.001186000000000
0.001215000000000
0.001258000000000
0.001712000000000
0.001133000000000
0.001251000000000
0.001219000000000
0.001259000000000
0.001183000000000
0.001229000000000
0.001829000000000
0.001290000000000
0.001292000000000
0.001192000000000
0.001383000000000
0.001207000000000
0.001277000000000
0.001264000000000
0.001124000000000
0.001212000000000
0.001256000000000
0.001245000000000
0.001260000000000
0.001249000000000
0.001249000000000
0.001107000000000
0.001683000000000
0.001205000000000
0.001226000000000
0.001223000000000
0.001219000000000
0.001262000000000
0.001854000000000
0.001632000000000
0.001192000000000
0.001237000000000
0.001352000000000
0.001221000000000
0.001228000000000
0.001272000000000
0.001842000000000
0.001290000000000
0.001282000000000
0.001220000000000
0.001262000000000
0.001218000000000
0.001325000000000
0.001284000000000
0.001274000000000
0.001257000000000
0.001215000000000
0.001227000000000
0.001202000000000
0.001253000000000
0.001700000000000
0.001641000000000
0.001252000000000
0.001198000000000
0.001242000000000
0.001211000000000
0.001175000000000
0.001224000000000
0.001728000000000
0.001875000000000
0.001229000000000
0.001229000000000
0.001210000000000
0.001263000000000
0.001281000000000
0.001477000000000
0.001849000000000
0.001280000000000
0.001213000000000
0.001237000000000
0.001283000000000
0.001237000000000
0.001219000000000
0.001882000000000
0.001239000000000
0.001190000000000
0.001216000000000
0.001236000000000
0.001222000000000
0.001232000000000
0.001247000000000
0.001721000000000
0.001281000000000
0.001265000000000
0.001218000000000
0.001251000000000
0.001217000000000
0.001778000000000
0.001913000000000
0.001743000000000
0.001233000000000
0.001295000000000
0.001282000000000
0.001234000000000
0.001225000000000
0.001887000000000
0.001506000000000
0.001234000000000
0.001281000000000
0.001246000000000
0.001229000000000
0.001237000000000
0.001868000000000
0.001691000000000
0.001219000000000
0.001221000000000
0.001295000000000
0.001283000000000
0.001243000000000
0.001742000000000
0.001888000000000
0.001244000000000
0.001252000000000
0.001307000000000
0.001236000000000
0.001803000000000
0.001951000000000
0.001642000000000
0.001253000000000
0.001249000000000
0.001236000000000
0.001245000000000
0.001231000000000
0.001186000000000
0.001908000000000
0.001789000000000
0.001251000000000
0.001307000000000
0.001241000000000
0.001266000000000
0.001237000000000
0.001738000000000
0.001255000000000
0.001889000000000
0.001263000000000
0.001250000000000
0.001293000000000
0.001265000000000
0.001235000000000
0.001485000000000
0.001274000000000
0.001291000000000
0.001296000000000
0.001250000000000
0.001258000000000
0.001302000000000
0.001660000000000
0.001902000000000
0.001892000000000
0.001750000000000
0.001247000000000
0.001270000000000
0.001280000000000
0.001265000000000
0.001265000000000
0.001254000000000
0.001282000000000
0.001336000000000
0.001316000000000
0.001261000000000
0.001266000000000
0.001287000000000
0.001287000000000
0.001306000000000
0.001378000000000
0.001286000000000
0.001635000000000
0.001302000000000
0.001921000000000
0.001264000000000
0.001328000000000
0.001371000000000
0.001267000000000
0.001304000000000
0.001776000000000
0.001908000000000
0.001888000000000
0.001277000000000
0.001242000000000
0.001303000000000
0.001947000000000
0.001258000000000
0.001413000000000
0.001260000000000
0.001290000000000
0.001272000000000
0.001290000000000
0.001284000000000
0.001313000000000
0.001220000000000
0.001291000000000
0.001343000000000
0.001250000000000
0.001344000000000
0.001310000000000
0.001641000000000
0.001278000000000
0.001300000000000
0.001263000000000
0.001316000000000
0.001311000000000
0.001377000000000
0.001855000000000
0.001867000000000
0.001252000000000
0.001366000000000
0.001321000000000
0.001273000000000
0.001319000000000
0.001274000000000
0.001259000000000
0.001333000000000
0.001260000000000
0.001317000000000
0.001353000000000
0.001340000000000
0.001350000000000
0.001776000000000
0.001884000000000
0.001275000000000
0.001358000000000
0.001311000000000
0.001320000000000
0.001790000000000
0.001291000000000
0.001360000000000
0.001267000000000
0.001289000000000
0.001249000000000
0.001288000000000
0.001980000000000
0.001157000000000
0.001274000000000
0.001272000000000
0.001262000000000
0.001288000000000
0.001297000000000
0.001216000000000
0.001270000000000
0.001289000000000
0.001343000000000
0.001278000000000
0.001304000000000
0.001410000000000
0.001838000000000
0.001714000000000
0.001374000000000
0.001326000000000
0.001272000000000
0.001259000000000
0.001359000000000
0.001945000000000
0.001407000000000
0.001331000000000
0.001322000000000
0.001320000000000
0.001282000000000
0.001839000000000
0.001700000000000
0.001290000000000
0.001334000000000
0.001376000000000
0.001306000000000
0.001362000000000
0.001937000000000
0.001225000000000
0.001269000000000
0.001290000000000
0.001303000000000
0.001313000000000
0.001283000000000
0.001282000000000
0.001808000000000
0.001317000000000
0.001280000000000
0.001320000000000
0.001262000000000
0.001294000000000
0.001858000000000
0.001286000000000
0.001324000000000
0.001296000000000
0.001267000000000
0.001311000000000
0.001264000000000
0.001214000000000
0.001246000000000
0.001345000000000
0.001304000000000
0.001344000000000
0.001247000000000
0.002007000000000
0.001190000000000
0.001412000000000
0.001306000000000
0.001445000000000
0.001305000000000
0.001311000000000
0.001275000000000
0.001312000000000
0.001311000000000
0.001293000000000
0.001332000000000
0.001338000000000
0.001298000000000
0.001315000000000
0.001291000000000
0.001298000000000
0.001306000000000
0.001318000000000
0.001371000000000
0.001367000000000
0.001991000000000
0.001343000000000
0.001395000000000
0.001290000000000
0.001291000000000
0.001304000000000
0.001289000000000
0.001991000000000
0.001357000000000
0.001390000000000
0.001296000000000
0.001321000000000
0.001350000000000
0.002040000000000
0.001864000000000
0.001245000000000
0.001310000000000
0.001437000000000
0.001307000000000
0.001314000000000
0.001838000000000
0.001994000000000
0.001327000000000
0.001288000000000
0.001299000000000
0.001288000000000
0.001278000000000
0.001970000000000
0.001303000000000
0.001321000000000
0.001299000000000
0.001320000000000
0.001325000000000
0.001403000000000
0.001988000000000
0.001972000000000
0.001331000000000
0.001289000000000
0.001400000000000
0.001368000000000
0.001370000000000
0.002019000000000
0.001302000000000
0.001345000000000
0.001342000000000
0.001323000000000
0.002000000000000
0.001864000000000
0.001355000000000
0.001366000000000
0.001374000000000
0.001364000000000
0.001325000000000
0.001319000000000
0.001918000000000
0.001413000000000
0.001324000000000
0.001289000000000
0.001341000000000
0.001393000000000
0.001994000000000
0.001354000000000
0.001304000000000
0.001330000000000
0.001318000000000
0.001308000000000
0.001360000000000
0.002036000000000
0.001875000000000
0.001362000000000
0.001357000000000
0.001322000000000
0.001302000000000
0.002018000000000
0.001865000000000
0.001416000000000
0.001353000000000
0.001397000000000
0.001413000000000
0.001397000000000
0.001894000000000
0.001371000000000
0.001314000000000
0.001356000000000
0.001320000000000
0.001320000000000
0.001361000000000
0.001376000000000
0.002033000000000
0.001338000000000
0.001398000000000
0.001370000000000
0.002042000000000
0.002018000000000
0.001332000000000
0.001393000000000
0.001339000000000
0.001401000000000
0.001395000000000
0.002043000000000
0.002069000000000
0.001399000000000
0.001388000000000
0.001460000000000
0.001325000000000
0.001322000000000
0.001942000000000
0.001327000000000
0.001497000000000
0.001317000000000
0.001408000000000
0.001352000000000
0.002025000000000
0.001270000000000
0.001343000000000
0.001269000000000
0.001313000000000
0.001410000000000
0.001315000000000
0.001366000000000
0.001352000000000
0.001422000000000
0.001338000000000
0.001427000000000
0.001318000000000
0.001346000000000
0.001888000000000
0.001318000000000
0.001382000000000
0.001346000000000
0.001352000000000
0.001895000000000
0.001870000000000
0.001389000000000
0.001389000000000
0.001343000000000
0.001362000000000
0.001427000000000
0.001604000000000
0.001279000000000
0.001297000000000
0.001376000000000
0.001350000000000
0.001349000000000
0.001996000000000
0.001430000000000
0.001311000000000
0.001347000000000
0.002064000000000
0.001437000000000
0.001462000000000
0.001921000000000
0.001339000000000
0.001380000000000
0.001365000000000
0.001393000000000
0.001403000000000
0.001810000000000
0.001323000000000
0.001387000000000
0.001970000000000
0.001379000000000
0.001421000000000
0.001368000000000
0.001291000000000
0.001374000000000
0.001352000000000
0.001461000000000
0.001409000000000
0.001346000000000
0.001820000000000
0.001374000000000
0.001427000000000
0.001446000000000
0.001418000000000
0.001424000000000
0.001441000000000
0.002063000000000
0.001343000000000
0.001331000000000
0.001418000000000
0.001466000000000
0.001446000000000
0.001967000000000
0.001387000000000
0.001338000000000
0.001436000000000
0.001424000000000
0.001411000000000
0.001853000000000
0.001360000000000
0.001348000000000
0.001446000000000
0.001475000000000
0.001350000000000
0.001375000000000
0.002063000000000
0.001352000000000
0.001398000000000
0.001370000000000
0.001343000000000
0.001347000000000
0.002060000000000
0.001832000000000
0.001392000000000
0.002086000000000
0.001384000000000
0.001345000000000
0.002064000000000
0.001341000000000
0.001452000000000
0.001404000000000
0.001442000000000
0.001442000000000
0.001479000000000
0.001948000000000
0.001377000000000
0.001452000000000
0.001481000000000
0.001358000000000
0.001430000000000
0.001468000000000
0.001963000000000
0.001414000000000
0.001382000000000
0.001457000000000
0.001430000000000
0.001367000000000
0.001446000000000
0.001489000000000
0.001504000000000
0.001425000000000
0.001421000000000
0.002105000000000
0.002167000000000
0.001381000000000
0.001373000000000
0.001466000000000
0.001482000000000
0.001297000000000
0.001429000000000
0.002094000000000
0.001450000000000
0.001440000000000
0.001386000000000
0.001401000000000
0.001972000000000
0.001405000000000
0.002047000000000
0.001404000000000
0.001439000000000
0.001411000000000
0.002075000000000
0.001538000000000
0.001435000000000
0.001464000000000
0.001426000000000
0.001377000000000
0.001438000000000
0.002107000000000
0.001370000000000
0.001480000000000
0.001414000000000
0.001385000000000
0.001464000000000
0.001943000000000
0.001285000000000
0.001402000000000
0.001416000000000
0.001446000000000
0.001438000000000
0.001925000000000
0.001391000000000
0.001406000000000
0.001457000000000
0.001409000000000
0.001450000000000
0.002104000000000
0.001387000000000
0.001423000000000
0.001508000000000
0.002002000000000
0.001451000000000
0.001943000000000
0.001408000000000
0.001439000000000
0.001466000000000
0.001431000000000
0.001475000000000
0.001459000000000
0.001298000000000
0.001392000000000
0.002050000000000
0.001475000000000
0.001414000000000
0.001472000000000
0.002140000000000
0.002134000000000
0.001423000000000
0.002032000000000
0.001467000000000
0.001987000000000
0.001409000000000
0.001485000000000
0.001434000000000
0.001511000000000
0.001478000000000
0.001497000000000
0.001403000000000
0.002005000000000
0.001449000000000
0.001451000000000
0.001513000000000
0.001481000000000
0.001380000000000
0.001441000000000
0.001473000000000
0.001475000000000
0.001488000000000
0.001492000000000
0.001963000000000
0.001450000000000
0.001486000000000
0.001456000000000
0.001472000000000
0.001478000000000
0.002103000000000
0.002108000000000
0.001394000000000
0.001509000000000
0.001387000000000
0.001475000000000
0.001328000000000
0.001449000000000
0.002146000000000
0.001956000000000
0.001437000000000
0.001485000000000
0.001422000000000
0.002145000000000
0.001370000000000
0.001477000000000
0.001437000000000
0.001423000000000
0.001882000000000
0.001510000000000
0.001458000000000
0.001471000000000
0.001449000000000
0.001447000000000
0.001510000000000
0.001374000000000
0.001453000000000
0.001452000000000
0.001460000000000
0.001554000000000
0.002171000000000
0.002174000000000
0.001385000000000
0.001454000000000
0.001447000000000
0.001455000000000
0.001997000000000
0.001451000000000
0.001411000000000
0.001475000000000
0.001477000000000
0.001447000000000
0.001456000000000
0.002158000000000
0.001430000000000
0.001410000000000
0.001444000000000
0.001480000000000
0.002115000000000
0.001461000000000
0.001427000000000
0.001456000000000
0.001450000000000
0.001462000000000
0.001480000000000
0.001362000000000
0.002094000000000
0.001438000000000
0.001512000000000
0.001492000000000
0.002120000000000
0.001503000000000
0.001488000000000
0.001545000000000
0.001533000000000
0.001564000000000
0.001518000000000
0.001337000000000
0.001497000000000
0.001556000000000
0.001497000000000
0.001524000000000
0.002198000000000
0.001973000000000
0.001547000000000
0.001486000000000
0.001531000000000
0.001505000000000
0.002080000000000
0.002083000000000
0.002076000000000
0.001464000000000
0.001505000000000
0.001517000000000
0.001430000000000
0.001482000000000
0.001589000000000
0.001547000000000
0.001537000000000
0.001474000000000
0.001514000000000
0.002218000000000
0.002081000000000
0.001551000000000
0.001533000000000
0.001506000000000
0.001555000000000
0.001554000000000
0.001503000000000
0.001478000000000
0.001533000000000
0.001501000000000
0.001519000000000
0.001590000000000
0.001514000000000
0.001585000000000
0.001492000000000
0.001478000000000
0.001430000000000
0.001506000000000
0.001519000000000
0.001533000000000
0.001535000000000
0.001558000000000
0.002110000000000
0.002085000000000
0.001508000000000
0.001548000000000
0.001578000000000
0.001547000000000
0.002225000000000
0.001517000000000
0.001496000000000
0.001515000000000
0.002015000000000
0.001574000000000
0.002072000000000
0.001563000000000
0.001471000000000
0.001799000000000
0.001536000000000
0.001896000000000
0.002268000000000
0.001449000000000
0.001491000000000
0.001464000000000
0.001519000000000
0.001513000000000
0.001488000000000
0.002214000000000
0.001544000000000
0.001546000000000
0.001599000000000
0.001581000000000
0.002037000000000
0.001485000000000
0.001547000000000
0.002159000000000
0.001532000000000
0.001431000000000
0.001492000000000
0.001596000000000
0.001462000000000
0.001534000000000
0.001569000000000
0.001529000000000
0.002245000000000
0.002001000000000
0.001554000000000
0.001524000000000
0.002138000000000
0.001529000000000
0.001524000000000
0.001578000000000
0.001584000000000
0.001556000000000
0.001558000000000
0.002263000000000
0.002181000000000
0.001538000000000
0.001528000000000
0.001515000000000
0.001579000000000
0.002100000000000
0.001525000000000
0.002154000000000
0.001552000000000
0.001573000000000
0.001553000000000
0.002127000000000
0.002297000000000
0.001555000000000
0.001527000000000
0.001567000000000
0.001437000000000
0.001504000000000
0.001568000000000
0.001514000000000
0.001611000000000
0.001585000000000
0.002287000000000
0.002296000000000
0.002097000000000
0.001582000000000
0.001545000000000
0.001546000000000
0.001516000000000
0.001578000000000
0.001566000000000
0.001509000000000
0.001483000000000
0.001610000000000
0.001533000000000
0.001508000000000
0.001572000000000
0.001488000000000
0.001542000000000
0.002122000000000
0.001548000000000
0.001551000000000
0.001544000000000
0.001543000000000
0.001602000000000
0.001482000000000
0.001477000000000
0.001516000000000
0.001552000000000
0.001537000000000
0.001531000000000
0.001487000000000
0.002274000000000
0.001514000000000
0.001543000000000
0.001505000000000
0.001553000000000
0.001947000000000
0.001586000000000
0.001543000000000
0.001538000000000
0.001630000000000
0.002082000000000
0.001423000000000
0.001535000000000
0.001536000000000
0.001584000000000
0.001593000000000
0.002281000000000
0.002105000000000
0.001523000000000
0.001561000000000
0.001546000000000
0.001545000000000
0.002045000000000
0.001591000000000
0.001608000000000
0.001543000000000
0.001528000000000
0.001556000000000
0.002270000000000
0.002297000000000
0.001545000000000
0.001589000000000
0.001655000000000
0.001537000000000
0.001567000000000
0.001571000000000
0.001558000000000
0.001602000000000
0.001580000000000
0.002293000000000
0.002065000000000
0.001551000000000
0.001553000000000
0.001553000000000
0.001543000000000
0.002079000000000
0.001509000000000
0.001539000000000
0.001567000000000
0.001601000000000
0.002083000000000
0.001618000000000
0.001512000000000
0.001677000000000
0.001530000000000
0.001629000000000
0.001973000000000
0.002166000000000
0.001564000000000
0.001668000000000
0.001593000000000
0.001520000000000
0.001501000000000
0.002197000000000
0.001546000000000
0.001559000000000
0.001546000000000
0.002315000000000
0.002033000000000
0.001562000000000
0.001541000000000
0.001590000000000
0.001525000000000
0.002207000000000
0.001592000000000
0.001606000000000
0.001530000000000
0.001624000000000
0.001574000000000
0.002179000000000
0.001655000000000
0.001585000000000
0.001580000000000
0.002450000000000
0.001977000000000
0.001660000000000
0.001536000000000
0.001512000000000
0.001579000000000
0.001629000000000
0.002312000000000
0.002310000000000
0.001525000000000
0.001599000000000
0.002345000000000
0.001615000000000
0.001538000000000
0.001613000000000
0.001543000000000
0.001579000000000
0.001623000000000
0.002332000000000
0.001520000000000
0.001585000000000
0.001551000000000
0.001576000000000
0.002327000000000
0.001526000000000
0.001554000000000
0.001618000000000
0.001547000000000
0.001584000000000
0.002183000000000
0.001557000000000
0.002362000000000
0.001590000000000
0.001594000000000
0.001563000000000
0.002075000000000
0.001558000000000
0.001556000000000
0.001590000000000
0.001645000000000
0.002356000000000
0.001721000000000
0.001523000000000
0.001549000000000
0.001565000000000
0.001590000000000
0.001601000000000
0.001549000000000
0.001598000000000
0.001557000000000
0.001603000000000
0.002178000000000
0.001481000000000
0.001535000000000
0.001572000000000
0.001714000000000
0.001656000000000
0.001603000000000
0.001611000000000
0.001562000000000
0.001571000000000
0.001560000000000
0.002213000000000
0.001588000000000
0.002194000000000
0.001616000000000
0.001581000000000
0.001617000000000
0.001500000000000
0.001583000000000
0.001587000000000
0.001622000000000
0.001699000000000
0.001598000000000
0.001541000000000
0.001633000000000
0.001631000000000
0.001559000000000
0.001570000000000
0.002152000000000
0.002203000000000
0.001650000000000
0.001630000000000
0.001546000000000
0.001595000000000
0.001517000000000
0.002156000000000
0.001686000000000
0.002216000000000
0.001573000000000
0.001614000000000
0.001612000000000
0.001595000000000
0.001623000000000
0.001574000000000
0.002361000000000
0.001518000000000
0.001593000000000
0.001573000000000
0.001573000000000
0.001648000000000
0.001526000000000
0.001601000000000
0.001623000000000
0.001616000000000
0.001680000000000
0.002360000000000
0.001605000000000
0.001571000000000
0.001565000000000
0.001610000000000
0.001633000000000
0.001942000000000
0.001527000000000
0.001659000000000
0.001547000000000
0.001615000000000
0.002378000000000
0.001644000000000
0.001612000000000
0.001630000000000
0.002384000000000
0.001704000000000
0.002238000000000
0.001728000000000
0.001566000000000
0.001641000000000
0.001564000000000
0.001512000000000
0.001607000000000
0.001590000000000
0.001663000000000
0.001570000000000
0.002385000000000
0.002284000000000
0.001668000000000
0.001632000000000
0.002359000000000
0.001589000000000
0.002372000000000
0.001604000000000
0.001653000000000
0.001570000000000
0.001569000000000
0.002173000000000
0.001666000000000
0.001581000000000
0.001611000000000
0.001597000000000
0.001618000000000
0.002268000000000
0.001543000000000
0.001723000000000
0.001642000000000
0.001710000000000
0.001672000000000
0.001768000000000
0.001586000000000
0.001635000000000
0.001576000000000
0.002293000000000
0.002404000000000
0.002380000000000
0.001634000000000
0.001580000000000
0.001867000000000
0.001921000000000
0.001637000000000
0.001603000000000
0.001694000000000
0.001589000000000
0.002383000000000
0.002200000000000
0.001665000000000
0.001589000000000
0.002315000000000
0.001663000000000
0.001657000000000
0.001595000000000
0.001680000000000
0.001766000000000
0.001593000000000
0.002225000000000
0.002215000000000
0.001574000000000
0.001605000000000
0.001601000000000
0.002279000000000
0.001748000000000
0.001658000000000
0.001657000000000
0.001659000000000
0.001692000000000
0.002375000000000
0.002211000000000
0.001673000000000
0.002460000000000
0.001707000000000
0.001591000000000
0.001652000000000
0.001750000000000
0.001604000000000
0.001649000000000
0.002405000000000
0.001712000000000
0.001626000000000
0.001609000000000
0.001639000000000
0.002398000000000
0.001588000000000
0.001590000000000
0.001643000000000
0.001694000000000
0.001727000000000
0.002185000000000
0.001674000000000
0.001668000000000
0.001690000000000
0.001612000000000
0.002409000000000
0.001608000000000
0.001681000000000
0.001600000000000
0.001702000000000
0.002426000000000
0.002396000000000
0.001631000000000
0.001621000000000
0.001712000000000
0.001613000000000
0.001734000000000
0.001603000000000
0.001762000000000
0.001660000000000
0.001717000000000
0.002427000000000
0.001594000000000
0.001606000000000
0.001589000000000
0.001616000000000
0.002485000000000
0.001658000000000
0.001635000000000
0.001599000000000
0.001602000000000
0.002439000000000
0.001628000000000
0.001613000000000
0.001625000000000
0.001699000000000
0.001595000000000
0.002446000000000
0.001669000000000
0.001681000000000
0.001628000000000
0.002310000000000
0.001760000000000
0.001682000000000
0.001627000000000
0.001618000000000
0.001643000000000
0.001768000000000
0.002159000000000
0.002284000000000
0.001728000000000
0.001712000000000
0.002327000000000
0.001640000000000
0.001639000000000
0.001649000000000
0.001637000000000
0.002485000000000
0.002355000000000
0.001708000000000
0.001721000000000
0.001756000000000
0.001687000000000
0.002487000000000
0.001642000000000
0.001639000000000
0.001683000000000
0.001698000000000
0.002476000000000
0.001642000000000
0.001693000000000
0.001668000000000
0.001614000000000
0.002274000000000
0.001702000000000
0.001678000000000
0.001649000000000
0.001726000000000
0.001666000000000
0.002390000000000
0.001637000000000
0.001771000000000
0.001745000000000
0.002465000000000
0.002245000000000
0.001628000000000
0.001623000000000
0.001630000000000
0.001623000000000
0.002433000000000
0.002287000000000
0.001722000000000
0.001671000000000
0.001731000000000
0.002245000000000
0.002208000000000
0.001669000000000
0.001626000000000
0.001629000000000
0.001562000000000
0.001733000000000
0.001642000000000
0.001636000000000
0.002486000000000
0.002234000000000
0.002257000000000
0.001608000000000
0.001666000000000
0.001611000000000
0.001670000000000
0.001888000000000
0.002015000000000
0.001695000000000
0.001730000000000
0.001695000000000
0.001713000000000
0.001680000000000
0.001641000000000
0.001632000000000
0.002300000000000
0.001708000000000
0.001643000000000
0.001649000000000
0.001652000000000
0.002539000000000
0.001705000000000
0.001641000000000
0.001638000000000
0.001639000000000
0.001644000000000
0.002505000000000
0.002267000000000
0.001767000000000
0.001746000000000
0.001642000000000
0.002471000000000
0.001640000000000
0.001643000000000
0.001669000000000
0.001750000000000
0.002495000000000
0.001642000000000
0.001835000000000
0.001654000000000
0.002462000000000
0.002435000000000
0.002388000000000
0.001694000000000
0.001718000000000
0.001677000000000
0.001623000000000
0.001643000000000
0.001663000000000
0.001643000000000
0.001630000000000
0.002370000000000
0.001693000000000
0.001593000000000
0.001613000000000
0.001683000000000
0.002457000000000
0.001695000000000
0.001720000000000
0.001615000000000
0.002451000000000
0.001634000000000
0.001557000000000
0.001673000000000
0.001671000000000
0.001691000000000
0.001594000000000
0.001571000000000
0.001612000000000
0.001626000000000
0.001684000000000
0.001615000000000
0.001789000000000
0.001715000000000
0.001699000000000
0.001671000000000
0.001691000000000
0.002373000000000
0.001622000000000
0.001677000000000
0.001672000000000
0.001696000000000
0.002446000000000
0.001623000000000
0.001679000000000
0.001625000000000
0.001679000000000
0.002237000000000
0.002446000000000
0.001660000000000
0.001651000000000
0.001678000000000
0.002359000000000
0.002304000000000
0.001619000000000
0.002482000000000
0.002523000000000
0.001591000000000
0.002450000000000
0.001686000000000
0.001658000000000
0.002350000000000
0.001591000000000
0.001744000000000
0.001703000000000
0.001725000000000
0.001735000000000
0.002396000000000
0.001652000000000
0.001649000000000
0.001661000000000
0.001780000000000
0.002494000000000
0.001727000000000
0.001648000000000
0.001675000000000
0.001700000000000
0.002312000000000
0.001666000000000
0.001646000000000
0.001693000000000
0.001674000000000
0.001730000000000
0.001684000000000
0.001620000000000
0.001700000000000
0.001641000000000
0.001619000000000
0.001689000000000
0.001618000000000
0.001655000000000
0.001752000000000
0.001557000000000
0.002297000000000
0.001634000000000
0.001681000000000
0.002451000000000
0.001730000000000
0.001741000000000
0.001636000000000
0.001664000000000
0.001732000000000
0.002490000000000
0.001565000000000
0.001621000000000
0.001639000000000
0.001765000000000
0.001725000000000
0.001663000000000
0.001687000000000
0.001654000000000
0.001663000000000
0.002372000000000
0.001722000000000
0.001686000000000
0.001668000000000
0.002524000000000
0.001630000000000
0.001680000000000
0.001687000000000
0.001715000000000
0.001664000000000
0.001582000000000
0.001648000000000
0.001663000000000
0.001648000000000
0.001704000000000
0.001734000000000
0.001699000000000
0.001711000000000
0.001671000000000
0.002527000000000
0.001753000000000
0.001681000000000
0.001767000000000
0.001669000000000
0.002532000000000
0.002364000000000
0.001687000000000
0.001692000000000
0.001691000000000
0.001747000000000
0.001722000000000
0.001780000000000
0.001685000000000
0.001681000000000
0.002558000000000
0.002428000000000
0.001656000000000
0.001660000000000
0.002490000000000
0.001693000000000
0.001737000000000
0.001701000000000
0.001673000000000
0.001732000000000
0.002526000000000
0.001752000000000
0.001682000000000
0.001699000000000
0.001678000000000
0.002342000000000
0.001692000000000
0.001655000000000
0.001677000000000
0.001757000000000
0.001667000000000
0.001672000000000
0.001790000000000
0.001700000000000
0.001746000000000
0.002559000000000
0.002230000000000
0.001665000000000
0.001720000000000
0.002416000000000
0.002404000000000
0.001748000000000
0.001700000000000
0.001705000000000
0.001606000000000
0.001713000000000
0.001677000000000
0.001762000000000
0.001703000000000
0.002568000000000
0.002400000000000
0.001718000000000
0.001781000000000
0.002553000000000
0.002530000000000
0.001862000000000
0.001781000000000
0.001713000000000
0.001732000000000
0.002446000000000
0.002334000000000
0.001753000000000
0.001841000000000
0.001688000000000
0.002434000000000
0.001799000000000
0.001725000000000
0.001716000000000
0.001716000000000
0.001661000000000
0.002343000000000
0.001749000000000
0.001762000000000
0.002602000000000
0.001720000000000
0.001699000000000
0.001822000000000
0.001755000000000
0.001789000000000
0.001753000000000
0.001783000000000
0.001746000000000
0.001826000000000
0.002425000000000
0.001696000000000
0.001798000000000
0.002628000000000
0.001739000000000
0.002313000000000
0.002549000000000
0.001864000000000
0.001752000000000
0.001723000000000
0.002368000000000
0.001708000000000
0.001676000000000
0.001723000000000
0.002449000000000
0.001727000000000
0.001775000000000
0.001706000000000
0.001785000000000
0.001601000000000
0.002609000000000
0.001708000000000
0.001804000000000
0.001707000000000
0.001799000000000
0.001761000000000
0.001690000000000
0.001788000000000
0.001743000000000
0.002341000000000
0.001745000000000
0.001729000000000
0.001782000000000
0.001765000000000
0.002415000000000
0.001761000000000
0.001731000000000
0.001725000000000
0.002597000000000
0.001746000000000
0.001733000000000
0.001722000000000
0.001834000000000
0.002492000000000
0.001659000000000
0.001893000000000
0.001773000000000
0.001833000000000
0.002485000000000
0.001776000000000
0.001721000000000
0.001726000000000
0.002607000000000
0.001758000000000
0.001736000000000
0.001774000000000
0.001710000000000
0.002447000000000
0.002590000000000
0.001737000000000
0.001733000000000
0.001753000000000
0.001710000000000
0.001774000000000
0.001827000000000
0.001810000000000
0.002716000000000
0.001774000000000
0.001704000000000
0.001734000000000
0.001819000000000
0.001714000000000
0.001803000000000
0.001854000000000
0.001737000000000
0.001788000000000
0.001788000000000
0.001752000000000
0.001748000000000
0.001747000000000
0.001726000000000
0.002617000000000
0.001735000000000
0.001747000000000
0.001726000000000
0.002602000000000
0.001691000000000
0.001720000000000
0.001726000000000
0.001732000000000
0.001740000000000
0.002614000000000
0.001705000000000
0.001780000000000
0.002638000000000
0.002643000000000
0.001723000000000
0.001785000000000
0.001741000000000
0.001736000000000
0.001840000000000
0.001744000000000
0.001776000000000
0.001744000000000
0.001821000000000
0.002628000000000
0.001737000000000
0.001736000000000
0.001781000000000
0.001735000000000
0.001838000000000
0.001856000000000
0.001727000000000
0.002673000000000
0.002449000000000
0.001760000000000
0.001846000000000
0.001749000000000
0.001754000000000
0.001745000000000
0.001792000000000
0.001752000000000
0.001839000000000
0.002478000000000
0.001818000000000
0.001829000000000
0.001761000000000
0.002478000000000
0.001784000000000
0.001768000000000
0.001808000000000
0.001764000000000
0.002559000000000
0.001703000000000
0.001779000000000
0.001791000000000
0.002537000000000
0.001746000000000
0.001709000000000
0.001753000000000
0.001743000000000
0.001854000000000
0.002404000000000
0.002406000000000
0.001851000000000
0.001820000000000
0.002512000000000
0.002498000000000
0.001850000000000
0.001760000000000
0.001874000000000
0.001740000000000
0.001719000000000
0.001841000000000
0.001766000000000
0.002666000000000
0.001748000000000
0.001750000000000
0.001790000000000
0.001756000000000
0.002652000000000
0.001892000000000
0.001738000000000
0.001786000000000
0.001798000000000
0.001760000000000
0.001730000000000
0.001787000000000
0.001853000000000
0.001777000000000
0.001762000000000
0.001871000000000
0.001892000000000
0.001801000000000
0.001836000000000
0.001819000000000
0.001747000000000
0.001815000000000
0.002614000000000
0.002431000000000
0.001777000000000
0.001796000000000
0.001777000000000
0.002709000000000
0.002443000000000
0.001756000000000
0.001840000000000
0.002493000000000
0.001775000000000
0.001893000000000
0.001751000000000
0.001773000000000
0.002724000000000
0.001891000000000
0.001727000000000
0.001752000000000
0.001890000000000
0.001801000000000
0.001765000000000
0.001776000000000
0.001749000000000
0.001802000000000
0.002515000000000
0.001790000000000
0.001758000000000
0.001816000000000
0.002515000000000
0.001802000000000
0.001793000000000
0.001827000000000
0.001838000000000
0.002652000000000
0.002575000000000
0.001774000000000
0.001793000000000
0.001849000000000
0.001819000000000
0.001850000000000
0.001825000000000
0.001720000000000
0.001822000000000
0.001874000000000
0.001860000000000
0.001848000000000
0.002519000000000
0.001767000000000
0.001746000000000
0.001807000000000
0.001818000000000
0.002661000000000
0.001804000000000
0.001763000000000
0.001804000000000
0.001810000000000
0.002676000000000
0.001785000000000
0.001764000000000
0.002651000000000
0.001785000000000
0.001850000000000
0.001888000000000
0.001860000000000
0.001845000000000
0.002696000000000
0.001774000000000
0.001840000000000
0.002671000000000
0.001764000000000
0.002635000000000
0.001897000000000
0.001857000000000
0.002536000000000
0.002678000000000
0.001829000000000
0.001789000000000
0.001863000000000
0.001750000000000
0.001783000000000
0.001939000000000
0.001840000000000
0.001736000000000
0.001776000000000
0.001794000000000
0.001894000000000
0.001802000000000
0.001809000000000
0.001813000000000
0.001774000000000
0.001835000000000
0.002662000000000
0.001867000000000
0.001829000000000
0.001868000000000
0.001879000000000
0.001908000000000
0.002515000000000
0.001848000000000
0.001852000000000
0.001896000000000
0.001768000000000
0.001839000000000
0.001771000000000
0.001783000000000
0.002718000000000
0.002591000000000
0.001861000000000
0.001837000000000
0.001780000000000
0.001836000000000
0.001840000000000
0.001952000000000
0.001861000000000
0.001830000000000
0.002752000000000
0.002456000000000
0.001911000000000
0.001938000000000
0.001846000000000
0.001927000000000
0.001907000000000
0.001828000000000
0.002762000000000
0.002602000000000
0.001887000000000
0.001839000000000
0.002730000000000
0.001852000000000
0.001878000000000
0.001806000000000
0.001882000000000
0.001716000000000
0.001867000000000
0.001845000000000
0.001812000000000
0.002575000000000
0.001901000000000
0.001832000000000
0.001815000000000
0.002512000000000
0.001820000000000
0.001870000000000
0.001832000000000
0.001794000000000
0.001862000000000
0.001934000000000
0.001848000000000
0.001902000000000
0.002609000000000
0.001770000000000
0.001904000000000
0.001844000000000
0.001896000000000
0.002632000000000
0.001806000000000
0.001818000000000
0.001892000000000
0.001741000000000
0.001910000000000
0.001801000000000
0.001900000000000
0.002716000000000
0.002789000000000
0.001921000000000
0.001855000000000
0.001854000000000
0.002581000000000
0.001956000000000
0.001830000000000
0.001996000000000
0.001895000000000
0.002507000000000
0.001779000000000
0.001837000000000
0.001872000000000
0.001886000000000
0.001874000000000
0.001872000000000
0.001851000000000
0.002620000000000
0.002331000000000
0.001843000000000
0.001890000000000
0.001853000000000
0.001857000000000
0.001807000000000
0.002619000000000
0.001852000000000
0.002633000000000
0.002761000000000
0.001870000000000
0.001864000000000
0.001917000000000
0.001932000000000
0.001881000000000
0.001928000000000
0.001893000000000
0.002511000000000
0.002725000000000
0.001808000000000
0.001844000000000
0.001819000000000
0.001861000000000
0.001824000000000
0.001873000000000
0.001822000000000
0.002614000000000
0.001905000000000
0.001895000000000
0.002756000000000
0.001838000000000
0.001849000000000
0.001842000000000
0.001860000000000
0.002701000000000
0.002512000000000
0.001870000000000
0.001908000000000
0.002776000000000
0.001855000000000
0.001855000000000
0.001925000000000
0.001892000000000
0.002663000000000
0.001837000000000
0.001928000000000
0.001859000000000
0.002773000000000
0.001889000000000
0.001931000000000
0.001961000000000
0.001956000000000
0.002753000000000
0.001883000000000
0.001866000000000
0.001875000000000
0.002807000000000
0.001821000000000
0.001867000000000
0.001882000000000
0.002573000000000
0.001882000000000
0.001832000000000
0.001947000000000
0.001810000000000
0.002580000000000
0.001802000000000
0.001850000000000
0.001928000000000
0.002764000000000
0.001908000000000
0.001868000000000
0.001976000000000
0.001910000000000
0.001869000000000
0.001852000000000
0.001924000000000
0.002818000000000
0.001940000000000
0.001875000000000
0.001864000000000
0.001822000000000
0.002868000000000
0.001879000000000
0.001895000000000
0.001819000000000
0.002576000000000
0.001918000000000
0.001846000000000
0.001874000000000
0.001859000000000
0.002667000000000
0.001806000000000
0.001832000000000
0.001834000000000
0.001881000000000
0.001854000000000
0.001864000000000
0.001901000000000
0.001990000000000
0.002817000000000
0.001919000000000
0.001841000000000
0.002603000000000
0.001862000000000
0.001916000000000
0.001950000000000
0.001881000000000
0.002777000000000
0.001873000000000
0.001874000000000
0.001932000000000
0.001891000000000
0.001841000000000
0.001838000000000
0.001909000000000
0.001852000000000
0.001979000000000
0.001845000000000
0.001910000000000
0.002824000000000
0.001880000000000
0.001858000000000
0.001835000000000
0.001869000000000
0.002604000000000
0.001864000000000
0.001847000000000
0.001884000000000
0.001857000000000
0.001858000000000
0.001957000000000
0.001904000000000
0.001900000000000
0.002639000000000
0.001865000000000
0.001863000000000
0.001839000000000
0.001824000000000
0.001969000000000
0.001974000000000
0.001862000000000
0.002901000000000
0.001889000000000
0.001905000000000
0.001831000000000
0.001850000000000
0.001962000000000
0.001948000000000
0.001940000000000
0.001897000000000
0.001885000000000
0.002666000000000
0.001883000000000
0.002743000000000
