0.000256000000000
0.000185000000000
0.000165000000000
0.000162000000000
0.000171000000000
0.000163000000000
0.000164000000000
0.000164000000000
0.000161000000000
0.000167000000000
0.000163000000000
0.000164000000000
0.000165000000000
0.000162000000000
0.000165000000000
0.000166000000000
0.000165000000000
0.000167000000000
0.000167000000000
0.000166000000000
0.000167000000000
0.000171000000000
0.000170000000000
0.000177000000000
0.000174000000000
0.000182000000000
0.000181000000000
0.000185000000000
0.000187000000000
0.000214000000000
0.000176000000000
0.000172000000000
0.000175000000000
0.000177000000000
0.000175000000000
0.000176000000000
0.000173000000000
0.000176000000000
0.000182000000000
0.000178000000000
0.000180000000000
0.000179000000000
0.000181000000000
0.000181000000000
0.000190000000000
0.000180000000000
0.000179000000000
0.000183000000000
0.000181000000000
0.000183000000000
0.000183000000000
0.000183000000000
0.000183000000000
0.000187000000000
0.000185000000000
0.000182000000000
0.000186000000000
0.000183000000000
0.000186000000000
0.000190000000000
0.000190000000000
0.000239000000000
0.000189000000000
0.000191000000000
0.000192000000000
0.000193000000000
0.000193000000000
0.000198000000000
0.000194000000000
0.000195000000000
0.000195000000000
0.000210000000000
0.000194000000000
0.000197000000000
0.000197000000000
0.000199000000000
0.000202000000000
0.000201000000000
0.000201000000000
0.000225000000000
0.000221000000000
0.000208000000000
0.000206000000000
0.000201000000000
0.000201000000000
0.000204000000000
0.000201000000000
0.000201000000000
0.000206000000000
0.000212000000000
0.000201000000000
0.000204000000000
0.000208000000000
0.000205000000000
0.000201000000000
0.000205000000000
0.000220000000000
0.000206000000000
0.000208000000000
