0.000260000000000
0.000189000000000
0.000187000000000
0.000182000000000
0.000190000000000
0.000183000000000
0.000175000000000
0.000180000000000
0.000181000000000
0.000183000000000
0.000491000000000
0.000175000000000
0.000183000000000
0.000185000000000
0.000179000000000
0.000175000000000
0.000169000000000
0.000195000000000
0.000175000000000
0.000169000000000
0.000200000000000
0.000178000000000
0.000177000000000
0.000182000000000
0.000181000000000
0.000180000000000
0.000172000000000
0.000177000000000
0.000184000000000
0.000176000000000
0.000174000000000
0.000176000000000
0.000179000000000
0.000195000000000
0.000176000000000
0.000177000000000
0.000178000000000
0.000179000000000
0.000185000000000
0.000180000000000
0.000179000000000
0.000182000000000
0.000179000000000
0.000180000000000
0.000181000000000
0.000183000000000
0.000182000000000
0.000183000000000
0.000183000000000
0.000185000000000
0.000185000000000
0.000187000000000
0.000185000000000
0.000185000000000
0.000183000000000
0.000191000000000
0.000191000000000
0.000188000000000
0.000226000000000
0.000192000000000
0.000194000000000
0.000197000000000
0.000195000000000
0.000192000000000
0.000195000000000
0.000193000000000
0.000198000000000
0.000192000000000
0.000200000000000
0.000194000000000
0.000201000000000
0.000196000000000
0.000197000000000
0.000197000000000
0.000201000000000
0.000195000000000
0.000199000000000
0.000195000000000
0.000205000000000
0.000204000000000
0.000201000000000
0.000204000000000
0.000200000000000
0.000250000000000
0.000202000000000
0.000204000000000
0.000204000000000
0.000200000000000
0.000205000000000
0.000204000000000
0.000204000000000
0.000204000000000
0.000206000000000
0.000202000000000
0.000204000000000
0.000213000000000
0.000210000000000
0.000211000000000
0.000209000000000
