0.001049000000000
0.001532000000000
0.001038000000000
0.000933000000000
0.000861000000000
0.000761000000000
0.000756000000000
0.001391000000000
0.000858000000000
0.000762000000000
0.001043000000000
0.000827000000000
0.000840000000000
0.000838000000000
0.001009000000000
0.000830000000000
0.000858000000000
0.000947000000000
0.000825000000000
0.002192000000000
0.000904000000000
0.000845000000000
0.000991000000000
0.000980000000000
0.002124000000000
0.000854000000000
0.000931000000000
0.000846000000000
0.001727000000000
0.000852000000000
0.002220000000000
0.001106000000000
0.001212000000000
0.001002000000000
0.000862000000000
0.000839000000000
0.000826000000000
0.002200000000000
0.001199000000000
0.000934000000000
0.000854000000000
0.000919000000000
0.000851000000000
0.000841000000000
0.000847000000000
0.000925000000000
0.000844000000000
0.001207000000000
0.000844000000000
0.001113000000000
0.000836000000000
0.002069000000000
0.002139000000000
0.001016000000000
0.000803000000000
0.000853000000000
0.001045000000000
0.000898000000000
0.000967000000000
0.000936000000000
0.001048000000000
0.000861000000000
0.000832000000000
0.002282000000000
0.001252000000000
0.000855000000000
0.000983000000000
0.000985000000000
0.000853000000000
0.000886000000000
0.000834000000000
0.000887000000000
0.000816000000000
0.001858000000000
0.000973000000000
0.000843000000000
0.000865000000000
0.000843000000000
0.000847000000000
0.000849000000000
0.000919000000000
0.000933000000000
0.000877000000000
0.000842000000000
0.000843000000000
0.000863000000000
0.001044000000000
0.000841000000000
0.000976000000000
0.000857000000000
0.000861000000000
0.000803000000000
0.000910000000000
0.001004000000000
0.000934000000000
0.000907000000000
0.000850000000000
0.000867000000000
0.000994000000000
