0.001366000000000
0.001265000000000
0.000849000000000
0.000860000000000
0.000862000000000
0.000826000000000
0.000850000000000
0.000840000000000
0.000838000000000
0.000865000000000
0.000924000000000
0.000844000000000
0.000932000000000
0.000798000000000
0.000821000000000
0.001085000000000
0.000833000000000
0.000791000000000
0.000843000000000
0.000993000000000
0.000862000000000
0.000852000000000
0.000883000000000
0.002271000000000
0.000911000000000
0.000904000000000
0.000967000000000
0.000829000000000
0.000888000000000
0.000950000000000
0.000847000000000
0.000864000000000
0.000856000000000
0.000839000000000
0.000806000000000
0.000864000000000
0.000896000000000
0.001257000000000
0.000910000000000
0.002288000000000
0.001906000000000
0.000899000000000
0.001550000000000
0.000771000000000
0.001207000000000
0.000852000000000
0.001225000000000
0.000846000000000
0.000884000000000
0.001222000000000
0.000972000000000
0.000934000000000
0.002002000000000
0.000914000000000
0.000915000000000
0.000934000000000
0.000890000000000
0.000907000000000
0.000916000000000
0.001030000000000
0.000970000000000
0.000840000000000
0.000846000000000
0.000831000000000
0.000864000000000
0.001413000000000
0.000925000000000
0.001037000000000
0.000929000000000
0.000853000000000
0.001985000000000
0.001975000000000
0.001074000000000
0.000771000000000
0.001030000000000
0.001351000000000
0.000874000000000
0.000868000000000
0.000938000000000
0.002277000000000
0.000959000000000
0.000976000000000
0.001051000000000
0.000879000000000
0.000855000000000
0.000838000000000
0.001210000000000
0.000863000000000
0.000792000000000
0.000841000000000
0.000857000000000
0.001214000000000
0.001043000000000
0.001201000000000
0.001131000000000
0.000847000000000
0.000861000000000
0.001025000000000
0.000860000000000
0.000840000000000
0.000907000000000
0.000864000000000
0.000858000000000
0.000878000000000
0.000920000000000
0.002081000000000
0.000931000000000
0.000887000000000
0.000855000000000
0.000839000000000
0.000904000000000
0.002283000000000
0.000786000000000
0.001003000000000
0.000882000000000
0.000835000000000
0.000906000000000
0.002297000000000
0.000904000000000
0.000885000000000
0.001058000000000
0.000854000000000
0.000934000000000
0.000762000000000
0.000844000000000
0.001687000000000
0.000961000000000
0.000895000000000
0.000856000000000
0.000961000000000
0.001023000000000
0.000836000000000
0.000860000000000
0.000842000000000
0.000835000000000
0.000852000000000
0.001128000000000
0.000910000000000
0.001021000000000
0.002286000000000
0.000867000000000
0.000835000000000
0.000834000000000
0.001102000000000
0.002107000000000
0.000861000000000
0.000856000000000
0.000935000000000
0.000846000000000
0.000850000000000
0.000848000000000
0.000870000000000
0.000836000000000
0.000885000000000
0.001097000000000
0.002010000000000
0.000803000000000
0.000974000000000
0.000825000000000
0.002223000000000
0.000855000000000
0.000997000000000
0.000852000000000
0.000867000000000
0.001474000000000
0.001052000000000
0.002289000000000
0.000838000000000
0.000840000000000
0.001252000000000
0.000866000000000
0.000842000000000
0.001001000000000
0.001290000000000
0.002312000000000
0.000848000000000
0.001215000000000
0.000863000000000
0.000836000000000
0.000843000000000
0.000836000000000
0.001984000000000
0.000883000000000
0.000873000000000
0.000857000000000
0.001092000000000
0.000844000000000
0.000840000000000
0.000850000000000
0.000848000000000
0.001347000000000
0.002283000000000
0.001002000000000
0.001017000000000
0.000834000000000
0.001000000000000
0.001196000000000
0.000863000000000
0.000854000000000
0.000894000000000
0.000869000000000
0.000926000000000
0.000833000000000
0.000828000000000
0.001012000000000
0.001105000000000
0.000998000000000
0.000864000000000
0.000868000000000
0.001049000000000
0.000966000000000
0.001026000000000
0.000841000000000
0.000847000000000
0.000842000000000
0.000948000000000
0.000850000000000
0.000878000000000
0.000950000000000
0.000763000000000
0.002281000000000
0.000862000000000
0.000845000000000
0.000807000000000
0.000879000000000
0.000838000000000
0.001313000000000
0.000882000000000
0.000863000000000
0.001125000000000
0.001365000000000
0.001252000000000
0.000814000000000
0.000946000000000
0.000872000000000
0.000856000000000
0.000854000000000
0.002260000000000
0.001365000000000
0.001005000000000
0.001031000000000
0.001150000000000
0.000862000000000
0.000768000000000
0.000943000000000
0.001286000000000
0.000900000000000
0.000870000000000
0.000857000000000
0.000839000000000
0.000870000000000
0.001006000000000
0.001269000000000
0.000797000000000
0.000905000000000
0.000865000000000
0.000837000000000
0.000865000000000
0.000853000000000
0.000852000000000
0.001095000000000
0.000862000000000
0.001900000000000
0.000803000000000
0.000841000000000
0.001394000000000
0.001488000000000
0.000877000000000
0.001029000000000
0.000957000000000
0.000954000000000
0.000854000000000
0.000848000000000
0.001081000000000
0.002212000000000
0.000856000000000
0.000827000000000
0.000950000000000
0.000890000000000
0.000866000000000
0.000865000000000
0.000873000000000
0.002278000000000
0.000954000000000
0.001864000000000
0.000837000000000
0.001510000000000
0.000998000000000
0.000818000000000
0.000858000000000
0.000835000000000
0.001010000000000
0.001270000000000
0.001003000000000
0.000827000000000
0.000896000000000
0.001472000000000
0.000869000000000
0.001798000000000
0.000858000000000
0.000995000000000
0.000850000000000
0.000837000000000
0.001593000000000
0.000868000000000
0.000860000000000
0.000871000000000
0.001181000000000
0.001678000000000
0.000807000000000
0.000890000000000
0.002287000000000
0.000862000000000
0.001047000000000
0.001196000000000
0.000877000000000
0.001062000000000
0.000852000000000
0.001290000000000
0.000907000000000
0.000874000000000
0.000866000000000
0.000957000000000
0.000975000000000
0.000888000000000
0.000790000000000
0.000875000000000
0.000823000000000
0.000860000000000
0.000857000000000
0.000854000000000
0.000889000000000
0.000929000000000
0.000877000000000
0.000925000000000
0.000865000000000
0.001281000000000
0.001046000000000
0.001058000000000
0.001303000000000
0.000892000000000
0.000939000000000
0.001000000000000
0.001428000000000
0.001096000000000
0.000891000000000
0.000980000000000
0.000919000000000
0.000849000000000
0.000847000000000
0.000884000000000
0.001966000000000
0.000847000000000
0.000851000000000
0.000843000000000
0.000963000000000
0.000877000000000
0.001125000000000
0.001189000000000
0.000848000000000
0.000991000000000
0.000943000000000
0.000933000000000
0.000936000000000
0.000861000000000
0.002309000000000
0.000858000000000
0.001019000000000
0.001433000000000
0.000865000000000
0.000897000000000
0.000945000000000
0.000896000000000
0.000921000000000
0.000840000000000
0.000883000000000
0.002314000000000
0.001198000000000
0.001123000000000
0.001119000000000
0.000857000000000
0.000835000000000
0.000931000000000
0.002281000000000
0.000910000000000
0.000865000000000
0.000868000000000
0.000836000000000
0.002062000000000
0.000767000000000
0.000859000000000
0.001228000000000
0.002284000000000
0.001377000000000
0.001225000000000
0.000861000000000
0.000876000000000
0.001218000000000
0.001251000000000
0.001091000000000
0.000894000000000
0.000863000000000
0.000943000000000
0.000918000000000
0.000943000000000
0.000955000000000
0.002090000000000
0.000847000000000
0.000935000000000
0.001071000000000
0.002295000000000
0.000846000000000
0.000899000000000
0.000839000000000
0.001506000000000
0.000966000000000
0.000919000000000
0.000985000000000
0.000920000000000
0.000991000000000
0.002620000000000
0.001020000000000
0.000844000000000
0.001299000000000
0.001068000000000
0.001073000000000
0.000862000000000
0.000867000000000
0.001290000000000
0.000880000000000
0.000887000000000
0.000891000000000
0.000884000000000
0.000879000000000
0.001055000000000
0.000841000000000
0.001645000000000
0.001884000000000
0.001003000000000
0.000801000000000
0.000853000000000
0.000875000000000
0.000897000000000
0.000853000000000
0.001591000000000
0.001075000000000
0.000871000000000
0.000974000000000
0.000846000000000
0.000858000000000
0.000874000000000
0.000848000000000
0.001225000000000
0.000790000000000
0.000862000000000
0.001660000000000
0.000962000000000
0.002180000000000
0.002617000000000
0.000931000000000
0.000886000000000
0.002046000000000
0.000861000000000
0.000855000000000
0.000846000000000
0.001095000000000
0.002273000000000
0.001075000000000
0.000845000000000
0.000871000000000
0.000889000000000
0.001806000000000
0.000881000000000
0.000845000000000
0.000862000000000
0.000977000000000
0.000810000000000
0.000882000000000
0.000954000000000
0.001011000000000
0.000908000000000
0.000896000000000
0.000815000000000
0.000848000000000
0.000967000000000
0.001261000000000
0.001635000000000
0.000788000000000
0.001252000000000
0.000835000000000
0.001730000000000
0.002185000000000
0.000852000000000
0.000865000000000
0.000862000000000
0.000860000000000
0.000854000000000
0.000834000000000
0.001367000000000
0.000931000000000
0.000863000000000
0.000814000000000
0.000944000000000
0.000825000000000
0.000982000000000
0.000859000000000
0.000858000000000
0.001475000000000
0.000864000000000
0.000832000000000
0.001211000000000
0.000877000000000
0.002163000000000
0.000939000000000
0.000810000000000
0.002059000000000
0.000951000000000
0.000953000000000
0.001663000000000
0.001302000000000
0.001134000000000
0.001050000000000
0.000886000000000
0.000853000000000
0.002315000000000
0.001054000000000
0.000805000000000
0.000907000000000
0.000926000000000
0.001205000000000
0.000857000000000
0.000878000000000
0.002297000000000
0.002191000000000
0.001217000000000
0.000774000000000
0.000870000000000
0.000875000000000
0.000879000000000
0.000844000000000
0.000867000000000
0.000874000000000
0.000883000000000
0.000846000000000
0.000890000000000
0.000881000000000
0.001022000000000
0.000872000000000
0.000843000000000
0.000968000000000
0.000846000000000
0.002097000000000
0.001470000000000
0.000784000000000
0.000845000000000
0.000875000000000
0.000793000000000
0.000905000000000
0.001003000000000
0.000850000000000
0.000860000000000
0.000901000000000
0.000958000000000
0.001370000000000
0.000858000000000
0.001169000000000
0.001059000000000
0.001035000000000
0.000894000000000
0.000884000000000
0.000845000000000
0.000847000000000
0.000867000000000
0.000845000000000
0.000908000000000
0.001247000000000
0.000862000000000
0.002013000000000
0.001239000000000
0.001127000000000
0.000854000000000
0.000875000000000
0.000953000000000
0.000905000000000
0.000883000000000
0.000964000000000
0.000934000000000
0.000861000000000
0.000882000000000
0.000907000000000
0.000872000000000
0.000846000000000
0.000904000000000
0.000929000000000
0.000884000000000
0.000861000000000
0.000819000000000
0.000856000000000
0.000860000000000
0.000857000000000
0.000859000000000
0.000986000000000
0.000876000000000
0.001230000000000
0.001005000000000
0.001101000000000
0.000937000000000
0.000843000000000
0.000874000000000
0.000855000000000
0.000880000000000
0.000845000000000
0.000858000000000
0.000896000000000
0.000867000000000
0.000964000000000
0.000913000000000
0.000909000000000
0.001973000000000
0.001107000000000
0.000793000000000
0.000841000000000
0.000817000000000
0.000921000000000
0.001250000000000
0.000942000000000
0.000773000000000
0.000852000000000
0.000857000000000
0.001586000000000
0.001218000000000
0.000802000000000
0.002312000000000
0.000873000000000
0.000867000000000
0.000848000000000
0.000867000000000
0.001216000000000
0.001066000000000
0.001576000000000
0.000882000000000
0.000953000000000
0.000950000000000
0.001267000000000
0.001315000000000
0.000842000000000
0.000998000000000
0.001069000000000
0.000883000000000
0.001075000000000
0.000987000000000
0.000873000000000
0.000880000000000
0.000855000000000
0.000873000000000
0.002549000000000
0.000857000000000
0.000852000000000
0.001955000000000
0.000948000000000
0.000816000000000
0.001099000000000
0.000925000000000
0.001949000000000
0.000861000000000
0.000942000000000
0.000986000000000
0.000878000000000
0.001559000000000
0.000992000000000
0.001359000000000
0.000844000000000
0.000836000000000
0.000856000000000
0.000939000000000
0.000810000000000
0.000858000000000
0.001068000000000
0.000805000000000
0.001250000000000
0.000812000000000
0.000916000000000
0.000868000000000
0.000860000000000
0.002111000000000
0.000869000000000
0.000886000000000
0.000842000000000
0.001783000000000
0.000832000000000
0.001045000000000
0.001064000000000
0.001150000000000
0.000866000000000
0.000851000000000
0.001233000000000
0.002294000000000
0.001231000000000
0.001263000000000
0.000835000000000
0.000812000000000
0.000864000000000
0.001225000000000
0.001530000000000
0.000858000000000
0.001124000000000
0.000956000000000
0.000981000000000
0.000912000000000
0.001004000000000
0.000854000000000
0.001009000000000
0.001218000000000
0.001012000000000
0.000859000000000
0.001087000000000
0.000887000000000
0.001622000000000
0.000865000000000
0.000860000000000
0.000824000000000
0.000894000000000
0.001399000000000
0.000983000000000
0.000983000000000
0.000846000000000
0.001693000000000
0.000876000000000
0.001051000000000
0.000878000000000
0.000879000000000
0.000815000000000
0.000857000000000
0.000857000000000
0.001061000000000
0.000886000000000
0.000903000000000
0.000821000000000
0.001021000000000
0.001893000000000
0.000902000000000
0.000952000000000
0.002600000000000
0.000820000000000
0.001013000000000
0.001823000000000
0.000926000000000
0.000845000000000
0.000994000000000
0.001607000000000
0.000999000000000
0.002263000000000
0.001977000000000
0.000883000000000
0.000856000000000
0.000899000000000
0.000859000000000
0.000867000000000
0.000912000000000
0.001016000000000
0.000876000000000
0.000816000000000
0.000860000000000
0.000923000000000
0.000893000000000
0.000872000000000
0.000860000000000
0.000888000000000
0.000889000000000
0.000920000000000
0.000963000000000
0.001275000000000
0.000845000000000
0.000861000000000
0.000849000000000
0.000869000000000
0.000879000000000
0.001310000000000
0.001116000000000
0.000860000000000
0.000909000000000
0.000873000000000
0.001068000000000
0.000866000000000
0.000881000000000
0.000854000000000
0.000870000000000
0.001634000000000
0.000910000000000
0.000998000000000
0.000860000000000
0.000871000000000
0.000804000000000
0.001269000000000
0.001831000000000
0.000853000000000
0.000857000000000
0.000877000000000
0.001626000000000
0.001103000000000
0.000955000000000
0.001954000000000
0.000878000000000
0.000858000000000
0.001865000000000
0.000886000000000
0.001203000000000
0.000982000000000
0.000999000000000
0.000818000000000
0.000871000000000
0.001951000000000
0.000993000000000
0.000850000000000
0.001245000000000
0.000862000000000
0.001122000000000
0.000869000000000
0.000904000000000
0.000826000000000
0.001450000000000
0.001034000000000
0.003087000000000
0.001008000000000
0.000841000000000
0.001895000000000
0.000877000000000
0.000869000000000
0.001478000000000
0.000871000000000
0.000857000000000
0.001001000000000
0.000968000000000
0.001885000000000
0.000911000000000
0.000896000000000
0.000871000000000
0.001051000000000
0.002124000000000
0.001800000000000
0.001421000000000
0.000848000000000
0.001277000000000
0.000846000000000
0.000883000000000
0.000932000000000
0.000860000000000
0.000897000000000
0.001179000000000
0.001192000000000
0.000840000000000
0.001110000000000
0.001300000000000
0.000892000000000
0.001030000000000
0.000848000000000
0.001113000000000
0.001490000000000
0.001062000000000
0.000870000000000
0.001382000000000
0.001308000000000
0.001184000000000
0.001050000000000
0.002142000000000
0.000857000000000
0.000851000000000
0.000980000000000
0.000861000000000
0.000857000000000
0.000873000000000
0.000858000000000
0.000879000000000
0.001058000000000
0.000859000000000
0.000929000000000
0.000838000000000
0.001171000000000
0.001255000000000
0.000931000000000
0.001719000000000
0.002295000000000
0.000900000000000
0.001378000000000
0.000903000000000
0.001159000000000
0.001270000000000
0.000845000000000
0.002550000000000
0.001302000000000
0.000861000000000
0.002567000000000
0.000851000000000
0.000881000000000
0.002381000000000
0.000896000000000
0.000874000000000
0.001246000000000
0.000860000000000
0.001205000000000
0.001237000000000
0.001025000000000
0.001010000000000
0.000991000000000
0.000932000000000
0.000871000000000
0.001289000000000
0.000850000000000
0.000857000000000
0.000839000000000
0.000878000000000
0.000870000000000
0.001172000000000
0.001166000000000
0.001039000000000
0.000962000000000
0.001045000000000
0.000880000000000
0.000926000000000
0.002800000000000
0.001978000000000
0.000846000000000
0.001050000000000
0.000854000000000
0.002309000000000
0.001185000000000
0.001653000000000
0.000952000000000
0.000858000000000
0.000864000000000
0.000866000000000
0.001276000000000
0.001086000000000
0.000855000000000
0.000988000000000
0.000951000000000
0.001373000000000
0.000954000000000
0.000863000000000
0.000871000000000
0.000874000000000
0.001115000000000
0.000899000000000
0.000853000000000
0.001830000000000
0.000817000000000
0.000822000000000
0.000951000000000
0.000851000000000
0.000865000000000
0.000817000000000
0.001147000000000
0.002761000000000
0.001027000000000
0.001002000000000
0.000930000000000
0.000847000000000
0.000839000000000
0.000951000000000
0.001183000000000
0.001205000000000
0.000876000000000
0.000847000000000
0.001149000000000
0.000868000000000
0.000851000000000
0.000905000000000
0.000887000000000
0.000944000000000
0.000882000000000
0.000874000000000
0.000850000000000
0.002012000000000
0.000993000000000
0.000848000000000
0.002321000000000
0.001239000000000
0.002593000000000
0.000857000000000
0.000802000000000
0.000879000000000
0.001800000000000
0.000975000000000
0.001230000000000
0.001100000000000
0.001499000000000
0.001033000000000
0.000859000000000
0.001733000000000
0.001014000000000
0.001195000000000
0.000847000000000
0.001817000000000
0.001616000000000
0.000881000000000
0.002339000000000
0.000921000000000
0.000905000000000
0.001084000000000
