0.001066000000000
0.001021000000000
0.001196000000000
0.000958000000000
0.000980000000000
0.000849000000000
0.000866000000000
0.001008000000000
0.001538000000000
0.001208000000000
0.002316000000000
0.001191000000000
0.000874000000000
0.000956000000000
0.000991000000000
0.000919000000000
0.001114000000000
0.000829000000000
0.000879000000000
0.001355000000000
0.001499000000000
0.001137000000000
0.001243000000000
0.001070000000000
0.000997000000000
0.001273000000000
0.001050000000000
0.001209000000000
0.001187000000000
0.001459000000000
0.000957000000000
0.001088000000000
0.000994000000000
0.001162000000000
0.000909000000000
0.001032000000000
0.001958000000000
0.000865000000000
0.001170000000000
0.000939000000000
0.000937000000000
0.000788000000000
0.001534000000000
0.001500000000000
0.000891000000000
0.000911000000000
0.000843000000000
0.002055000000000
0.000828000000000
0.000995000000000
0.001473000000000
0.000836000000000
0.001565000000000
0.000924000000000
0.001646000000000
0.001053000000000
0.000793000000000
0.000988000000000
0.001077000000000
0.000961000000000
0.000999000000000
0.001020000000000
0.001813000000000
0.001086000000000
0.000959000000000
0.001282000000000
0.001581000000000
0.000834000000000
0.000948000000000
0.000875000000000
0.002169000000000
0.002233000000000
0.000993000000000
0.002022000000000
0.001448000000000
0.001026000000000
0.000932000000000
0.001159000000000
0.001039000000000
0.001459000000000
0.001441000000000
0.001033000000000
0.000803000000000
0.001115000000000
0.001349000000000
0.000993000000000
0.000839000000000
0.001236000000000
0.001004000000000
0.001589000000000
0.000999000000000
0.001515000000000
0.001281000000000
0.000867000000000
0.001410000000000
0.001028000000000
0.001000000000000
0.001064000000000
0.000872000000000
0.000862000000000
0.002342000000000
0.001284000000000
0.000876000000000
0.001010000000000
0.000904000000000
0.001014000000000
0.001697000000000
0.000872000000000
0.000918000000000
0.001043000000000
0.000876000000000
0.001254000000000
0.001281000000000
0.000849000000000
0.001029000000000
0.000973000000000
0.000806000000000
0.000990000000000
0.001011000000000
0.000924000000000
0.001130000000000
0.000876000000000
0.000867000000000
0.000908000000000
0.000897000000000
0.000865000000000
0.001018000000000
0.001049000000000
0.002329000000000
0.000820000000000
0.001422000000000
0.002080000000000
0.000921000000000
0.001111000000000
0.000924000000000
0.001134000000000
0.000953000000000
0.001301000000000
0.000856000000000
0.000989000000000
0.002634000000000
0.000823000000000
0.001165000000000
0.001065000000000
0.000874000000000
0.000807000000000
0.000817000000000
0.001010000000000
0.000995000000000
0.001167000000000
0.000955000000000
0.000864000000000
0.000880000000000
0.000877000000000
0.000863000000000
0.000818000000000
0.000871000000000
0.000813000000000
0.000865000000000
0.000905000000000
0.000897000000000
0.001099000000000
0.000981000000000
0.000809000000000
0.001145000000000
0.000814000000000
0.000910000000000
0.000904000000000
0.000869000000000
0.000869000000000
0.002268000000000
0.000854000000000
0.001005000000000
0.001978000000000
0.000876000000000
0.002031000000000
0.000887000000000
0.001332000000000
0.001023000000000
0.000900000000000
0.000869000000000
0.000860000000000
0.000873000000000
0.001021000000000
0.001153000000000
0.002026000000000
0.001251000000000
0.000933000000000
0.000873000000000
0.000968000000000
0.001138000000000
0.000902000000000
0.000791000000000
0.000960000000000
0.000875000000000
0.000882000000000
0.000918000000000
0.000866000000000
0.001078000000000
0.002260000000000
0.000909000000000
0.001043000000000
0.000888000000000
0.001591000000000
0.000800000000000
0.000864000000000
0.000837000000000
0.000933000000000
0.000864000000000
0.000877000000000
0.000875000000000
0.000823000000000
0.002530000000000
0.000917000000000
0.000965000000000
0.000831000000000
0.000863000000000
0.000805000000000
0.001209000000000
0.000851000000000
0.000875000000000
0.001942000000000
0.001103000000000
0.001155000000000
0.001204000000000
0.001596000000000
0.000866000000000
0.001305000000000
0.000884000000000
0.000907000000000
0.001061000000000
0.000937000000000
0.001077000000000
0.000853000000000
0.001793000000000
0.000879000000000
0.001015000000000
0.000875000000000
0.000973000000000
0.001691000000000
0.000868000000000
0.000811000000000
0.001235000000000
0.001756000000000
0.000868000000000
0.000824000000000
0.000887000000000
0.001044000000000
0.000907000000000
0.001222000000000
0.001986000000000
0.000828000000000
0.001016000000000
0.000830000000000
0.000884000000000
0.000893000000000
0.000880000000000
0.000965000000000
0.001046000000000
0.000915000000000
0.001353000000000
0.000982000000000
0.001083000000000
0.000947000000000
0.000923000000000
0.000874000000000
0.001185000000000
0.000906000000000
0.000817000000000
0.001913000000000
0.001009000000000
0.000938000000000
0.000872000000000
0.002008000000000
0.000845000000000
0.001013000000000
0.002244000000000
0.001012000000000
0.002271000000000
0.001939000000000
0.000968000000000
0.001455000000000
0.000949000000000
0.001135000000000
0.001798000000000
0.000996000000000
0.000944000000000
0.000862000000000
0.001548000000000
0.000825000000000
0.000932000000000
0.000892000000000
0.000925000000000
0.000976000000000
0.000800000000000
0.000864000000000
0.001129000000000
0.002231000000000
0.001498000000000
0.001282000000000
0.000923000000000
0.000932000000000
0.000907000000000
0.000862000000000
0.000873000000000
0.000880000000000
0.000863000000000
0.000962000000000
0.000956000000000
0.001613000000000
0.000928000000000
0.000939000000000
0.001780000000000
0.000883000000000
0.000936000000000
0.000957000000000
0.001204000000000
0.001108000000000
0.000862000000000
0.000828000000000
0.001038000000000
0.000906000000000
0.000846000000000
0.000824000000000
0.000875000000000
0.001250000000000
0.000859000000000
0.000941000000000
0.000885000000000
0.000850000000000
0.001247000000000
0.000959000000000
0.000904000000000
0.000830000000000
0.000966000000000
0.001694000000000
0.001309000000000
0.000947000000000
0.000876000000000
0.000903000000000
0.000833000000000
0.001636000000000
0.000948000000000
0.002280000000000
0.000850000000000
0.000947000000000
0.001299000000000
0.001383000000000
0.000853000000000
0.000816000000000
0.000839000000000
0.000898000000000
0.001087000000000
0.001010000000000
0.000860000000000
0.000979000000000
0.000950000000000
0.000993000000000
0.001123000000000
0.001432000000000
0.001904000000000
0.001131000000000
0.001861000000000
0.001323000000000
0.000843000000000
0.000962000000000
0.000886000000000
0.000815000000000
0.001326000000000
0.000919000000000
0.002078000000000
0.000869000000000
0.000869000000000
0.001250000000000
0.001881000000000
0.000836000000000
0.000888000000000
0.000864000000000
0.000997000000000
0.000802000000000
0.000858000000000
0.000868000000000
0.001827000000000
0.001026000000000
0.000904000000000
0.000874000000000
0.001348000000000
0.000801000000000
0.000855000000000
0.001098000000000
0.002012000000000
0.000870000000000
0.002117000000000
0.001963000000000
0.001031000000000
0.000888000000000
0.000815000000000
0.000969000000000
0.000877000000000
0.002043000000000
0.000928000000000
0.000869000000000
0.001383000000000
0.001032000000000
0.001325000000000
0.001367000000000
0.000980000000000
0.000917000000000
0.001197000000000
0.000772000000000
0.000897000000000
0.000949000000000
0.000874000000000
0.000825000000000
0.000862000000000
0.000817000000000
0.000888000000000
0.000944000000000
0.000887000000000
0.000868000000000
0.000845000000000
0.000897000000000
0.000930000000000
0.000880000000000
0.001208000000000
0.000962000000000
0.000822000000000
0.000856000000000
0.000878000000000
0.000817000000000
0.000878000000000
0.000873000000000
0.000916000000000
0.000867000000000
0.001000000000000
0.001113000000000
0.002398000000000
0.002182000000000
0.000820000000000
0.000815000000000
0.001216000000000
0.001115000000000
0.002013000000000
0.000866000000000
0.000857000000000
0.001165000000000
0.000849000000000
0.001641000000000
0.000919000000000
0.000889000000000
0.001368000000000
0.000971000000000
0.000993000000000
0.000828000000000
0.001468000000000
0.000940000000000
0.000942000000000
0.001194000000000
0.001018000000000
0.001186000000000
0.000878000000000
0.000877000000000
0.001279000000000
0.000897000000000
0.001035000000000
0.000877000000000
0.000909000000000
0.000934000000000
0.000872000000000
0.000879000000000
0.000885000000000
0.001836000000000
0.001012000000000
0.000847000000000
0.000807000000000
0.000950000000000
0.000857000000000
0.000872000000000
0.000790000000000
0.002648000000000
0.000867000000000
0.001065000000000
0.000830000000000
0.000856000000000
0.001298000000000
0.000858000000000
0.000871000000000
0.001121000000000
0.000817000000000
0.000942000000000
0.002247000000000
0.000888000000000
0.000987000000000
0.000768000000000
0.000856000000000
0.000877000000000
0.000834000000000
0.001310000000000
0.001297000000000
0.001451000000000
0.000881000000000
0.000847000000000
0.000876000000000
0.002105000000000
0.000848000000000
0.001436000000000
0.001019000000000
0.000895000000000
0.000858000000000
0.000866000000000
0.000919000000000
0.001703000000000
0.000804000000000
0.000853000000000
0.000902000000000
0.001073000000000
0.001131000000000
0.000802000000000
0.001062000000000
0.000859000000000
0.001832000000000
0.000847000000000
0.000843000000000
0.001471000000000
0.001207000000000
0.002330000000000
0.002275000000000
0.000982000000000
0.000905000000000
0.000868000000000
0.000902000000000
0.001949000000000
0.000879000000000
0.001053000000000
0.001002000000000
0.001700000000000
0.000952000000000
0.000869000000000
0.000914000000000
0.001141000000000
0.000884000000000
0.000802000000000
0.001389000000000
0.001283000000000
0.000886000000000
0.001121000000000
0.000892000000000
0.001043000000000
0.001054000000000
0.000890000000000
0.000815000000000
0.000891000000000
0.000948000000000
0.000881000000000
0.000816000000000
0.001211000000000
0.002056000000000
0.000904000000000
0.000798000000000
0.000930000000000
0.001061000000000
0.001717000000000
0.000875000000000
0.000948000000000
0.001001000000000
0.002253000000000
0.001187000000000
0.001036000000000
0.000849000000000
0.000870000000000
0.001618000000000
0.001154000000000
0.000949000000000
0.000904000000000
0.000888000000000
0.001956000000000
0.001969000000000
0.000955000000000
0.000808000000000
0.000837000000000
0.000872000000000
0.000797000000000
0.000893000000000
0.000889000000000
0.001158000000000
0.001391000000000
0.001346000000000
0.000845000000000
0.000981000000000
0.000865000000000
0.000914000000000
0.000849000000000
0.000768000000000
0.000996000000000
0.000877000000000
0.001198000000000
0.000846000000000
0.000848000000000
0.000915000000000
0.000807000000000
0.000848000000000
0.000862000000000
0.000852000000000
0.000997000000000
0.000874000000000
0.000987000000000
0.002250000000000
0.000814000000000
0.001627000000000
0.001025000000000
0.001906000000000
0.000967000000000
0.000856000000000
0.000887000000000
0.000891000000000
0.000824000000000
0.001349000000000
0.002395000000000
0.001417000000000
0.001076000000000
0.001141000000000
0.000871000000000
0.000867000000000
0.000972000000000
0.000776000000000
0.001161000000000
0.002331000000000
0.000999000000000
0.000847000000000
0.000881000000000
0.000989000000000
0.000973000000000
0.000993000000000
0.000875000000000
0.000815000000000
0.000873000000000
0.000893000000000
0.001037000000000
0.000872000000000
0.000878000000000
0.000868000000000
0.001064000000000
0.001373000000000
0.000928000000000
0.001809000000000
0.000864000000000
0.001141000000000
0.000818000000000
0.000799000000000
0.000888000000000
0.000785000000000
0.002030000000000
0.000875000000000
0.000989000000000
0.000996000000000
0.001008000000000
0.001234000000000
0.000999000000000
0.000973000000000
0.001249000000000
0.000815000000000
0.002184000000000
0.000930000000000
0.000939000000000
0.000885000000000
0.001029000000000
0.000878000000000
0.000958000000000
0.000867000000000
0.000992000000000
0.001500000000000
0.001412000000000
0.000871000000000
0.002240000000000
0.000956000000000
0.001373000000000
0.000872000000000
0.000878000000000
0.000853000000000
0.000785000000000
0.001025000000000
0.000896000000000
0.001011000000000
0.000848000000000
0.001231000000000
0.002080000000000
0.000996000000000
0.001080000000000
0.000959000000000
0.001031000000000
0.001009000000000
0.001554000000000
0.000887000000000
0.000829000000000
0.000868000000000
0.002200000000000
0.002063000000000
0.000848000000000
0.000881000000000
0.000995000000000
0.000862000000000
0.001089000000000
0.000806000000000
0.001085000000000
0.002228000000000
0.002124000000000
0.000918000000000
0.000791000000000
0.001093000000000
0.000920000000000
0.000856000000000
0.000891000000000
0.000935000000000
0.001240000000000
0.000891000000000
0.001332000000000
0.001025000000000
0.000786000000000
0.001235000000000
0.001566000000000
0.000912000000000
0.000877000000000
0.001011000000000
0.001205000000000
0.000873000000000
0.000934000000000
0.000991000000000
0.000814000000000
0.000877000000000
0.001398000000000
0.000819000000000
0.000870000000000
0.001936000000000
0.001098000000000
0.000853000000000
0.001030000000000
0.001015000000000
0.000869000000000
0.001355000000000
0.000961000000000
0.000823000000000
0.000800000000000
0.000855000000000
0.001040000000000
0.000850000000000
0.000811000000000
0.001039000000000
0.000967000000000
0.001266000000000
0.001091000000000
0.000865000000000
0.000969000000000
0.000787000000000
0.000861000000000
0.000851000000000
0.001067000000000
0.000996000000000
0.001258000000000
0.001284000000000
0.000852000000000
0.001189000000000
0.000840000000000
0.000908000000000
0.001004000000000
0.000877000000000
0.002107000000000
0.001000000000000
0.000872000000000
0.000864000000000
0.000807000000000
0.000839000000000
0.000845000000000
0.000969000000000
0.000958000000000
0.000856000000000
0.001220000000000
0.000891000000000
0.001281000000000
0.000921000000000
0.001449000000000
0.001051000000000
0.002172000000000
0.000864000000000
0.001157000000000
0.000853000000000
0.001193000000000
0.000778000000000
0.000880000000000
0.001072000000000
0.000772000000000
0.001063000000000
0.001489000000000
0.001208000000000
0.000866000000000
0.001899000000000
0.001113000000000
0.000918000000000
0.000815000000000
0.001413000000000
0.000817000000000
0.000799000000000
0.000921000000000
0.001418000000000
0.000867000000000
0.000985000000000
0.000857000000000
0.000921000000000
0.000867000000000
0.001258000000000
0.000858000000000
0.000870000000000
0.000995000000000
0.000916000000000
0.000841000000000
0.001617000000000
0.001856000000000
0.000820000000000
0.000871000000000
0.001263000000000
0.000908000000000
0.000878000000000
0.001409000000000
0.000882000000000
0.001176000000000
0.001025000000000
0.000846000000000
0.000863000000000
0.000869000000000
0.001006000000000
0.001044000000000
0.000883000000000
0.000816000000000
0.000849000000000
0.002278000000000
0.000819000000000
0.000873000000000
0.000820000000000
0.000781000000000
0.000964000000000
0.000914000000000
0.000840000000000
0.000863000000000
0.000850000000000
0.000917000000000
0.000872000000000
0.000825000000000
0.000901000000000
0.000897000000000
0.000974000000000
0.000896000000000
0.000870000000000
0.000852000000000
0.000961000000000
0.000798000000000
0.002520000000000
0.001019000000000
0.001051000000000
0.001316000000000
0.001004000000000
0.001202000000000
0.001111000000000
0.000881000000000
0.000849000000000
0.000937000000000
0.000769000000000
0.000943000000000
0.000809000000000
0.002612000000000
0.000771000000000
0.001570000000000
0.001078000000000
0.000940000000000
0.000958000000000
0.000800000000000
0.000862000000000
0.001055000000000
0.000846000000000
0.000889000000000
0.000864000000000
0.001046000000000
0.001152000000000
0.000949000000000
0.000883000000000
0.000882000000000
0.001320000000000
0.001895000000000
0.001570000000000
0.000862000000000
0.000850000000000
0.000881000000000
0.000823000000000
0.001560000000000
0.001075000000000
0.000973000000000
0.002186000000000
0.000815000000000
0.000876000000000
0.000955000000000
0.000897000000000
0.001791000000000
0.000940000000000
0.001081000000000
0.000876000000000
0.001286000000000
0.001871000000000
0.000858000000000
0.000944000000000
0.000858000000000
0.001045000000000
0.000839000000000
0.001867000000000
0.001530000000000
0.000871000000000
0.001072000000000
0.001793000000000
0.000857000000000
0.001163000000000
0.000888000000000
0.000851000000000
0.000860000000000
0.000846000000000
0.000966000000000
0.000895000000000
0.000878000000000
0.001071000000000
0.000819000000000
0.001093000000000
0.000910000000000
0.000922000000000
0.000854000000000
0.000887000000000
0.002311000000000
0.000847000000000
0.001372000000000
0.000856000000000
0.001398000000000
0.001175000000000
0.000855000000000
0.001041000000000
0.000863000000000
0.001942000000000
0.000865000000000
0.000984000000000
0.000921000000000
0.001023000000000
0.001808000000000
0.000866000000000
0.000856000000000
0.001577000000000
0.000865000000000
0.001548000000000
0.000775000000000
0.001725000000000
0.001139000000000
0.000916000000000
0.001982000000000
0.000810000000000
0.000809000000000
0.000773000000000
0.000865000000000
0.001160000000000
0.001160000000000
0.000884000000000
0.000866000000000
0.000773000000000
0.000925000000000
0.000836000000000
0.000971000000000
0.000875000000000
0.000856000000000
0.000824000000000
0.001010000000000
0.000853000000000
0.000817000000000
0.001355000000000
0.001027000000000
0.000858000000000
0.001261000000000
0.001113000000000
0.002192000000000
0.000876000000000
0.000868000000000
0.000863000000000
0.000873000000000
0.000882000000000
0.000879000000000
0.002161000000000
0.000860000000000
0.000888000000000
0.001315000000000
0.000857000000000
0.000855000000000
0.001608000000000
0.000821000000000
0.000873000000000
0.002339000000000
0.001174000000000
0.000873000000000
0.000893000000000
0.000860000000000
0.000873000000000
0.000844000000000
0.001363000000000
0.000892000000000
0.000820000000000
0.000822000000000
0.001343000000000
0.001008000000000
0.001021000000000
0.000841000000000
0.000855000000000
0.002447000000000
0.001224000000000
0.000811000000000
0.001167000000000
0.001325000000000
0.000891000000000
0.002051000000000
0.000853000000000
0.000783000000000
0.000908000000000
0.001344000000000
0.000892000000000
0.002296000000000
0.000861000000000
0.001115000000000
0.000862000000000
0.000773000000000
0.000888000000000
0.000865000000000
0.000885000000000
0.000840000000000
0.000936000000000
0.000891000000000
0.000869000000000
0.000887000000000
0.001067000000000
0.001035000000000
0.000858000000000
0.002253000000000
0.000903000000000
0.001051000000000
0.001172000000000
0.000875000000000
0.001982000000000
0.001238000000000
0.001193000000000
0.001268000000000
0.001134000000000
0.000945000000000
0.000962000000000
0.000849000000000
0.000870000000000
0.000818000000000
0.000816000000000
0.000803000000000
0.000876000000000
0.000814000000000
0.000857000000000
0.001308000000000
0.000874000000000
0.000875000000000
0.001180000000000
0.001898000000000
0.000859000000000
0.002095000000000
0.002285000000000
0.000874000000000
0.000881000000000
0.000875000000000
0.001978000000000
0.001174000000000
0.000945000000000
0.001997000000000
0.000868000000000
0.000859000000000
0.000912000000000
0.001308000000000
0.000880000000000
0.000974000000000
0.000938000000000
0.001203000000000
0.000776000000000
0.001000000000000
0.000862000000000
0.000965000000000
0.000903000000000
0.001466000000000
0.000871000000000
0.001223000000000
0.001104000000000
0.000922000000000
0.002306000000000
0.001191000000000
0.001011000000000
0.000896000000000
0.000891000000000
0.001076000000000
0.001241000000000
0.000907000000000
0.000837000000000
0.001478000000000
0.000869000000000
0.002257000000000
0.001079000000000
0.000891000000000
0.000814000000000
0.000884000000000
0.000819000000000
0.000892000000000
0.001127000000000
0.000867000000000
0.002277000000000
0.000772000000000
0.000867000000000
0.000945000000000
0.000866000000000
0.001552000000000
0.000851000000000
0.000804000000000
0.000850000000000
0.001041000000000
0.002084000000000
0.000868000000000
0.001077000000000
0.002470000000000
0.000902000000000
0.000869000000000
0.001142000000000
0.000871000000000
0.000847000000000
0.000850000000000
0.000865000000000
0.001087000000000
0.001051000000000
0.001107000000000
0.001043000000000
0.000871000000000
0.000829000000000
0.002025000000000
0.001215000000000
0.001996000000000
0.002281000000000
0.000860000000000
0.001241000000000
0.001066000000000
0.001131000000000
0.002257000000000
0.000817000000000
0.002130000000000
0.000861000000000
0.002459000000000
0.001361000000000
0.000967000000000
0.001223000000000
0.001261000000000
0.001178000000000
0.000878000000000
0.000887000000000
0.000896000000000
0.001371000000000
0.000864000000000
0.001054000000000
0.001523000000000
0.000846000000000
0.000864000000000
0.000776000000000
0.001143000000000
0.002042000000000
0.001107000000000
0.002280000000000
0.000918000000000
0.001024000000000
0.001000000000000
0.002322000000000
0.001064000000000
0.000806000000000
0.000865000000000
0.000778000000000
0.000955000000000
0.001235000000000
0.001073000000000
0.000965000000000
0.000795000000000
0.001112000000000
0.000954000000000
0.001683000000000
0.000812000000000
0.001324000000000
0.001408000000000
0.000997000000000
0.000862000000000
0.000777000000000
0.000843000000000
0.000847000000000
0.000935000000000
0.000845000000000
0.000873000000000
0.000939000000000
0.000887000000000
0.002562000000000
0.001009000000000
0.000850000000000
0.000788000000000
0.000858000000000
0.000844000000000
0.000884000000000
0.000874000000000
0.001791000000000
0.001214000000000
0.000909000000000
0.001285000000000
0.001843000000000
0.000876000000000
0.001072000000000
0.000782000000000
0.000936000000000
0.001209000000000
0.000860000000000
0.000896000000000
0.000864000000000
0.000881000000000
0.000807000000000
0.000868000000000
0.000903000000000
0.001342000000000
0.000872000000000
0.000898000000000
0.000988000000000
0.000952000000000
0.000963000000000
0.000895000000000
0.000859000000000
0.002104000000000
0.001047000000000
0.000863000000000
0.002606000000000
0.001009000000000
0.001622000000000
0.000971000000000
0.000822000000000
0.000926000000000
0.000969000000000
0.000944000000000
0.001327000000000
0.001092000000000
0.001196000000000
0.000876000000000
0.001308000000000
0.000859000000000
0.001050000000000
0.000880000000000
0.001071000000000
0.000935000000000
0.002251000000000
0.000822000000000
0.001030000000000
0.000869000000000
0.001153000000000
0.001138000000000
0.001171000000000
0.000870000000000
0.001494000000000
0.000932000000000
0.001157000000000
0.001005000000000
0.001004000000000
0.001211000000000
0.001152000000000
0.000864000000000
0.000949000000000
0.000857000000000
0.001448000000000
0.002188000000000
0.000888000000000
0.000946000000000
0.001179000000000
0.001762000000000
0.000927000000000
0.000940000000000
0.001221000000000
0.000940000000000
0.000867000000000
0.000830000000000
0.000810000000000
0.000871000000000
0.000878000000000
0.000958000000000
0.000911000000000
0.001057000000000
0.000854000000000
0.003071000000000
0.000908000000000
0.000772000000000
0.002280000000000
0.000813000000000
0.001726000000000
0.001548000000000
0.000855000000000
0.001868000000000
0.000855000000000
0.000869000000000
0.000884000000000
0.001234000000000
0.001619000000000
0.000874000000000
0.000965000000000
0.000868000000000
0.000901000000000
0.000846000000000
0.001508000000000
0.000927000000000
0.001003000000000
0.001990000000000
0.000815000000000
0.001295000000000
0.000818000000000
0.001197000000000
0.002165000000000
0.001020000000000
0.001428000000000
0.001509000000000
0.001169000000000
0.001054000000000
0.001146000000000
0.000869000000000
0.001321000000000
0.000870000000000
0.000990000000000
0.000865000000000
0.001400000000000
0.001196000000000
0.000910000000000
0.001587000000000
0.001130000000000
0.001089000000000
0.000879000000000
0.001194000000000
0.001314000000000
0.000872000000000
0.001262000000000
0.000867000000000
0.001697000000000
0.000998000000000
0.000874000000000
0.001290000000000
0.001334000000000
0.000984000000000
0.001369000000000
0.000969000000000
0.001898000000000
0.000860000000000
0.000911000000000
0.000926000000000
0.001007000000000
0.000890000000000
0.001105000000000
0.000802000000000
0.000877000000000
0.000880000000000
0.001097000000000
0.000787000000000
0.000879000000000
0.001762000000000
0.000811000000000
0.000826000000000
0.001481000000000
0.001302000000000
0.000945000000000
0.001503000000000
0.000920000000000
0.000859000000000
0.001152000000000
0.000980000000000
0.000852000000000
0.000883000000000
0.000880000000000
0.000902000000000
0.000880000000000
0.000816000000000
0.001761000000000
0.001108000000000
0.000939000000000
0.000875000000000
0.000935000000000
0.002065000000000
0.000854000000000
0.000825000000000
0.000872000000000
0.001116000000000
0.000916000000000
0.002069000000000
0.001229000000000
0.000959000000000
0.000841000000000
0.000887000000000
0.000866000000000
0.000820000000000
0.001048000000000
0.001128000000000
0.000900000000000
0.001468000000000
0.001480000000000
0.000813000000000
0.000934000000000
0.001314000000000
0.001056000000000
0.002398000000000
0.000865000000000
0.000825000000000
0.002254000000000
0.000903000000000
0.000824000000000
0.000925000000000
0.001055000000000
0.000800000000000
0.001331000000000
0.001942000000000
0.000879000000000
0.000788000000000
0.001014000000000
0.000916000000000
0.000944000000000
0.000808000000000
0.000958000000000
0.000864000000000
0.000853000000000
0.001561000000000
0.002433000000000
0.001044000000000
0.001944000000000
0.000827000000000
0.000978000000000
0.001046000000000
0.000853000000000
0.002108000000000
0.000878000000000
0.001078000000000
0.000924000000000
0.000869000000000
0.001121000000000
0.000882000000000
0.002294000000000
0.000935000000000
0.000875000000000
0.001880000000000
0.000958000000000
0.001026000000000
0.002297000000000
0.001372000000000
0.000940000000000
0.000825000000000
0.000811000000000
0.001394000000000
0.002153000000000
0.002291000000000
0.000813000000000
0.000940000000000
0.001714000000000
0.001110000000000
0.000862000000000
0.000900000000000
0.001359000000000
0.001968000000000
0.000878000000000
0.000887000000000
0.001562000000000
0.001961000000000
0.001715000000000
0.001514000000000
0.000856000000000
0.001111000000000
0.000841000000000
0.001102000000000
0.000857000000000
0.002187000000000
0.001027000000000
0.000870000000000
0.001302000000000
0.001099000000000
0.001111000000000
0.001214000000000
0.001146000000000
0.000895000000000
0.000860000000000
0.001882000000000
0.000845000000000
0.000866000000000
0.001312000000000
0.000874000000000
0.000870000000000
0.000871000000000
0.000800000000000
0.000857000000000
0.002635000000000
0.002034000000000
0.000800000000000
0.000814000000000
0.000822000000000
0.000937000000000
0.000869000000000
0.000897000000000
0.001154000000000
0.000976000000000
0.002278000000000
0.000867000000000
0.001273000000000
0.001032000000000
0.001011000000000
0.002209000000000
0.000917000000000
0.000981000000000
0.000876000000000
0.000980000000000
0.000968000000000
0.001293000000000
0.000845000000000
0.000873000000000
0.001244000000000
0.001006000000000
0.000947000000000
0.000844000000000
0.000891000000000
0.001087000000000
0.000851000000000
0.001281000000000
0.000895000000000
0.000966000000000
0.000896000000000
0.001095000000000
0.000873000000000
0.000848000000000
0.001301000000000
0.001078000000000
0.000858000000000
0.001035000000000
0.001442000000000
0.001045000000000
0.002130000000000
0.001071000000000
0.001973000000000
0.001125000000000
0.000897000000000
0.000840000000000
0.000782000000000
0.001020000000000
0.002257000000000
0.001051000000000
0.002209000000000
0.001062000000000
0.000958000000000
0.000870000000000
0.000820000000000
0.001001000000000
0.001146000000000
0.000888000000000
0.000874000000000
0.000877000000000
0.001488000000000
0.001791000000000
0.000876000000000
0.000968000000000
0.000884000000000
0.000905000000000
0.000864000000000
0.000882000000000
0.000879000000000
0.002895000000000
0.000776000000000
0.000970000000000
0.002207000000000
0.001055000000000
0.001424000000000
0.000873000000000
0.000812000000000
0.000789000000000
0.000892000000000
0.001339000000000
0.000994000000000
0.001383000000000
0.001323000000000
0.000871000000000
0.001211000000000
0.001134000000000
0.000906000000000
0.000887000000000
0.001346000000000
0.000817000000000
0.002263000000000
0.000896000000000
0.000863000000000
0.000930000000000
0.000898000000000
0.000987000000000
0.001515000000000
0.000950000000000
0.000889000000000
0.001415000000000
0.000954000000000
0.000899000000000
0.000894000000000
0.000823000000000
0.000910000000000
0.002313000000000
0.001713000000000
0.000894000000000
0.000865000000000
0.000873000000000
0.000946000000000
0.001272000000000
0.002273000000000
0.000852000000000
0.000850000000000
0.002090000000000
0.000982000000000
0.001351000000000
0.000843000000000
0.001627000000000
0.000823000000000
0.000867000000000
0.001439000000000
0.001083000000000
0.000791000000000
0.000816000000000
0.001204000000000
0.001053000000000
0.001703000000000
0.000890000000000
0.001022000000000
0.000964000000000
0.000816000000000
0.001034000000000
0.000918000000000
0.000863000000000
0.000884000000000
0.000855000000000
0.001036000000000
0.000937000000000
0.000871000000000
0.000809000000000
0.001326000000000
0.002368000000000
0.000870000000000
0.000936000000000
0.000981000000000
0.002272000000000
0.000856000000000
0.000956000000000
0.001029000000000
0.000867000000000
0.001102000000000
0.001725000000000
0.000845000000000
0.000880000000000
0.002278000000000
0.000980000000000
0.000869000000000
0.000825000000000
0.000941000000000
0.001732000000000
0.001007000000000
0.001036000000000
0.001052000000000
0.001585000000000
0.001176000000000
0.001045000000000
0.002823000000000
0.000884000000000
0.000823000000000
0.001078000000000
0.000806000000000
0.001906000000000
0.000880000000000
0.002338000000000
0.000851000000000
0.000999000000000
0.001676000000000
0.000861000000000
0.001375000000000
0.002802000000000
0.000885000000000
0.000868000000000
0.002111000000000
0.001091000000000
0.000861000000000
0.001031000000000
0.000886000000000
0.000913000000000
0.000819000000000
0.000930000000000
0.000889000000000
0.000886000000000
0.000860000000000
0.000878000000000
0.000882000000000
0.000881000000000
0.001968000000000
0.002123000000000
0.000866000000000
0.000860000000000
0.000944000000000
0.000883000000000
0.001465000000000
0.001897000000000
0.001135000000000
0.001992000000000
0.001172000000000
0.000881000000000
0.000880000000000
0.002003000000000
0.001102000000000
0.000894000000000
0.000966000000000
0.000815000000000
0.001789000000000
0.001559000000000
0.001155000000000
0.000787000000000
0.002267000000000
0.001052000000000
0.000989000000000
0.000963000000000
0.000980000000000
0.000891000000000
0.000982000000000
0.002032000000000
0.001031000000000
0.001247000000000
0.000809000000000
0.000871000000000
0.002200000000000
0.001556000000000
0.000823000000000
0.002839000000000
0.002405000000000
0.000877000000000
0.000782000000000
0.002164000000000
0.001173000000000
0.001248000000000
0.001048000000000
0.000818000000000
0.000884000000000
0.000815000000000
0.001332000000000
0.000823000000000
0.000868000000000
0.000896000000000
0.000914000000000
0.000919000000000
0.001957000000000
0.000935000000000
0.000787000000000
0.001895000000000
0.001179000000000
0.000883000000000
0.000789000000000
0.000870000000000
0.001117000000000
0.000990000000000
0.001898000000000
0.000852000000000
0.000853000000000
0.001083000000000
0.000989000000000
0.000861000000000
0.001888000000000
0.000785000000000
0.001658000000000
0.000930000000000
0.001522000000000
0.000892000000000
0.000921000000000
0.000894000000000
0.001033000000000
0.001460000000000
0.000936000000000
0.001063000000000
0.000937000000000
0.001049000000000
0.000866000000000
0.001469000000000
0.000978000000000
0.000852000000000
0.001164000000000
0.000828000000000
0.000874000000000
0.000865000000000
0.000981000000000
0.001187000000000
0.001364000000000
0.000888000000000
0.002198000000000
0.000888000000000
0.001203000000000
0.000784000000000
0.000920000000000
0.000787000000000
0.001137000000000
0.001157000000000
0.000800000000000
0.000997000000000
0.000893000000000
0.002290000000000
0.000856000000000
0.000875000000000
0.000857000000000
0.000863000000000
0.000885000000000
0.000819000000000
0.000875000000000
0.000874000000000
0.001063000000000
0.000848000000000
0.001983000000000
0.000900000000000
0.001337000000000
0.001319000000000
0.000871000000000
0.002739000000000
0.000781000000000
0.000826000000000
0.000895000000000
0.001850000000000
0.001659000000000
0.002396000000000
0.001955000000000
0.001134000000000
0.000896000000000
0.000891000000000
0.001027000000000
0.001933000000000
0.001005000000000
0.001047000000000
0.002208000000000
0.002472000000000
0.000886000000000
0.000899000000000
0.002766000000000
0.001997000000000
0.000844000000000
0.000805000000000
0.000779000000000
0.001965000000000
0.000972000000000
0.000980000000000
0.000785000000000
0.001064000000000
0.000881000000000
0.000862000000000
0.000895000000000
0.000889000000000
0.001593000000000
0.000867000000000
0.000907000000000
0.000901000000000
0.001058000000000
0.000933000000000
0.001122000000000
0.002220000000000
0.000889000000000
0.000986000000000
0.002767000000000
0.000889000000000
0.001117000000000
0.000926000000000
0.000871000000000
0.000786000000000
0.002224000000000
0.000876000000000
0.002027000000000
0.000945000000000
0.000830000000000
0.000900000000000
0.000785000000000
0.000877000000000
0.001039000000000
0.000879000000000
0.001038000000000
0.000884000000000
0.000782000000000
0.000918000000000
0.000879000000000
0.000859000000000
0.000853000000000
0.002062000000000
0.002098000000000
0.002349000000000
0.002274000000000
0.000873000000000
0.000881000000000
0.000887000000000
0.001014000000000
0.001981000000000
0.001163000000000
0.001531000000000
0.000885000000000
0.000980000000000
0.001012000000000
0.001015000000000
0.000894000000000
0.000940000000000
0.000934000000000
0.002142000000000
0.001894000000000
0.001023000000000
0.001024000000000
0.001860000000000
0.000826000000000
0.000884000000000
0.001128000000000
0.001085000000000
0.002091000000000
0.000877000000000
0.000871000000000
0.001075000000000
0.001805000000000
0.001959000000000
0.000868000000000
0.001967000000000
0.000849000000000
0.001147000000000
0.001893000000000
0.001815000000000
0.000836000000000
0.001032000000000
0.000857000000000
0.001017000000000
0.002168000000000
0.000869000000000
0.001432000000000
0.000902000000000
0.001290000000000
0.009753000000000
0.001355000000000
0.000829000000000
0.001067000000000
0.001189000000000
0.000848000000000
0.002456000000000
0.000852000000000
0.000961000000000
0.000958000000000
0.000974000000000
0.000973000000000
0.000909000000000
0.000863000000000
0.001957000000000
0.001030000000000
0.001120000000000
0.000930000000000
0.001698000000000
0.001895000000000
0.001927000000000
0.001971000000000
0.001152000000000
0.000858000000000
0.000886000000000
0.001954000000000
0.001727000000000
0.000857000000000
0.000967000000000
0.000898000000000
0.001443000000000
0.001936000000000
0.000874000000000
0.000904000000000
0.001773000000000
0.002229000000000
0.001825000000000
0.002015000000000
0.001065000000000
0.001042000000000
0.000958000000000
0.000854000000000
0.002796000000000
0.000855000000000
0.000886000000000
0.000847000000000
0.001060000000000
0.001353000000000
0.000954000000000
0.001754000000000
0.002071000000000
0.000990000000000
0.002193000000000
0.001159000000000
0.000883000000000
0.001185000000000
0.001814000000000
0.002129000000000
0.000796000000000
0.001328000000000
0.000993000000000
0.001923000000000
0.001296000000000
0.000921000000000
0.000933000000000
0.001027000000000
0.000902000000000
0.000860000000000
0.000883000000000
0.001183000000000
0.000878000000000
0.000943000000000
0.000912000000000
0.000915000000000
0.001985000000000
0.001149000000000
0.000940000000000
0.000895000000000
0.001682000000000
0.001721000000000
0.001029000000000
0.000864000000000
0.002237000000000
0.000855000000000
0.001901000000000
0.000930000000000
0.001198000000000
0.000851000000000
0.000904000000000
0.000890000000000
0.001040000000000
0.001340000000000
0.001271000000000
0.000867000000000
0.000866000000000
0.001848000000000
0.000859000000000
0.002081000000000
0.001011000000000
0.001188000000000
0.000939000000000
0.000824000000000
0.001016000000000
0.000870000000000
0.001143000000000
0.001624000000000
0.001179000000000
0.000920000000000
0.002115000000000
0.000876000000000
0.001266000000000
0.001131000000000
0.000879000000000
0.001896000000000
0.002246000000000
0.000822000000000
0.002280000000000
0.000877000000000
0.000788000000000
0.001236000000000
0.002683000000000
0.001357000000000
0.001239000000000
0.000860000000000
0.001965000000000
0.000946000000000
0.001993000000000
0.001109000000000
0.001378000000000
0.000906000000000
0.001377000000000
0.001942000000000
0.001032000000000
0.002371000000000
0.000880000000000
0.000872000000000
0.000988000000000
0.001575000000000
0.000879000000000
0.000960000000000
0.000881000000000
0.001931000000000
0.000871000000000
0.002664000000000
0.000867000000000
0.000869000000000
0.001085000000000
0.000889000000000
0.001899000000000
0.001866000000000
0.000868000000000
0.001087000000000
0.001335000000000
0.000887000000000
0.000869000000000
0.001009000000000
0.000886000000000
0.000834000000000
0.001524000000000
0.000885000000000
0.002087000000000
0.001043000000000
0.000884000000000
0.000877000000000
0.001976000000000
0.002473000000000
0.001007000000000
0.002948000000000
0.000893000000000
0.000963000000000
0.000903000000000
0.000872000000000
0.000874000000000
0.000879000000000
0.000944000000000
0.000857000000000
0.000890000000000
0.003045000000000
0.001960000000000
0.000992000000000
0.001956000000000
0.001008000000000
0.000844000000000
0.000887000000000
0.000931000000000
0.001099000000000
0.001181000000000
0.001282000000000
0.000876000000000
0.000896000000000
0.000982000000000
0.001207000000000
0.000910000000000
0.001162000000000
0.000860000000000
0.000995000000000
0.001937000000000
0.000898000000000
0.002027000000000
0.001053000000000
0.001123000000000
0.000880000000000
0.000868000000000
0.001783000000000
0.001254000000000
0.002477000000000
0.002024000000000
0.000900000000000
0.002257000000000
0.002275000000000
0.000855000000000
0.000908000000000
0.001915000000000
0.002335000000000
0.001594000000000
0.000865000000000
0.000846000000000
0.002362000000000
0.000894000000000
0.000916000000000
0.000832000000000
0.000865000000000
0.000895000000000
0.000784000000000
0.001062000000000
0.001023000000000
0.000871000000000
0.001357000000000
0.001374000000000
0.001974000000000
0.001355000000000
0.002301000000000
0.000866000000000
0.001038000000000
0.002044000000000
0.002814000000000
0.002747000000000
0.000890000000000
0.000883000000000
0.001141000000000
0.001780000000000
0.001218000000000
0.000934000000000
0.002215000000000
0.001435000000000
0.000925000000000
0.000986000000000
0.000979000000000
0.000811000000000
0.000901000000000
0.002454000000000
0.001879000000000
0.037559000000000
0.000871000000000
0.000877000000000
0.000864000000000
0.000940000000000
0.002557000000000
0.000883000000000
0.001145000000000
0.001591000000000
0.000796000000000
0.001685000000000
0.001318000000000
0.002518000000000
0.001970000000000
0.000871000000000
0.000894000000000
0.000865000000000
0.002713000000000
0.000857000000000
0.002596000000000
0.001118000000000
0.000997000000000
0.000862000000000
0.000886000000000
0.001977000000000
0.002302000000000
0.000877000000000
0.001011000000000
0.002276000000000
0.000875000000000
0.002770000000000
0.000888000000000
0.000877000000000
0.000962000000000
0.001952000000000
0.002546000000000
0.001976000000000
0.002356000000000
0.000885000000000
0.000987000000000
0.001612000000000
0.000876000000000
0.002019000000000
0.002026000000000
0.001104000000000
0.002499000000000
0.000876000000000
0.002038000000000
0.000876000000000
0.002517000000000
0.000892000000000
0.000862000000000
0.001398000000000
0.000882000000000
0.000891000000000
0.000918000000000
0.002491000000000
0.000870000000000
0.001618000000000
0.003115000000000
0.002157000000000
0.000867000000000
0.000873000000000
0.001099000000000
0.001952000000000
0.000876000000000
0.000878000000000
0.000867000000000
0.000897000000000
0.001069000000000
0.001114000000000
0.001461000000000
0.002087000000000
0.013320000000000
0.002686000000000
0.001029000000000
0.010100000000000
0.000948000000000
0.000938000000000
0.000908000000000
0.001059000000000
0.001138000000000
0.001156000000000
0.006175000000000
0.002527000000000
0.000888000000000
0.002057000000000
0.000872000000000
0.001943000000000
0.000876000000000
0.002053000000000
0.001482000000000
0.000892000000000
0.000875000000000
0.001041000000000
0.000876000000000
0.000866000000000
0.000881000000000
0.000998000000000
0.001134000000000
0.000821000000000
0.001056000000000
0.000881000000000
0.001177000000000
0.001191000000000
0.000879000000000
0.001105000000000
0.000921000000000
0.000786000000000
0.000885000000000
0.002349000000000
0.001091000000000
0.000864000000000
0.000871000000000
0.001908000000000
0.000980000000000
0.000886000000000
0.001475000000000
0.002441000000000
0.001409000000000
0.001026000000000
0.000874000000000
0.001049000000000
0.000890000000000
0.001131000000000
0.000874000000000
0.002642000000000
0.001196000000000
0.001081000000000
0.000894000000000
0.000888000000000
0.000953000000000
0.001225000000000
0.003554000000000
0.001560000000000
0.001937000000000
0.000900000000000
0.001042000000000
0.002159000000000
0.000944000000000
0.002610000000000
0.001913000000000
0.000945000000000
0.001129000000000
0.000984000000000
0.000944000000000
0.001669000000000
0.000921000000000
0.000886000000000
0.000883000000000
0.000870000000000
0.000845000000000
0.000973000000000
0.000870000000000
0.000919000000000
0.001139000000000
0.000898000000000
0.000826000000000
0.000876000000000
0.000862000000000
0.001558000000000
0.002042000000000
0.003417000000000
0.001031000000000
0.000974000000000
0.001795000000000
0.001064000000000
0.001952000000000
0.000910000000000
0.000995000000000
0.001361000000000
0.001995000000000
0.000878000000000
0.001887000000000
0.000978000000000
0.001257000000000
0.001469000000000
0.001004000000000
0.001028000000000
0.001024000000000
0.000974000000000
0.002085000000000
0.000879000000000
0.002707000000000
0.000880000000000
0.001141000000000
0.001976000000000
0.000907000000000
0.000892000000000
0.000876000000000
0.001030000000000
0.000879000000000
0.001140000000000
0.045966000000000
0.001022000000000
0.001330000000000
0.000910000000000
0.000815000000000
0.001136000000000
0.002644000000000
0.000894000000000
0.002318000000000
0.000863000000000
0.000860000000000
0.000928000000000
0.002122000000000
0.001191000000000
0.001086000000000
0.000973000000000
0.000986000000000
0.000883000000000
0.000927000000000
0.001825000000000
0.000910000000000
0.002205000000000
0.001086000000000
0.000823000000000
0.000886000000000
0.000816000000000
0.000952000000000
0.000818000000000
0.001985000000000
0.001042000000000
0.001070000000000
0.000869000000000
0.000781000000000
0.001949000000000
0.000895000000000
0.000892000000000
0.000886000000000
0.000884000000000
0.000835000000000
0.002012000000000
0.001925000000000
0.000953000000000
0.000911000000000
0.001331000000000
0.000886000000000
0.001382000000000
0.000873000000000
0.001017000000000
0.000918000000000
0.001325000000000
0.002004000000000
0.000812000000000
0.000942000000000
0.000890000000000
0.000893000000000
0.001173000000000
0.000880000000000
0.000929000000000
0.000885000000000
0.000792000000000
0.001661000000000
0.002089000000000
0.002988000000000
0.000860000000000
0.000815000000000
0.001918000000000
0.001915000000000
0.001410000000000
0.000830000000000
0.000869000000000
0.000921000000000
0.000880000000000
0.001030000000000
0.000829000000000
0.000859000000000
0.000803000000000
0.000949000000000
0.000907000000000
0.000884000000000
0.002540000000000
0.000885000000000
0.000892000000000
0.000872000000000
0.000926000000000
0.000882000000000
0.000899000000000
0.000899000000000
0.000919000000000
0.001063000000000
0.002133000000000
0.000804000000000
0.001085000000000
0.000891000000000
0.000959000000000
0.000906000000000
0.001936000000000
0.000906000000000
0.001580000000000
0.001298000000000
0.001021000000000
0.001816000000000
0.000872000000000
0.000798000000000
0.000821000000000
0.001483000000000
0.000824000000000
0.000892000000000
0.000903000000000
0.001139000000000
0.043666000000000
0.000843000000000
0.000888000000000
0.000870000000000
0.002024000000000
0.000871000000000
0.002764000000000
0.000892000000000
0.001071000000000
0.001063000000000
0.001049000000000
0.000878000000000
0.000867000000000
0.000875000000000
0.000873000000000
0.000914000000000
0.002674000000000
0.000869000000000
0.001008000000000
0.000992000000000
0.001582000000000
0.001195000000000
0.000999000000000
0.000856000000000
0.000889000000000
0.000948000000000
0.000908000000000
0.000871000000000
0.001346000000000
0.001901000000000
0.000877000000000
0.001229000000000
0.001381000000000
0.001200000000000
0.001120000000000
0.001179000000000
0.002405000000000
0.000872000000000
0.000857000000000
0.002020000000000
0.002771000000000
0.002003000000000
0.000828000000000
0.000856000000000
0.000806000000000
0.001267000000000
0.001307000000000
0.001341000000000
0.017948000000000
0.002328000000000
0.002563000000000
0.000859000000000
0.002248000000000
0.001969000000000
0.000884000000000
0.002012000000000
0.002317000000000
0.001871000000000
0.001896000000000
0.001871000000000
0.001901000000000
0.001979000000000
0.001233000000000
0.000929000000000
0.000875000000000
0.000843000000000
0.000930000000000
0.000915000000000
0.002812000000000
0.000937000000000
0.001461000000000
0.000783000000000
0.000841000000000
0.001023000000000
0.000876000000000
0.000866000000000
0.002086000000000
0.001520000000000
0.000877000000000
0.002086000000000
0.000933000000000
0.001009000000000
0.000840000000000
0.002462000000000
0.000831000000000
0.001150000000000
0.001462000000000
0.000843000000000
0.001828000000000
0.000919000000000
0.000853000000000
0.001675000000000
0.000882000000000
0.035973000000000
0.001672000000000
0.001050000000000
0.000881000000000
0.002144000000000
0.000822000000000
0.000941000000000
0.000869000000000
0.000875000000000
0.001139000000000
0.002168000000000
0.000881000000000
0.000981000000000
0.001011000000000
0.001475000000000
0.001990000000000
0.000874000000000
0.001871000000000
0.001038000000000
0.000893000000000
0.000959000000000
0.000904000000000
0.001041000000000
0.002784000000000
0.000982000000000
0.000914000000000
0.000926000000000
0.000895000000000
0.037502000000000
0.000883000000000
0.000929000000000
0.000901000000000
0.001060000000000
0.002133000000000
0.001457000000000
0.000887000000000
0.000900000000000
0.001057000000000
0.000807000000000
0.000877000000000
0.000935000000000
0.002186000000000
0.001059000000000
0.000961000000000
0.002733000000000
0.000907000000000
0.000888000000000
0.001763000000000
0.001955000000000
0.000955000000000
0.053702000000000
0.001082000000000
0.000912000000000
0.000876000000000
0.000870000000000
0.001931000000000
0.000878000000000
0.000877000000000
0.000876000000000
0.002025000000000
0.001812000000000
0.000910000000000
0.000822000000000
0.000919000000000
0.000875000000000
0.000932000000000
0.000919000000000
0.000928000000000
0.001255000000000
0.002136000000000
0.001153000000000
0.000871000000000
0.000828000000000
0.000894000000000
0.000884000000000
0.000876000000000
0.001030000000000
0.000902000000000
0.000988000000000
0.001189000000000
0.001011000000000
0.000872000000000
0.000933000000000
0.000872000000000
0.001231000000000
0.000894000000000
0.038637000000000
0.000894000000000
0.002647000000000
0.013639000000000
0.010107000000000
0.000871000000000
0.000898000000000
0.000902000000000
0.001980000000000
0.000914000000000
0.000883000000000
0.002002000000000
0.000933000000000
0.001094000000000
0.000899000000000
0.001314000000000
0.000866000000000
0.000908000000000
0.000999000000000
0.001214000000000
0.002714000000000
0.001996000000000
0.000897000000000
0.000887000000000
0.030189000000000
0.002638000000000
0.000878000000000
0.002144000000000
0.003336000000000
0.000900000000000
0.000947000000000
0.000894000000000
0.000995000000000
0.000875000000000
0.000840000000000
0.000814000000000
0.002674000000000
0.000914000000000
0.000891000000000
0.000929000000000
0.000866000000000
0.001098000000000
0.002875000000000
0.001012000000000
0.001912000000000
0.000908000000000
0.001113000000000
0.000833000000000
0.000901000000000
0.001044000000000
0.000880000000000
0.001378000000000
0.000870000000000
0.001394000000000
0.000903000000000
0.000895000000000
0.000813000000000
0.000903000000000
0.000905000000000
0.002888000000000
0.000971000000000
0.002928000000000
0.000983000000000
0.001045000000000
0.001341000000000
0.000922000000000
0.001261000000000
0.002395000000000
0.000911000000000
0.001067000000000
0.000813000000000
0.001098000000000
0.001972000000000
0.000890000000000
0.001203000000000
0.001667000000000
0.000886000000000
0.000879000000000
0.001020000000000
0.001193000000000
0.001219000000000
0.001028000000000
0.001135000000000
0.001018000000000
0.000896000000000
0.000906000000000
0.000939000000000
0.002069000000000
0.001191000000000
0.000819000000000
0.001968000000000
0.000871000000000
0.002120000000000
0.002005000000000
0.001162000000000
0.001882000000000
0.001072000000000
0.001946000000000
0.000889000000000
0.001030000000000
0.000958000000000
0.000872000000000
0.000917000000000
0.000839000000000
0.002328000000000
0.000889000000000
0.000880000000000
0.001100000000000
0.000919000000000
0.000960000000000
0.000899000000000
0.000981000000000
0.001188000000000
0.001984000000000
0.001106000000000
0.000875000000000
0.000891000000000
0.000858000000000
0.001951000000000
0.001134000000000
0.001348000000000
0.001152000000000
0.000875000000000
0.000939000000000
0.000959000000000
0.001002000000000
0.001171000000000
0.000991000000000
0.000902000000000
0.000896000000000
0.000895000000000
0.001948000000000
0.000877000000000
0.000927000000000
0.001391000000000
0.001943000000000
0.001160000000000
0.002802000000000
0.001019000000000
0.000889000000000
0.000937000000000
0.000807000000000
0.001022000000000
0.001662000000000
0.001137000000000
0.000914000000000
0.000916000000000
0.002305000000000
0.000897000000000
0.001045000000000
0.001128000000000
0.001118000000000
0.001201000000000
0.000887000000000
0.002707000000000
0.002118000000000
0.001197000000000
0.000892000000000
0.002316000000000
0.001091000000000
0.001018000000000
0.002577000000000
0.000926000000000
0.000897000000000
0.001414000000000
0.000904000000000
0.001273000000000
0.001246000000000
0.001806000000000
0.001028000000000
0.001101000000000
0.000923000000000
0.002248000000000
0.001075000000000
0.002146000000000
0.000933000000000
0.000960000000000
0.001421000000000
0.000905000000000
0.001027000000000
0.000912000000000
0.000898000000000
0.001833000000000
0.000899000000000
0.000903000000000
0.000881000000000
0.000884000000000
0.001540000000000
0.001862000000000
0.000919000000000
0.000815000000000
0.000927000000000
0.000874000000000
0.000913000000000
0.001119000000000
0.000908000000000
0.001807000000000
0.000878000000000
0.001519000000000
0.000947000000000
0.002079000000000
0.001161000000000
0.001668000000000
0.002106000000000
0.001957000000000
0.001039000000000
0.110378000000000
0.000839000000000
0.001139000000000
0.001955000000000
0.001207000000000
0.000900000000000
0.002189000000000
0.001107000000000
0.001008000000000
0.000826000000000
0.001021000000000
0.000882000000000
0.000915000000000
0.000960000000000
0.002461000000000
0.000893000000000
0.000887000000000
0.000895000000000
0.034424000000000
0.000914000000000
0.001019000000000
0.000891000000000
0.001395000000000
0.000841000000000
0.000979000000000
0.035606000000000
0.000928000000000
0.000902000000000
0.001588000000000
0.001198000000000
0.002699000000000
0.000840000000000
0.000871000000000
0.000864000000000
0.002705000000000
0.000814000000000
0.000876000000000
0.001035000000000
0.000892000000000
0.000874000000000
0.000958000000000
0.001501000000000
0.002343000000000
0.000880000000000
0.001891000000000
0.001375000000000
0.000904000000000
0.000915000000000
0.000891000000000
0.001205000000000
0.001388000000000
0.002719000000000
0.001262000000000
0.001051000000000
0.001025000000000
0.000881000000000
0.002572000000000
0.000876000000000
0.000932000000000
0.002140000000000
0.001089000000000
0.000873000000000
0.001334000000000
0.000921000000000
0.000907000000000
0.000897000000000
0.001759000000000
0.000896000000000
0.001037000000000
0.000895000000000
0.001004000000000
0.000904000000000
0.001103000000000
0.000966000000000
0.001004000000000
0.000890000000000
0.001438000000000
0.000883000000000
0.000900000000000
0.002125000000000
0.000888000000000
0.000910000000000
0.001920000000000
0.002454000000000
0.002088000000000
0.000819000000000
0.000918000000000
0.001057000000000
0.001182000000000
0.000971000000000
0.000930000000000
0.000893000000000
0.002144000000000
0.001883000000000
0.000901000000000
0.001721000000000
0.001065000000000
0.001383000000000
0.001076000000000
0.000898000000000
0.000884000000000
0.001818000000000
0.000876000000000
0.000888000000000
0.000906000000000
0.001195000000000
0.001415000000000
0.002546000000000
0.001440000000000
0.000888000000000
0.002425000000000
0.002029000000000
0.022314000000000
0.001253000000000
0.001489000000000
0.000993000000000
0.001162000000000
0.000888000000000
0.002770000000000
0.001367000000000
0.002026000000000
0.000912000000000
0.002296000000000
0.000965000000000
0.000892000000000
0.001228000000000
0.000982000000000
0.001965000000000
0.000929000000000
0.000883000000000
0.000957000000000
0.036937000000000
0.001206000000000
0.001027000000000
0.001050000000000
0.000920000000000
0.000888000000000
0.001468000000000
0.000968000000000
0.001007000000000
0.001598000000000
0.002021000000000
0.000886000000000
0.000991000000000
0.002699000000000
0.000900000000000
0.000910000000000
0.002015000000000
0.000898000000000
0.001257000000000
0.001155000000000
0.000879000000000
0.000963000000000
0.001868000000000
0.000889000000000
0.000892000000000
0.001166000000000
0.000941000000000
0.000906000000000
0.000915000000000
0.001241000000000
0.001991000000000
0.021985000000000
0.000856000000000
0.000883000000000
0.001005000000000
0.001547000000000
0.001985000000000
0.001303000000000
0.000995000000000
0.002120000000000
0.002322000000000
0.001046000000000
0.000813000000000
0.001324000000000
0.001931000000000
0.001176000000000
0.000934000000000
0.000926000000000
0.002429000000000
0.000888000000000
0.001424000000000
0.000998000000000
0.000908000000000
0.000963000000000
0.001947000000000
0.002111000000000
0.000913000000000
0.001125000000000
0.000853000000000
0.001427000000000
0.000942000000000
0.000915000000000
0.001367000000000
0.000916000000000
0.001110000000000
0.002049000000000
0.001101000000000
0.002047000000000
0.001105000000000
0.002830000000000
0.000982000000000
0.001879000000000
0.001001000000000
0.000887000000000
0.000905000000000
0.033900000000000
0.001042000000000
0.000912000000000
0.000984000000000
0.001308000000000
0.000939000000000
0.037679000000000
0.000848000000000
0.002010000000000
0.001115000000000
0.000888000000000
0.001312000000000
0.000978000000000
0.001712000000000
0.002853000000000
0.000887000000000
0.001925000000000
0.000847000000000
0.000935000000000
0.001287000000000
0.001937000000000
0.002067000000000
0.000937000000000
0.002074000000000
0.001012000000000
0.000890000000000
0.000948000000000
0.000906000000000
0.002259000000000
0.002334000000000
0.001001000000000
0.001143000000000
0.000958000000000
0.000907000000000
0.001106000000000
0.000920000000000
0.002570000000000
0.000844000000000
0.000926000000000
0.001009000000000
0.000894000000000
0.000807000000000
0.002237000000000
0.001370000000000
0.001964000000000
0.002429000000000
0.001147000000000
0.000891000000000
0.000892000000000
0.001408000000000
0.001975000000000
0.000900000000000
0.000899000000000
0.001217000000000
0.002818000000000
0.000859000000000
0.000913000000000
0.001106000000000
0.001406000000000
0.002703000000000
0.000941000000000
0.037070000000000
0.000997000000000
0.000876000000000
0.002460000000000
0.000937000000000
0.001151000000000
0.000960000000000
0.000807000000000
0.001142000000000
0.002174000000000
0.001954000000000
0.000916000000000
0.001161000000000
0.001022000000000
0.000968000000000
0.001048000000000
0.000897000000000
0.001433000000000
0.001329000000000
0.000882000000000
0.000958000000000
0.002049000000000
0.000993000000000
0.000905000000000
0.001812000000000
0.002671000000000
0.001133000000000
0.002720000000000
0.001131000000000
0.000923000000000
0.002021000000000
0.000884000000000
0.000920000000000
0.000915000000000
0.000956000000000
0.001051000000000
0.000861000000000
0.000931000000000
0.001052000000000
0.001090000000000
0.000810000000000
0.001079000000000
0.001253000000000
0.001243000000000
0.000968000000000
0.000918000000000
0.001283000000000
0.001988000000000
0.001454000000000
0.001345000000000
0.001369000000000
0.001998000000000
0.001455000000000
0.000886000000000
0.001064000000000
0.002145000000000
0.001464000000000
0.000910000000000
0.000892000000000
0.000859000000000
0.000983000000000
0.000901000000000
0.000898000000000
0.000892000000000
0.000899000000000
0.000997000000000
0.001498000000000
0.001938000000000
0.000886000000000
0.000918000000000
0.000903000000000
0.001050000000000
0.001161000000000
0.003439000000000
0.001078000000000
0.000974000000000
0.000902000000000
0.000800000000000
0.000845000000000
0.001553000000000
0.000974000000000
0.001038000000000
0.000978000000000
0.000896000000000
0.000877000000000
0.000931000000000
0.001831000000000
0.000897000000000
0.000916000000000
0.001406000000000
0.000937000000000
0.001072000000000
0.002780000000000
0.000899000000000
0.001139000000000
0.000970000000000
0.000922000000000
0.001240000000000
0.000899000000000
0.002056000000000
0.001355000000000
0.002712000000000
0.001989000000000
0.001949000000000
0.000886000000000
0.000933000000000
0.002342000000000
0.000893000000000
0.002421000000000
0.000923000000000
0.001037000000000
0.000902000000000
0.002702000000000
0.000837000000000
0.001201000000000
0.000959000000000
0.000995000000000
0.002584000000000
0.002096000000000
0.000884000000000
0.000958000000000
0.000924000000000
0.000906000000000
0.000898000000000
0.000964000000000
0.000900000000000
0.000853000000000
0.001052000000000
0.002016000000000
0.000950000000000
0.001065000000000
0.002758000000000
0.000925000000000
0.000821000000000
0.000895000000000
0.001002000000000
0.000902000000000
0.003631000000000
0.000936000000000
0.000905000000000
0.001041000000000
0.001397000000000
0.000906000000000
0.000925000000000
0.002161000000000
0.000960000000000
0.002081000000000
0.000909000000000
0.001091000000000
0.000904000000000
0.000930000000000
0.001003000000000
0.000848000000000
0.000987000000000
0.002118000000000
0.001605000000000
0.000894000000000
0.000834000000000
0.001097000000000
0.001046000000000
0.000997000000000
0.001201000000000
0.000904000000000
0.000904000000000
0.002699000000000
0.001619000000000
0.000909000000000
0.001034000000000
0.001904000000000
0.001255000000000
0.001223000000000
0.000852000000000
0.000912000000000
0.000889000000000
0.002477000000000
0.002803000000000
0.002661000000000
0.000902000000000
0.001952000000000
0.000894000000000
0.000858000000000
0.002209000000000
0.000932000000000
0.000828000000000
0.001380000000000
0.000892000000000
0.000928000000000
0.000901000000000
0.000826000000000
0.000928000000000
0.001092000000000
0.001882000000000
0.000896000000000
0.000906000000000
0.000910000000000
0.000886000000000
0.000999000000000
0.001187000000000
0.026898000000000
0.001080000000000
0.000901000000000
0.001739000000000
0.000911000000000
0.000902000000000
0.000937000000000
0.002557000000000
0.001199000000000
0.000893000000000
0.000931000000000
0.000848000000000
0.000903000000000
0.000923000000000
0.000850000000000
0.000966000000000
0.000984000000000
0.001248000000000
0.001012000000000
0.001022000000000
0.001487000000000
0.000876000000000
0.002004000000000
0.000903000000000
0.000887000000000
0.001159000000000
0.001148000000000
0.001782000000000
0.001347000000000
0.000868000000000
0.001073000000000
0.000894000000000
0.000824000000000
0.000935000000000
0.000906000000000
0.000900000000000
0.002491000000000
0.001807000000000
0.002018000000000
0.000999000000000
0.000813000000000
0.001354000000000
0.000894000000000
0.001111000000000
0.001209000000000
0.001927000000000
0.001076000000000
0.000992000000000
0.000912000000000
0.001109000000000
0.001117000000000
0.001062000000000
0.000918000000000
0.002243000000000
0.000899000000000
0.001279000000000
0.000892000000000
0.001970000000000
0.015954000000000
0.001015000000000
0.002753000000000
0.001218000000000
0.002102000000000
0.001261000000000
0.000885000000000
0.073041000000000
0.001061000000000
0.001637000000000
0.000908000000000
0.002415000000000
0.000930000000000
0.000909000000000
0.000905000000000
0.000883000000000
0.001099000000000
0.000935000000000
0.000989000000000
0.000809000000000
0.000928000000000
0.000868000000000
0.000904000000000
0.003156000000000
0.000908000000000
0.001075000000000
0.000882000000000
0.000866000000000
0.000904000000000
0.000901000000000
0.001043000000000
0.000928000000000
0.000999000000000
0.001458000000000
0.001036000000000
0.019933000000000
0.001802000000000
0.001998000000000
0.000898000000000
0.001079000000000
0.001891000000000
0.002011000000000
0.002071000000000
0.000925000000000
0.002110000000000
0.002650000000000
0.000883000000000
0.000905000000000
0.000940000000000
0.080844000000000
0.000897000000000
0.001107000000000
0.002680000000000
0.001759000000000
0.001813000000000
0.000902000000000
0.001801000000000
0.001148000000000
0.001903000000000
0.000891000000000
0.000905000000000
0.002803000000000
0.001025000000000
0.000903000000000
0.002462000000000
0.001994000000000
0.001040000000000
0.000885000000000
0.001274000000000
0.001115000000000
0.001263000000000
0.001681000000000
0.070735000000000
0.000931000000000
0.002615000000000
0.000817000000000
0.000808000000000
0.001204000000000
0.000889000000000
0.000957000000000
0.001054000000000
0.001969000000000
0.000951000000000
0.000913000000000
0.000976000000000
0.002029000000000
0.000984000000000
0.000926000000000
0.001046000000000
0.000963000000000
0.002170000000000
0.001052000000000
0.002828000000000
0.052568000000000
0.001224000000000
0.000955000000000
0.001223000000000
0.001333000000000
0.002273000000000
0.036337000000000
0.002673000000000
0.000952000000000
0.000917000000000
0.001766000000000
0.001129000000000
0.001092000000000
0.001575000000000
0.000937000000000
0.000945000000000
0.026756000000000
0.000921000000000
0.002198000000000
0.000901000000000
0.001478000000000
0.002968000000000
0.001255000000000
0.002669000000000
0.000929000000000
0.000953000000000
0.001523000000000
0.000904000000000
0.002638000000000
0.000985000000000
0.002233000000000
0.002479000000000
0.001112000000000
0.000940000000000
0.001850000000000
0.001020000000000
0.001125000000000
0.001030000000000
0.000910000000000
0.000908000000000
0.000913000000000
0.001379000000000
0.000901000000000
0.000920000000000
0.002097000000000
0.000976000000000
0.001274000000000
0.001541000000000
0.000987000000000
0.001760000000000
0.027178000000000
0.002215000000000
0.002312000000000
0.001432000000000
0.001336000000000
0.000987000000000
0.002184000000000
0.000975000000000
0.001138000000000
0.001694000000000
0.002364000000000
0.000968000000000
0.002221000000000
0.001369000000000
0.002642000000000
0.000920000000000
0.000913000000000
0.002465000000000
0.001054000000000
0.003742000000000
0.000905000000000
0.002157000000000
0.001639000000000
0.001575000000000
0.001700000000000
0.002588000000000
0.001433000000000
0.001124000000000
0.001506000000000
0.000986000000000
0.000948000000000
0.000926000000000
0.002118000000000
0.002368000000000
0.001208000000000
0.000903000000000
0.000918000000000
0.002168000000000
0.000990000000000
0.002614000000000
0.000952000000000
0.001953000000000
0.000912000000000
0.001892000000000
0.000910000000000
0.000918000000000
0.000906000000000
0.001538000000000
0.000946000000000
0.002527000000000
0.000927000000000
0.001148000000000
0.001481000000000
0.000918000000000
0.001313000000000
0.002314000000000
0.002694000000000
0.001193000000000
0.001284000000000
0.002248000000000
0.001113000000000
0.008594000000000
0.000930000000000
0.001674000000000
0.000904000000000
0.000921000000000
0.001154000000000
0.000927000000000
0.000907000000000
0.000935000000000
0.000974000000000
0.000987000000000
0.000945000000000
0.002255000000000
0.000972000000000
0.000945000000000
0.000916000000000
0.000880000000000
0.002467000000000
0.001554000000000
0.000932000000000
0.001425000000000
0.000950000000000
0.001334000000000
0.001134000000000
0.002806000000000
0.001517000000000
0.001146000000000
0.001878000000000
0.001445000000000
0.000954000000000
0.001162000000000
0.000913000000000
0.001048000000000
0.001624000000000
0.002353000000000
0.001019000000000
0.001441000000000
0.001017000000000
0.000920000000000
0.001223000000000
0.002569000000000
0.001255000000000
0.002317000000000
0.001463000000000
0.000990000000000
0.001042000000000
0.000947000000000
0.002250000000000
0.001046000000000
0.002026000000000
0.000941000000000
0.001167000000000
0.002347000000000
0.001721000000000
0.001002000000000
0.002563000000000
0.001106000000000
0.000927000000000
0.001069000000000
0.001042000000000
0.001469000000000
0.002916000000000
0.001026000000000
0.001447000000000
0.002133000000000
0.001378000000000
0.000918000000000
0.002361000000000
0.002511000000000
0.001379000000000
0.000996000000000
0.000906000000000
0.000973000000000
0.000913000000000
0.001137000000000
0.002126000000000
0.000992000000000
0.000919000000000
0.001995000000000
0.002796000000000
0.001901000000000
0.002736000000000
0.002260000000000
0.001143000000000
0.002414000000000
0.002370000000000
0.000960000000000
0.001807000000000
0.000919000000000
0.001651000000000
0.002420000000000
0.000925000000000
0.001160000000000
0.000944000000000
0.001231000000000
0.001181000000000
0.000933000000000
0.000947000000000
0.001401000000000
0.000953000000000
0.001597000000000
0.001508000000000
0.000907000000000
0.002039000000000
0.002435000000000
0.001024000000000
0.001779000000000
0.001328000000000
0.000924000000000
0.001167000000000
0.000936000000000
0.001185000000000
0.001173000000000
0.000936000000000
0.002572000000000
0.001694000000000
0.003263000000000
0.001549000000000
0.001183000000000
0.000912000000000
0.001471000000000
0.002276000000000
0.001152000000000
0.001026000000000
0.000910000000000
0.001186000000000
0.001266000000000
0.002563000000000
0.002032000000000
0.001018000000000
0.002205000000000
0.001903000000000
0.000933000000000
0.002726000000000
0.001092000000000
0.001807000000000
0.002762000000000
0.001402000000000
0.000931000000000
0.001128000000000
0.002311000000000
0.033326000000000
0.000941000000000
0.001049000000000
0.000958000000000
0.001005000000000
0.000927000000000
0.001538000000000
0.001159000000000
0.000921000000000
0.001356000000000
0.000945000000000
0.000991000000000
0.001027000000000
0.002358000000000
0.001459000000000
0.001122000000000
0.001044000000000
0.000912000000000
0.001356000000000
0.001235000000000
0.001910000000000
0.002725000000000
0.000907000000000
0.000954000000000
0.002229000000000
0.000979000000000
0.001865000000000
0.000929000000000
0.000934000000000
0.000917000000000
0.001858000000000
0.001454000000000
0.000939000000000
0.000925000000000
0.002561000000000
0.002228000000000
0.000934000000000
0.002277000000000
0.001076000000000
0.001045000000000
0.002229000000000
0.000935000000000
0.001487000000000
0.001364000000000
0.001022000000000
0.001201000000000
0.001554000000000
0.002312000000000
0.001165000000000
0.001172000000000
0.000914000000000
0.000922000000000
0.002780000000000
0.000913000000000
0.001895000000000
0.000956000000000
0.001165000000000
0.001025000000000
0.000921000000000
0.001150000000000
0.003635000000000
0.002275000000000
0.015638000000000
0.002199000000000
0.001720000000000
0.000877000000000
0.000940000000000
0.001098000000000
0.000981000000000
0.000907000000000
0.002672000000000
0.001248000000000
0.002241000000000
0.001374000000000
0.000939000000000
0.001027000000000
0.001247000000000
0.001413000000000
0.000919000000000
0.000921000000000
0.001033000000000
0.002679000000000
0.002190000000000
0.001040000000000
0.000916000000000
0.002443000000000
0.001542000000000
0.002101000000000
0.001069000000000
0.001546000000000
0.036778000000000
0.000932000000000
0.001046000000000
0.001099000000000
0.001331000000000
0.001455000000000
0.001204000000000
0.000924000000000
0.001553000000000
0.002505000000000
0.001200000000000
0.002731000000000
0.001782000000000
0.000934000000000
0.000906000000000
0.000946000000000
0.000943000000000
0.000962000000000
0.001157000000000
0.001780000000000
0.001017000000000
0.001233000000000
0.002209000000000
0.001275000000000
0.000962000000000
0.000941000000000
0.001076000000000
0.001078000000000
0.002111000000000
0.000915000000000
0.002985000000000
0.000933000000000
0.001254000000000
0.002142000000000
0.002137000000000
0.001146000000000
0.000941000000000
0.001874000000000
0.001563000000000
0.000941000000000
0.001463000000000
0.001511000000000
0.001094000000000
0.001099000000000
0.002186000000000
0.001237000000000
0.001058000000000
0.001371000000000
0.001167000000000
0.001031000000000
0.000917000000000
0.002145000000000
0.001016000000000
0.001013000000000
0.001744000000000
0.001062000000000
0.002115000000000
0.001465000000000
0.001156000000000
0.001825000000000
0.001597000000000
0.000914000000000
0.002527000000000
0.000924000000000
0.001133000000000
0.000988000000000
0.003069000000000
0.000997000000000
0.001206000000000
0.001050000000000
0.000952000000000
0.000927000000000
0.001271000000000
0.001099000000000
0.001406000000000
0.058054000000000
0.127717000000000
0.014453000000000
0.002302000000000
0.000925000000000
0.000971000000000
0.000906000000000
0.001171000000000
0.000962000000000
0.033698000000000
0.001115000000000
0.001091000000000
0.002132000000000
0.001115000000000
0.002235000000000
0.040077000000000
0.001558000000000
0.001033000000000
0.000959000000000
0.002637000000000
0.001123000000000
0.002589000000000
0.000955000000000
0.000914000000000
0.000931000000000
0.002288000000000
0.001085000000000
0.001164000000000
0.001530000000000
0.002355000000000
0.001168000000000
0.001456000000000
0.002787000000000
0.000937000000000
0.001931000000000
0.000931000000000
0.001061000000000
0.001742000000000
0.000912000000000
0.000938000000000
0.002279000000000
0.001326000000000
0.002277000000000
0.001224000000000
0.001508000000000
0.002447000000000
0.000915000000000
0.000936000000000
0.002257000000000
0.000945000000000
0.000923000000000
0.001340000000000
0.001340000000000
0.000906000000000
0.002345000000000
0.000907000000000
0.000997000000000
0.001640000000000
0.001006000000000
0.001751000000000
0.001705000000000
0.000998000000000
0.000893000000000
0.002534000000000
0.002414000000000
0.001318000000000
0.000941000000000
0.001061000000000
0.000991000000000
0.000967000000000
0.000924000000000
0.001019000000000
0.001804000000000
0.001084000000000
0.001212000000000
0.000862000000000
0.025666000000000
0.015238000000000
0.001052000000000
0.001473000000000
0.002341000000000
0.001017000000000
0.001677000000000
0.001093000000000
0.002678000000000
0.002261000000000
0.001074000000000
0.000952000000000
0.001992000000000
0.002607000000000
0.001245000000000
0.001111000000000
0.000939000000000
0.000952000000000
