0.001633000000000
0.000960000000000
0.001262000000000
0.000899000000000
0.000970000000000
0.000933000000000
0.001082000000000
0.000951000000000
0.001139000000000
0.000994000000000
0.000841000000000
0.002282000000000
0.000954000000000
0.000893000000000
0.000908000000000
0.000945000000000
0.000839000000000
0.000846000000000
0.001071000000000
0.001212000000000
0.000890000000000
0.001401000000000
0.000918000000000
0.000854000000000
0.000920000000000
0.000809000000000
0.001035000000000
0.001737000000000
0.000975000000000
0.001062000000000
0.001219000000000
0.000930000000000
0.002295000000000
0.000992000000000
0.001066000000000
0.000960000000000
0.000900000000000
0.000809000000000
0.000924000000000
0.000900000000000
0.000818000000000
0.000824000000000
0.000998000000000
0.000923000000000
0.001033000000000
0.000909000000000
0.000810000000000
0.001061000000000
0.001081000000000
0.000958000000000
0.000914000000000
0.000985000000000
0.000871000000000
0.000854000000000
0.000937000000000
0.000884000000000
0.000899000000000
0.000947000000000
0.001371000000000
0.000893000000000
0.000921000000000
0.000821000000000
0.000811000000000
0.000992000000000
0.000991000000000
0.001535000000000
0.000836000000000
0.000886000000000
0.000996000000000
0.000945000000000
0.001003000000000
0.001000000000000
0.001195000000000
0.000951000000000
0.001015000000000
0.001097000000000
0.001056000000000
0.000994000000000
0.001797000000000
0.001137000000000
0.001031000000000
0.001031000000000
0.000924000000000
0.000879000000000
0.000906000000000
0.000810000000000
0.000906000000000
0.000879000000000
0.000791000000000
0.000970000000000
0.000896000000000
0.001013000000000
0.000818000000000
0.001073000000000
0.000879000000000
0.000938000000000
0.000930000000000
0.000866000000000
0.001266000000000
0.000919000000000
0.000865000000000
0.000868000000000
0.001013000000000
0.000836000000000
0.000876000000000
0.000881000000000
0.000929000000000
0.001087000000000
0.001145000000000
0.000935000000000
0.000915000000000
0.000921000000000
0.000881000000000
0.001170000000000
0.000773000000000
0.000818000000000
0.000846000000000
0.001563000000000
0.002073000000000
0.000978000000000
0.001079000000000
0.001157000000000
0.000890000000000
0.001185000000000
0.000878000000000
0.000812000000000
0.001020000000000
0.000987000000000
0.000908000000000
0.000917000000000
0.000896000000000
0.000843000000000
0.001407000000000
0.000966000000000
0.000883000000000
0.000989000000000
0.001148000000000
0.001038000000000
0.001338000000000
0.000938000000000
0.000916000000000
0.001125000000000
0.000940000000000
0.001195000000000
0.001715000000000
0.001020000000000
0.001136000000000
0.000843000000000
0.000868000000000
0.000900000000000
0.000890000000000
0.000814000000000
0.000880000000000
0.000928000000000
0.000824000000000
0.000858000000000
0.001316000000000
0.000808000000000
0.000832000000000
0.000817000000000
0.000859000000000
0.000855000000000
0.001024000000000
0.000923000000000
0.000852000000000
0.000864000000000
0.000961000000000
0.000830000000000
0.001218000000000
0.001288000000000
0.001389000000000
0.001251000000000
0.002012000000000
0.000882000000000
0.001494000000000
0.001338000000000
0.001075000000000
0.000889000000000
0.001171000000000
0.000875000000000
0.000999000000000
0.000839000000000
0.000998000000000
0.000886000000000
0.000889000000000
0.001195000000000
0.000892000000000
0.001594000000000
0.001149000000000
0.000928000000000
0.000912000000000
0.001993000000000
0.001103000000000
0.001192000000000
0.001001000000000
0.000941000000000
0.001074000000000
0.001921000000000
0.000837000000000
0.000868000000000
0.000843000000000
0.002340000000000
0.000957000000000
0.001329000000000
0.000828000000000
0.000892000000000
0.001859000000000
0.000920000000000
0.001077000000000
0.001026000000000
0.000940000000000
0.000935000000000
0.000907000000000
0.001001000000000
0.001007000000000
0.000885000000000
0.001092000000000
0.001040000000000
0.001040000000000
0.000855000000000
0.001134000000000
0.001058000000000
0.000877000000000
0.001447000000000
0.000955000000000
0.000884000000000
0.000876000000000
0.001604000000000
0.001003000000000
0.001440000000000
0.000868000000000
0.001007000000000
0.002748000000000
0.000912000000000
0.000925000000000
0.001075000000000
0.000964000000000
0.000966000000000
0.002134000000000
0.001161000000000
0.000947000000000
0.002128000000000
0.001220000000000
0.000919000000000
0.000899000000000
0.001067000000000
0.000822000000000
0.000896000000000
0.001007000000000
0.001115000000000
0.001048000000000
0.000893000000000
0.000883000000000
0.000959000000000
0.001099000000000
0.002306000000000
0.001277000000000
0.000941000000000
0.000939000000000
0.000874000000000
0.001265000000000
0.000951000000000
0.000900000000000
0.001254000000000
0.000879000000000
0.001149000000000
0.001450000000000
0.000999000000000
0.001647000000000
0.000911000000000
0.001017000000000
0.001387000000000
0.001137000000000
0.000935000000000
0.001127000000000
0.000911000000000
0.001146000000000
0.001584000000000
0.000950000000000
0.001419000000000
0.001094000000000
0.000931000000000
0.002362000000000
0.000829000000000
0.000798000000000
0.000874000000000
0.000942000000000
0.001265000000000
0.001590000000000
0.000873000000000
0.000864000000000
0.000926000000000
0.000865000000000
0.000869000000000
0.001063000000000
0.000899000000000
0.000897000000000
0.001490000000000
0.000823000000000
0.000865000000000
0.000913000000000
0.000910000000000
0.001120000000000
0.000866000000000
0.000880000000000
0.001219000000000
0.000968000000000
0.000930000000000
0.000953000000000
0.000903000000000
0.001066000000000
0.001258000000000
0.000932000000000
0.000936000000000
0.001038000000000
0.000878000000000
0.001025000000000
0.000868000000000
0.000898000000000
0.000997000000000
0.001959000000000
0.000854000000000
0.000879000000000
0.000881000000000
0.000906000000000
0.000958000000000
0.001154000000000
0.000961000000000
0.000895000000000
0.001052000000000
0.001192000000000
0.001022000000000
0.001154000000000
0.000946000000000
0.001166000000000
0.001955000000000
0.001092000000000
0.000910000000000
0.001249000000000
0.001027000000000
0.000996000000000
0.001267000000000
0.001160000000000
0.000875000000000
0.002324000000000
0.000892000000000
0.001053000000000
0.000918000000000
0.001039000000000
0.000949000000000
0.001191000000000
0.001077000000000
0.000830000000000
0.001034000000000
0.000871000000000
0.001061000000000
0.000852000000000
0.002212000000000
0.001085000000000
0.000843000000000
0.001191000000000
0.000885000000000
0.000924000000000
0.001368000000000
0.000886000000000
0.001513000000000
0.001863000000000
0.001075000000000
0.000875000000000
0.000886000000000
0.000886000000000
0.000883000000000
0.001004000000000
0.000956000000000
0.000920000000000
0.000863000000000
0.000870000000000
0.002019000000000
0.001957000000000
0.001028000000000
0.000939000000000
0.000999000000000
0.001168000000000
0.000912000000000
0.001047000000000
0.000960000000000
0.000859000000000
0.001247000000000
0.001031000000000
0.000864000000000
0.001006000000000
0.000896000000000
0.000852000000000
0.000981000000000
0.001169000000000
0.000912000000000
0.001110000000000
0.001414000000000
0.000878000000000
0.000843000000000
0.001863000000000
0.000904000000000
0.000910000000000
0.000948000000000
0.002026000000000
0.000988000000000
0.001407000000000
0.000879000000000
0.002752000000000
0.001002000000000
0.000855000000000
0.000871000000000
0.002109000000000
0.000812000000000
0.001308000000000
0.000862000000000
0.001003000000000
0.001509000000000
0.001035000000000
0.000982000000000
0.000902000000000
0.001002000000000
0.000934000000000
0.001145000000000
0.000962000000000
0.000948000000000
0.000882000000000
0.001109000000000
0.001030000000000
0.001134000000000
0.000800000000000
0.000940000000000
0.001025000000000
0.001988000000000
0.000789000000000
0.000966000000000
0.002138000000000
0.001032000000000
0.001012000000000
0.000881000000000
0.001025000000000
0.001855000000000
0.000939000000000
0.000918000000000
0.000885000000000
0.001921000000000
0.002085000000000
0.000921000000000
0.000930000000000
0.000858000000000
0.000965000000000
0.000913000000000
0.001039000000000
0.001083000000000
0.001189000000000
0.000936000000000
0.001252000000000
0.000875000000000
0.000927000000000
0.000861000000000
0.000842000000000
0.000820000000000
0.000855000000000
0.001192000000000
0.002018000000000
0.000907000000000
0.000934000000000
0.001014000000000
0.000962000000000
0.000940000000000
0.000955000000000
0.000878000000000
0.000836000000000
0.000862000000000
0.000924000000000
0.000869000000000
0.001012000000000
0.001271000000000
0.002080000000000
0.000945000000000
0.000882000000000
0.000983000000000
0.000822000000000
0.001042000000000
0.000990000000000
0.000809000000000
0.001042000000000
0.001065000000000
0.000855000000000
0.000878000000000
0.000947000000000
0.000981000000000
0.000886000000000
0.000920000000000
0.000869000000000
0.001032000000000
0.000855000000000
0.000954000000000
0.002024000000000
0.000883000000000
0.000996000000000
0.001156000000000
0.000890000000000
0.001010000000000
0.000993000000000
0.000911000000000
0.000890000000000
0.000807000000000
0.000807000000000
0.000910000000000
0.000860000000000
0.000889000000000
0.001249000000000
0.001072000000000
0.001231000000000
0.000859000000000
0.001743000000000
0.000841000000000
0.000868000000000
0.000842000000000
0.001223000000000
0.000859000000000
0.000969000000000
0.000854000000000
0.000824000000000
0.000867000000000
0.000816000000000
0.001168000000000
0.001047000000000
0.001188000000000
0.001010000000000
0.000886000000000
0.002065000000000
0.000912000000000
0.000855000000000
0.000890000000000
0.000994000000000
0.000810000000000
0.000891000000000
0.000906000000000
0.001060000000000
0.000861000000000
0.000960000000000
0.000866000000000
0.000808000000000
0.000941000000000
0.000872000000000
0.000879000000000
0.000993000000000
0.001048000000000
0.001975000000000
0.000882000000000
0.000887000000000
0.000864000000000
0.000996000000000
0.001200000000000
0.000825000000000
0.000911000000000
0.000918000000000
0.000855000000000
0.001433000000000
0.000891000000000
0.001112000000000
0.000837000000000
0.000879000000000
0.002191000000000
0.000845000000000
0.000876000000000
0.000902000000000
0.000908000000000
0.000881000000000
0.000880000000000
0.000852000000000
0.000862000000000
0.000976000000000
0.000957000000000
0.001172000000000
0.000853000000000
0.000900000000000
0.000886000000000
0.000874000000000
0.000873000000000
0.000871000000000
0.001000000000000
0.000976000000000
0.000873000000000
0.001245000000000
0.000934000000000
0.001110000000000
0.000811000000000
0.000949000000000
0.001275000000000
0.000892000000000
0.000847000000000
0.000885000000000
0.000979000000000
0.000877000000000
0.001146000000000
0.000934000000000
0.000885000000000
0.001299000000000
0.000886000000000
0.002281000000000
0.000873000000000
0.001812000000000
0.000865000000000
0.000897000000000
0.001000000000000
0.001202000000000
0.000878000000000
0.000971000000000
0.000877000000000
0.000941000000000
0.001030000000000
0.001566000000000
0.000916000000000
0.000889000000000
0.002210000000000
0.001427000000000
0.000971000000000
0.000897000000000
0.000823000000000
0.000862000000000
0.001378000000000
0.000885000000000
0.001199000000000
0.001022000000000
0.001242000000000
0.002123000000000
0.000920000000000
0.001387000000000
0.002107000000000
0.000912000000000
0.001348000000000
0.001064000000000
0.000897000000000
0.001132000000000
0.002307000000000
0.000983000000000
0.000789000000000
0.000891000000000
0.000949000000000
0.001124000000000
0.001242000000000
0.000975000000000
0.001384000000000
0.001379000000000
0.002309000000000
0.000880000000000
0.000871000000000
0.000890000000000
0.001315000000000
0.001353000000000
0.000885000000000
0.000797000000000
0.001272000000000
0.000869000000000
0.000950000000000
0.000891000000000
0.000877000000000
0.000878000000000
0.000946000000000
0.000885000000000
0.000957000000000
0.001065000000000
0.001065000000000
0.001247000000000
0.001848000000000
0.000870000000000
0.001098000000000
0.000854000000000
0.000980000000000
0.002317000000000
0.000897000000000
0.000896000000000
0.000906000000000
0.001843000000000
0.001668000000000
0.001186000000000
0.000940000000000
0.000854000000000
0.002727000000000
0.001098000000000
0.000999000000000
0.000902000000000
0.000968000000000
0.002308000000000
0.001029000000000
0.001068000000000
0.001053000000000
0.000872000000000
0.001253000000000
0.000858000000000
0.000877000000000
0.001266000000000
0.000867000000000
0.000938000000000
0.000913000000000
0.000878000000000
0.000846000000000
0.001043000000000
0.001359000000000
0.002237000000000
0.000965000000000
0.001054000000000
0.001111000000000
0.000864000000000
0.000854000000000
0.000870000000000
0.000876000000000
0.000879000000000
0.000962000000000
0.000876000000000
0.001022000000000
0.000840000000000
0.000844000000000
0.000830000000000
0.000873000000000
0.001130000000000
0.001815000000000
0.000908000000000
0.000896000000000
0.000875000000000
0.000886000000000
0.000884000000000
0.001013000000000
0.001185000000000
0.000877000000000
0.002080000000000
0.001075000000000
0.000811000000000
0.000875000000000
0.001424000000000
0.000877000000000
0.001974000000000
0.001123000000000
0.000860000000000
0.000988000000000
0.001033000000000
0.001321000000000
0.000963000000000
0.000874000000000
0.001087000000000
0.000877000000000
0.000943000000000
0.001486000000000
0.000886000000000
0.000992000000000
0.000861000000000
0.001122000000000
0.001156000000000
0.002281000000000
0.001032000000000
0.000859000000000
0.001287000000000
0.000820000000000
0.001138000000000
0.000998000000000
0.001005000000000
0.002071000000000
0.001020000000000
0.000864000000000
0.000904000000000
0.000857000000000
0.000887000000000
0.002013000000000
0.001802000000000
0.001172000000000
0.001016000000000
0.000854000000000
0.000960000000000
0.000839000000000
0.001220000000000
0.001132000000000
0.000871000000000
0.001975000000000
0.001037000000000
0.000981000000000
0.001124000000000
0.000925000000000
0.001108000000000
0.001195000000000
0.000857000000000
0.000857000000000
0.000868000000000
0.000884000000000
0.000848000000000
0.000980000000000
0.000878000000000
0.001340000000000
0.000830000000000
0.001009000000000
0.000815000000000
0.000885000000000
0.001116000000000
0.000880000000000
0.001413000000000
0.000859000000000
0.000862000000000
0.001262000000000
0.001957000000000
0.001032000000000
0.001029000000000
0.001268000000000
0.001105000000000
0.000793000000000
0.000894000000000
0.000954000000000
0.000855000000000
0.001006000000000
0.001868000000000
0.001357000000000
0.001158000000000
0.000925000000000
0.001079000000000
0.001309000000000
0.000871000000000
0.000858000000000
0.000878000000000
0.000984000000000
0.000858000000000
0.000853000000000
0.001148000000000
0.000966000000000
0.000932000000000
0.000886000000000
0.001036000000000
0.000839000000000
0.000878000000000
0.001169000000000
0.000869000000000
0.001144000000000
0.001739000000000
0.001194000000000
0.002068000000000
0.001136000000000
0.000804000000000
0.000863000000000
0.001291000000000
0.000858000000000
0.000886000000000
0.001024000000000
0.001000000000000
0.000929000000000
0.001495000000000
0.000868000000000
0.000889000000000
0.000862000000000
0.000939000000000
0.000894000000000
0.001057000000000
0.001467000000000
0.002313000000000
0.001011000000000
0.000903000000000
0.000883000000000
0.001156000000000
0.000928000000000
0.000873000000000
0.001180000000000
0.000887000000000
0.000957000000000
0.001221000000000
0.000853000000000
0.002267000000000
0.000812000000000
0.000894000000000
0.001453000000000
0.000976000000000
0.000866000000000
0.000925000000000
0.000894000000000
0.000854000000000
0.000900000000000
0.001597000000000
0.000872000000000
0.001132000000000
0.001098000000000
0.000880000000000
0.000854000000000
0.000891000000000
0.000863000000000
0.000939000000000
0.000869000000000
0.000875000000000
0.000885000000000
0.000892000000000
0.000850000000000
0.001440000000000
0.000879000000000
0.000925000000000
0.001120000000000
0.000861000000000
0.000878000000000
0.001367000000000
0.000870000000000
0.000872000000000
0.001075000000000
0.000971000000000
0.001095000000000
0.001241000000000
0.000912000000000
0.000919000000000
0.001243000000000
0.000867000000000
0.000921000000000
0.000950000000000
0.000859000000000
0.000879000000000
0.001002000000000
0.001096000000000
0.000891000000000
0.001145000000000
0.002269000000000
0.000860000000000
0.001156000000000
0.000974000000000
0.000822000000000
0.001474000000000
0.000861000000000
0.000882000000000
0.000862000000000
0.000870000000000
0.000853000000000
0.001174000000000
0.000864000000000
0.001011000000000
0.001227000000000
0.000880000000000
0.000890000000000
0.000899000000000
0.000877000000000
0.000884000000000
0.000978000000000
0.000856000000000
0.000995000000000
0.000962000000000
0.001626000000000
0.001684000000000
0.000846000000000
0.000791000000000
0.001342000000000
0.001150000000000
0.000864000000000
0.002160000000000
0.001350000000000
0.000894000000000
0.001171000000000
0.000874000000000
0.001244000000000
0.001062000000000
0.000880000000000
0.001369000000000
0.001200000000000
0.001110000000000
0.000913000000000
0.001574000000000
0.000919000000000
0.000785000000000
0.000976000000000
0.001046000000000
0.001326000000000
0.000819000000000
0.000829000000000
0.000860000000000
0.000930000000000
0.001289000000000
0.000861000000000
0.000893000000000
0.000899000000000
0.000872000000000
0.001157000000000
0.000929000000000
0.000823000000000
0.000864000000000
0.000841000000000
0.001854000000000
0.001034000000000
0.001057000000000
0.000956000000000
0.000863000000000
0.000982000000000
0.000850000000000
0.000831000000000
0.001612000000000
0.001858000000000
0.002588000000000
0.000875000000000
0.002284000000000
0.000891000000000
0.000856000000000
0.000868000000000
0.001417000000000
0.000872000000000
0.000857000000000
0.000873000000000
0.000907000000000
0.001129000000000
0.001055000000000
0.000862000000000
0.000856000000000
0.000850000000000
0.000932000000000
0.000851000000000
0.001387000000000
0.000861000000000
0.000954000000000
0.000861000000000
0.000876000000000
0.001299000000000
0.002021000000000
0.001096000000000
0.000861000000000
0.000882000000000
0.001463000000000
0.000877000000000
0.001033000000000
0.000867000000000
0.001164000000000
0.000874000000000
0.000852000000000
0.000856000000000
0.001211000000000
0.000893000000000
0.000888000000000
0.001374000000000
0.000854000000000
0.000858000000000
0.000829000000000
0.000834000000000
0.000891000000000
0.001066000000000
0.001260000000000
0.000886000000000
0.000960000000000
0.001104000000000
0.000887000000000
0.001079000000000
0.001483000000000
0.000880000000000
0.000873000000000
0.002271000000000
0.001110000000000
0.000876000000000
0.001346000000000
0.000866000000000
0.000835000000000
0.000899000000000
0.001766000000000
0.000871000000000
0.000866000000000
0.001272000000000
0.000854000000000
0.001008000000000
0.001190000000000
0.002391000000000
0.000844000000000
0.000910000000000
0.001346000000000
0.000871000000000
0.000853000000000
0.001174000000000
0.001181000000000
0.000977000000000
0.000882000000000
0.000798000000000
0.000871000000000
0.000858000000000
0.000889000000000
0.000833000000000
0.001175000000000
0.000939000000000
0.000849000000000
0.000865000000000
0.000939000000000
0.001033000000000
0.000909000000000
0.000836000000000
0.000862000000000
0.000877000000000
0.000864000000000
0.002060000000000
0.001377000000000
0.000886000000000
0.000869000000000
0.000858000000000
0.000886000000000
0.000866000000000
0.000997000000000
0.000972000000000
0.001537000000000
0.000911000000000
0.000865000000000
0.000839000000000
0.000856000000000
0.000822000000000
0.000888000000000
0.000899000000000
0.000868000000000
0.001333000000000
0.001139000000000
0.000859000000000
0.000860000000000
0.000811000000000
0.000866000000000
0.000867000000000
0.000876000000000
0.000890000000000
0.000869000000000
0.001241000000000
0.001376000000000
0.000852000000000
0.000884000000000
0.001064000000000
0.002004000000000
0.000870000000000
0.000877000000000
0.000889000000000
0.001078000000000
0.001740000000000
0.000882000000000
0.001024000000000
0.000894000000000
0.000881000000000
0.000872000000000
0.001022000000000
0.000993000000000
0.000878000000000
0.000826000000000
0.000867000000000
0.000894000000000
0.000892000000000
0.000839000000000
0.001042000000000
0.002364000000000
0.001994000000000
0.001052000000000
0.000880000000000
0.000937000000000
0.001401000000000
0.000860000000000
0.000991000000000
0.001046000000000
0.001822000000000
0.000978000000000
0.001339000000000
0.001154000000000
0.000934000000000
0.000878000000000
0.000803000000000
0.000993000000000
0.002255000000000
0.000867000000000
0.001018000000000
0.000876000000000
0.001010000000000
0.001053000000000
0.001054000000000
0.001015000000000
0.001133000000000
0.000924000000000
0.000896000000000
0.001072000000000
0.000890000000000
0.000842000000000
0.001859000000000
0.001199000000000
0.000875000000000
0.001597000000000
0.000918000000000
0.000854000000000
0.000877000000000
0.001973000000000
0.000881000000000
0.000882000000000
0.000945000000000
0.001035000000000
0.000877000000000
0.000850000000000
0.001402000000000
0.001573000000000
0.000862000000000
0.000835000000000
0.000882000000000
0.000869000000000
0.001290000000000
0.000866000000000
0.000921000000000
0.000909000000000
0.000840000000000
0.000882000000000
0.000935000000000
0.000881000000000
0.000870000000000
0.001897000000000
0.000972000000000
0.002644000000000
0.000886000000000
0.000863000000000
0.001276000000000
0.000999000000000
0.001501000000000
0.001919000000000
0.001066000000000
0.000857000000000
0.000941000000000
0.000835000000000
0.001064000000000
0.000881000000000
0.000863000000000
0.001014000000000
0.000837000000000
0.000886000000000
0.001393000000000
0.000875000000000
0.001631000000000
0.001337000000000
0.000875000000000
0.001053000000000
0.002287000000000
0.001028000000000
0.000916000000000
0.000814000000000
0.000793000000000
0.002332000000000
0.000884000000000
0.000853000000000
0.000880000000000
0.000844000000000
0.000879000000000
0.001023000000000
0.001012000000000
0.000859000000000
0.000912000000000
0.001105000000000
0.000873000000000
0.000884000000000
0.001125000000000
0.002010000000000
0.000958000000000
0.000994000000000
0.000911000000000
0.000856000000000
0.001136000000000
0.000881000000000
0.000853000000000
0.000906000000000
0.000880000000000
0.001129000000000
0.000858000000000
0.001138000000000
0.000879000000000
0.000972000000000
0.000893000000000
0.001605000000000
0.000839000000000
0.000883000000000
0.000872000000000
0.001446000000000
0.001103000000000
0.000944000000000
0.001468000000000
0.001352000000000
0.001155000000000
0.000898000000000
0.001540000000000
0.000790000000000
0.001389000000000
0.000962000000000
0.000949000000000
0.001050000000000
0.000875000000000
0.000929000000000
0.000888000000000
0.001692000000000
0.000880000000000
0.002332000000000
0.000808000000000
0.001158000000000
0.001712000000000
0.001181000000000
0.000999000000000
0.001472000000000
0.000887000000000
0.001172000000000
0.001650000000000
0.002047000000000
0.001255000000000
0.000853000000000
0.000895000000000
0.000868000000000
0.000862000000000
0.001110000000000
0.000941000000000
0.000850000000000
0.002073000000000
0.000831000000000
0.000913000000000
0.000796000000000
0.000946000000000
0.000969000000000
0.000867000000000
0.000979000000000
0.000858000000000
0.000902000000000
0.000933000000000
0.002006000000000
0.001551000000000
0.000878000000000
0.000866000000000
0.000880000000000
0.000906000000000
0.000882000000000
0.000955000000000
0.001844000000000
0.000859000000000
0.000889000000000
0.000918000000000
0.000934000000000
0.000991000000000
0.000871000000000
0.000954000000000
0.000851000000000
0.001668000000000
0.001462000000000
0.001287000000000
0.001065000000000
0.000865000000000
0.000962000000000
0.000859000000000
0.000895000000000
0.000994000000000
0.000862000000000
0.000869000000000
0.000888000000000
0.001464000000000
0.001206000000000
0.001449000000000
0.001046000000000
0.000872000000000
0.001510000000000
0.000865000000000
0.000897000000000
0.000891000000000
0.001187000000000
0.000868000000000
0.000908000000000
0.001178000000000
0.001006000000000
0.000964000000000
0.000880000000000
0.000902000000000
0.001245000000000
0.000877000000000
0.000861000000000
0.001029000000000
0.000882000000000
0.000885000000000
0.001156000000000
0.000865000000000
0.000885000000000
0.000964000000000
0.000893000000000
0.001422000000000
0.000998000000000
0.000880000000000
0.001144000000000
0.002967000000000
0.000882000000000
0.000924000000000
0.001977000000000
0.001605000000000
0.000859000000000
0.001011000000000
0.000866000000000
0.000899000000000
0.002287000000000
0.000915000000000
0.000947000000000
0.000881000000000
0.000859000000000
0.001931000000000
0.000965000000000
0.001177000000000
0.001014000000000
0.000877000000000
0.000943000000000
0.000875000000000
0.001206000000000
0.000866000000000
0.000861000000000
0.000952000000000
0.000848000000000
0.000873000000000
0.001210000000000
0.001260000000000
0.000859000000000
0.000888000000000
0.000876000000000
0.000868000000000
0.000946000000000
0.000864000000000
0.001281000000000
0.000913000000000
0.000957000000000
0.000872000000000
0.209977000000000
0.001017000000000
0.000846000000000
0.000889000000000
0.001675000000000
0.000859000000000
0.001228000000000
0.001240000000000
0.000870000000000
0.000864000000000
0.000873000000000
0.000894000000000
0.001468000000000
0.001983000000000
0.000869000000000
0.000859000000000
0.000876000000000
0.000895000000000
0.000847000000000
0.001136000000000
0.000890000000000
0.001119000000000
0.000864000000000
0.002092000000000
0.001200000000000
0.001312000000000
0.000960000000000
0.000869000000000
0.001038000000000
0.000868000000000
0.002308000000000
0.000936000000000
0.000875000000000
0.001874000000000
0.000879000000000
0.000881000000000
0.000873000000000
0.000934000000000
0.000872000000000
0.000869000000000
0.000886000000000
0.001004000000000
0.001569000000000
0.001052000000000
0.001011000000000
0.000867000000000
0.000892000000000
0.001166000000000
0.000994000000000
0.000954000000000
0.000962000000000
0.000899000000000
0.001301000000000
0.001134000000000
0.000877000000000
0.000881000000000
0.000897000000000
0.000835000000000
0.000937000000000
0.000879000000000
0.001662000000000
0.000837000000000
0.000890000000000
0.000867000000000
0.000846000000000
0.001053000000000
0.001006000000000
0.000862000000000
0.001049000000000
0.000878000000000
0.001564000000000
0.001291000000000
0.001417000000000
0.002405000000000
0.001174000000000
0.001109000000000
0.000879000000000
0.001009000000000
0.000881000000000
0.000871000000000
0.001073000000000
0.000877000000000
0.002044000000000
0.001006000000000
0.001404000000000
0.001381000000000
0.000953000000000
0.000865000000000
0.001134000000000
0.001755000000000
0.000892000000000
0.000957000000000
0.000860000000000
0.001269000000000
0.000935000000000
0.001359000000000
0.001024000000000
0.001197000000000
0.000888000000000
0.002541000000000
0.000884000000000
0.000881000000000
0.001087000000000
0.001863000000000
0.000895000000000
0.001002000000000
0.000871000000000
0.000876000000000
0.001112000000000
0.000875000000000
0.000883000000000
0.000897000000000
0.000863000000000
0.000927000000000
0.001176000000000
0.000889000000000
0.000881000000000
0.001002000000000
0.001827000000000
0.001456000000000
0.000978000000000
0.000888000000000
0.000874000000000
0.000876000000000
0.000879000000000
0.001206000000000
0.001097000000000
0.001034000000000
0.001633000000000
0.000844000000000
0.001062000000000
0.000874000000000
0.001205000000000
0.001018000000000
0.000864000000000
0.001634000000000
0.000971000000000
0.001022000000000
0.000991000000000
0.001814000000000
0.001083000000000
0.000965000000000
0.001083000000000
0.000877000000000
0.002049000000000
0.000921000000000
0.000875000000000
0.000811000000000
0.002071000000000
0.001998000000000
0.000873000000000
0.000865000000000
0.000912000000000
0.000884000000000
0.000794000000000
0.000858000000000
0.001131000000000
0.000893000000000
0.002164000000000
0.001440000000000
0.002072000000000
0.000879000000000
0.000929000000000
0.000930000000000
0.001228000000000
0.001053000000000
0.000873000000000
0.001014000000000
0.000881000000000
0.000879000000000
0.002082000000000
0.001198000000000
0.000999000000000
0.000944000000000
0.001994000000000
0.000882000000000
0.000868000000000
0.000864000000000
0.000916000000000
0.002059000000000
0.000880000000000
0.000878000000000
0.000966000000000
0.001139000000000
0.002348000000000
0.001061000000000
0.000882000000000
0.000945000000000
0.000889000000000
0.001269000000000
0.000877000000000
0.000877000000000
0.000827000000000
0.002332000000000
0.001974000000000
0.001243000000000
0.001351000000000
0.001408000000000
0.001025000000000
0.000805000000000
0.001361000000000
0.000881000000000
0.000881000000000
0.001059000000000
0.000861000000000
0.001306000000000
0.000920000000000
0.000860000000000
0.001111000000000
0.000934000000000
0.001126000000000
0.000894000000000
0.000992000000000
0.000984000000000
0.000859000000000
0.001032000000000
0.000878000000000
0.000885000000000
0.000907000000000
0.000888000000000
0.001297000000000
0.000869000000000
0.000801000000000
0.000858000000000
0.000889000000000
0.000987000000000
0.000946000000000
0.001712000000000
0.000879000000000
0.001111000000000
0.002221000000000
0.001125000000000
0.000939000000000
0.000912000000000
0.001086000000000
0.001484000000000
0.000862000000000
0.002504000000000
0.001166000000000
0.000878000000000
0.001071000000000
0.000892000000000
0.000805000000000
0.001013000000000
0.002315000000000
0.000890000000000
0.001582000000000
0.000887000000000
0.001026000000000
0.000884000000000
0.000884000000000
0.000877000000000
0.001395000000000
0.000866000000000
0.000820000000000
0.029366000000000
0.000953000000000
0.000836000000000
0.000870000000000
0.000869000000000
0.000869000000000
0.000995000000000
0.000896000000000
0.000873000000000
0.001454000000000
0.001056000000000
0.001281000000000
0.000865000000000
0.000877000000000
0.001389000000000
0.000923000000000
0.000893000000000
0.001246000000000
0.000993000000000
0.001169000000000
0.000848000000000
0.001179000000000
0.001088000000000
0.001414000000000
0.001122000000000
0.001078000000000
0.000935000000000
0.000984000000000
0.000878000000000
0.001684000000000
0.000885000000000
0.001030000000000
0.000836000000000
0.000861000000000
0.001586000000000
0.001049000000000
0.000865000000000
0.000893000000000
0.000874000000000
0.001171000000000
0.001308000000000
0.001918000000000
0.001639000000000
0.000967000000000
0.001174000000000
0.000910000000000
0.001028000000000
0.000888000000000
0.001406000000000
0.029244000000000
0.000905000000000
0.000881000000000
0.002078000000000
0.000976000000000
0.001171000000000
0.000869000000000
0.000985000000000
0.001064000000000
0.000892000000000
0.001120000000000
0.001278000000000
0.000912000000000
0.001082000000000
0.000886000000000
0.000882000000000
0.001130000000000
0.001054000000000
0.002125000000000
0.000895000000000
0.000925000000000
0.000875000000000
0.000885000000000
0.000977000000000
0.000886000000000
0.001255000000000
0.000876000000000
0.000885000000000
0.000992000000000
0.001069000000000
0.000836000000000
0.000845000000000
0.000974000000000
0.001549000000000
0.000862000000000
0.001149000000000
0.000887000000000
0.001111000000000
0.000863000000000
0.002099000000000
0.001043000000000
0.000922000000000
0.000909000000000
0.000958000000000
0.001100000000000
0.000932000000000
0.000875000000000
0.000876000000000
0.000865000000000
0.000939000000000
0.001084000000000
0.001161000000000
0.001026000000000
0.000883000000000
0.000947000000000
0.001140000000000
0.001060000000000
0.000932000000000
0.001908000000000
0.002011000000000
0.000956000000000
0.000899000000000
0.001542000000000
0.001148000000000
0.000917000000000
0.000873000000000
0.000858000000000
0.000893000000000
0.000886000000000
0.000878000000000
0.001136000000000
0.001068000000000
0.000884000000000
0.001042000000000
0.001249000000000
0.001198000000000
0.001243000000000
0.001056000000000
0.001028000000000
0.001871000000000
0.000883000000000
0.000976000000000
0.001130000000000
0.002211000000000
0.000922000000000
0.000965000000000
0.000876000000000
0.000892000000000
0.000877000000000
0.000879000000000
0.000872000000000
0.001338000000000
0.000996000000000
0.000869000000000
0.000880000000000
0.000882000000000
0.001116000000000
0.000867000000000
0.000817000000000
0.001205000000000
0.001427000000000
0.000872000000000
0.001369000000000
0.000930000000000
0.000875000000000
0.000861000000000
0.000857000000000
0.001138000000000
0.000920000000000
0.001499000000000
0.000892000000000
0.000863000000000
0.000950000000000
0.000878000000000
0.002041000000000
0.000825000000000
0.000953000000000
0.001294000000000
0.001598000000000
0.001943000000000
0.001102000000000
0.000913000000000
0.001967000000000
0.000910000000000
0.001830000000000
0.000867000000000
0.001109000000000
0.001883000000000
0.000899000000000
0.000855000000000
0.000821000000000
0.000869000000000
0.001964000000000
0.000941000000000
0.001201000000000
0.001126000000000
0.001568000000000
0.000947000000000
0.001327000000000
0.001009000000000
0.000887000000000
0.000929000000000
0.000999000000000
0.000884000000000
0.000916000000000
0.001115000000000
0.000894000000000
0.000876000000000
0.000900000000000
0.001458000000000
0.000883000000000
0.002287000000000
0.000821000000000
0.000869000000000
0.001040000000000
0.000891000000000
0.000886000000000
0.001296000000000
0.000890000000000
0.000883000000000
0.001261000000000
0.000983000000000
0.002094000000000
0.000879000000000
0.000868000000000
0.000920000000000
0.002349000000000
0.000862000000000
0.001400000000000
0.000888000000000
0.001040000000000
0.001417000000000
0.001956000000000
0.000923000000000
0.001055000000000
0.000898000000000
0.002014000000000
0.001689000000000
0.000939000000000
0.001315000000000
0.000964000000000
0.001960000000000
0.001692000000000
0.003005000000000
0.000872000000000
0.000863000000000
0.000868000000000
0.000915000000000
0.000954000000000
0.001195000000000
0.002023000000000
0.000905000000000
0.001603000000000
0.002203000000000
0.001034000000000
0.001198000000000
0.001073000000000
0.000873000000000
0.000932000000000
0.000997000000000
0.001001000000000
0.000890000000000
0.000889000000000
0.000915000000000
0.000880000000000
0.001865000000000
0.000984000000000
0.000844000000000
0.000888000000000
0.002713000000000
0.000863000000000
0.000885000000000
0.000820000000000
0.000873000000000
0.000883000000000
0.000866000000000
0.001100000000000
0.000883000000000
0.000933000000000
0.000858000000000
0.001046000000000
0.000901000000000
0.000939000000000
0.000958000000000
0.001504000000000
0.001348000000000
0.000905000000000
0.000877000000000
0.001111000000000
0.001258000000000
0.000910000000000
0.001468000000000
0.001200000000000
0.000895000000000
0.001892000000000
0.000936000000000
0.000894000000000
0.000884000000000
0.000893000000000
0.000897000000000
0.000872000000000
0.001048000000000
0.000960000000000
0.000962000000000
0.014984000000000
0.000901000000000
0.001508000000000
0.000878000000000
0.000978000000000
0.000958000000000
0.001482000000000
0.001583000000000
0.000971000000000
0.002353000000000
0.000931000000000
0.001069000000000
0.000864000000000
0.001108000000000
0.000889000000000
0.001026000000000
0.000878000000000
0.000873000000000
0.000952000000000
0.001179000000000
0.001381000000000
0.000883000000000
0.002111000000000
0.000796000000000
0.000859000000000
0.002627000000000
0.000888000000000
0.000878000000000
0.002509000000000
0.001108000000000
0.002188000000000
0.000838000000000
0.000888000000000
0.000871000000000
0.000879000000000
0.001493000000000
0.001014000000000
0.001108000000000
0.002643000000000
0.000880000000000
0.000988000000000
0.000978000000000
0.000870000000000
0.000910000000000
0.000880000000000
0.000896000000000
0.001567000000000
0.001036000000000
0.000907000000000
0.001038000000000
0.000873000000000
0.000898000000000
0.002172000000000
0.000878000000000
0.000896000000000
0.001184000000000
0.000865000000000
0.000891000000000
0.002070000000000
0.000952000000000
0.001777000000000
0.001092000000000
0.001301000000000
0.000924000000000
0.000981000000000
0.000896000000000
0.000894000000000
0.000819000000000
0.001546000000000
0.000862000000000
0.000887000000000
0.000873000000000
0.001147000000000
0.000883000000000
0.001918000000000
0.000955000000000
0.000966000000000
0.001604000000000
0.000864000000000
0.001949000000000
0.001275000000000
0.001394000000000
0.000890000000000
0.000878000000000
0.000877000000000
0.001033000000000
0.000906000000000
0.000881000000000
0.000860000000000
0.000883000000000
0.000889000000000
0.000900000000000
0.000885000000000
0.000884000000000
0.000891000000000
0.000914000000000
0.000886000000000
0.000879000000000
0.000970000000000
0.001848000000000
0.000986000000000
0.000893000000000
0.000888000000000
0.002553000000000
0.000875000000000
0.001331000000000
0.000975000000000
0.000898000000000
0.000910000000000
0.000897000000000
0.002677000000000
0.001020000000000
0.001043000000000
0.000886000000000
0.000901000000000
0.000863000000000
0.000982000000000
0.000895000000000
0.000874000000000
0.000968000000000
0.001409000000000
0.000923000000000
0.001208000000000
0.001301000000000
0.000869000000000
0.000953000000000
0.000878000000000
0.002658000000000
0.002066000000000
0.000909000000000
0.000943000000000
0.000873000000000
0.002279000000000
0.000901000000000
0.000873000000000
0.002332000000000
0.000870000000000
0.000883000000000
0.000873000000000
0.001916000000000
0.000874000000000
0.001366000000000
0.001037000000000
0.001438000000000
0.001968000000000
0.001167000000000
0.000982000000000
0.002079000000000
0.001099000000000
0.000901000000000
0.001547000000000
0.001978000000000
0.000884000000000
0.000884000000000
0.000896000000000
0.001128000000000
0.001028000000000
0.000939000000000
0.001871000000000
0.001014000000000
0.000873000000000
0.000879000000000
0.001327000000000
0.000888000000000
0.001227000000000
0.002536000000000
0.001899000000000
0.001598000000000
0.001013000000000
0.002124000000000
0.002185000000000
0.000983000000000
0.000864000000000
0.001865000000000
0.000874000000000
0.001225000000000
0.000871000000000
0.002327000000000
0.000871000000000
0.001551000000000
0.000900000000000
0.000968000000000
0.001067000000000
0.000868000000000
0.001926000000000
0.000919000000000
0.001189000000000
0.000984000000000
0.001193000000000
0.000959000000000
0.000877000000000
0.001395000000000
0.002416000000000
0.000880000000000
0.001095000000000
0.001053000000000
0.001150000000000
0.000863000000000
0.002317000000000
0.000883000000000
0.002342000000000
0.001264000000000
0.000932000000000
0.000875000000000
0.002369000000000
0.001183000000000
0.000922000000000
0.001532000000000
0.002620000000000
0.000956000000000
0.000885000000000
0.000943000000000
0.000868000000000
0.001491000000000
0.001124000000000
0.002048000000000
0.000838000000000
0.001125000000000
0.000916000000000
0.001263000000000
0.000892000000000
0.001028000000000
0.001905000000000
0.000851000000000
0.000888000000000
0.001485000000000
0.000842000000000
0.001161000000000
0.000891000000000
0.000908000000000
0.001041000000000
0.002506000000000
0.000834000000000
0.002350000000000
0.000882000000000
0.000920000000000
0.002605000000000
0.000958000000000
0.000868000000000
0.001158000000000
0.000857000000000
0.002399000000000
0.000877000000000
0.000932000000000
0.003153000000000
0.002074000000000
0.001828000000000
0.000864000000000
0.000879000000000
0.000962000000000
0.001012000000000
0.001159000000000
0.002331000000000
0.000883000000000
0.001993000000000
0.002023000000000
0.001947000000000
0.002277000000000
0.001343000000000
0.000890000000000
0.000899000000000
0.002924000000000
0.001122000000000
0.001103000000000
0.001046000000000
0.000979000000000
0.001975000000000
0.001974000000000
0.000978000000000
0.001033000000000
0.000892000000000
0.000912000000000
0.000864000000000
0.001310000000000
0.001162000000000
0.001034000000000
0.001808000000000
0.000964000000000
0.000987000000000
0.001039000000000
0.000879000000000
0.000791000000000
0.000920000000000
0.002598000000000
0.000870000000000
0.001081000000000
0.000872000000000
0.000992000000000
0.000829000000000
0.000904000000000
0.001781000000000
0.002323000000000
0.000893000000000
0.000869000000000
0.000849000000000
0.000908000000000
0.001119000000000
0.000889000000000
0.000987000000000
0.001029000000000
0.000972000000000
0.000952000000000
0.000833000000000
0.000904000000000
0.001147000000000
0.000902000000000
0.000895000000000
0.000897000000000
0.001015000000000
0.000912000000000
0.000906000000000
0.000986000000000
0.000905000000000
0.000910000000000
0.001061000000000
0.002133000000000
0.000891000000000
0.000948000000000
0.000878000000000
0.003308000000000
0.000893000000000
0.002211000000000
0.000870000000000
0.000921000000000
0.001137000000000
0.000871000000000
0.000999000000000
0.001086000000000
0.000915000000000
0.001118000000000
0.000834000000000
0.001803000000000
0.001001000000000
0.000875000000000
0.000898000000000
0.001813000000000
0.000883000000000
0.001084000000000
0.002989000000000
0.000864000000000
0.001269000000000
0.000904000000000
0.001244000000000
0.000994000000000
0.000880000000000
0.000899000000000
0.000906000000000
0.001258000000000
0.000881000000000
0.000882000000000
0.001363000000000
0.000974000000000
0.000883000000000
0.000871000000000
0.000872000000000
0.001367000000000
0.000909000000000
0.000904000000000
0.001085000000000
0.000935000000000
0.001118000000000
0.000916000000000
0.001185000000000
0.000892000000000
0.002300000000000
0.000879000000000
0.001032000000000
0.000909000000000
0.002364000000000
0.000960000000000
0.000945000000000
0.001485000000000
0.001070000000000
0.000868000000000
0.001116000000000
0.000890000000000
0.001375000000000
0.000860000000000
0.000910000000000
0.000871000000000
0.000978000000000
0.001322000000000
0.000997000000000
0.000872000000000
0.001226000000000
0.001347000000000
0.000880000000000
0.000888000000000
0.000866000000000
0.001386000000000
0.000914000000000
0.000892000000000
0.001149000000000
0.001187000000000
0.000857000000000
0.000889000000000
0.000903000000000
0.002649000000000
0.001033000000000
0.001248000000000
0.000893000000000
0.000810000000000
0.000951000000000
0.000880000000000
0.000875000000000
0.000870000000000
0.001014000000000
0.000904000000000
0.000941000000000
0.000896000000000
0.001100000000000
0.001736000000000
0.001990000000000
0.000934000000000
0.000815000000000
0.000907000000000
0.000887000000000
0.002736000000000
0.001208000000000
0.000877000000000
0.000887000000000
0.001066000000000
0.000948000000000
0.001093000000000
0.000849000000000
0.000909000000000
0.000941000000000
0.001540000000000
0.001415000000000
0.001362000000000
0.000897000000000
0.000948000000000
0.001218000000000
0.000894000000000
0.001062000000000
0.000925000000000
0.001943000000000
0.001070000000000
0.000911000000000
0.000828000000000
0.000888000000000
0.001489000000000
0.001151000000000
0.001682000000000
0.000919000000000
0.000889000000000
0.000874000000000
0.000938000000000
0.000824000000000
0.000920000000000
0.001252000000000
0.001055000000000
0.001862000000000
0.000888000000000
0.000891000000000
0.000888000000000
0.002056000000000
0.002549000000000
0.000955000000000
0.000910000000000
0.000900000000000
0.000970000000000
0.000906000000000
0.002376000000000
0.001997000000000
0.001054000000000
0.000956000000000
0.000874000000000
0.001144000000000
0.000951000000000
0.001882000000000
0.002200000000000
0.000922000000000
0.000898000000000
0.000939000000000
0.001381000000000
0.000840000000000
0.001075000000000
0.000911000000000
0.000887000000000
0.000899000000000
0.000841000000000
0.000885000000000
0.000874000000000
0.001027000000000
0.000926000000000
0.001143000000000
0.000873000000000
0.001901000000000
0.000950000000000
0.002644000000000
0.000978000000000
0.002041000000000
0.000883000000000
0.001264000000000
0.001504000000000
0.000894000000000
0.000851000000000
0.000964000000000
0.001104000000000
0.001587000000000
0.000885000000000
0.000882000000000
0.001875000000000
0.002288000000000
0.000888000000000
0.000941000000000
0.000878000000000
0.000936000000000
0.002668000000000
0.000803000000000
0.000898000000000
0.000887000000000
0.000921000000000
0.000888000000000
0.000895000000000
0.000904000000000
0.000886000000000
0.000813000000000
0.001098000000000
0.000898000000000
0.000866000000000
0.000895000000000
0.000824000000000
0.001251000000000
0.001061000000000
0.000877000000000
0.000924000000000
0.000895000000000
0.001824000000000
0.000901000000000
0.000880000000000
0.001080000000000
0.001166000000000
0.001337000000000
0.000893000000000
0.001387000000000
0.000896000000000
0.001188000000000
0.001882000000000
0.001974000000000
0.000832000000000
0.002143000000000
0.001043000000000
0.000896000000000
0.001218000000000
0.001118000000000
0.000842000000000
0.001188000000000
0.000945000000000
0.000958000000000
0.001113000000000
0.000896000000000
0.000909000000000
0.000888000000000
0.000998000000000
0.000873000000000
0.001342000000000
0.000874000000000
0.000890000000000
0.001387000000000
0.000893000000000
0.002652000000000
0.000885000000000
0.000901000000000
0.000929000000000
0.002293000000000
0.000897000000000
0.002045000000000
0.001036000000000
0.000879000000000
0.001716000000000
0.001163000000000
0.001078000000000
0.002067000000000
0.001202000000000
0.000892000000000
0.000870000000000
0.001462000000000
0.000884000000000
0.000909000000000
0.001260000000000
0.001071000000000
0.000907000000000
0.002818000000000
0.000966000000000
0.001795000000000
0.000930000000000
0.002069000000000
0.002274000000000
0.000955000000000
0.000882000000000
0.000936000000000
0.002282000000000
0.000875000000000
0.000831000000000
0.000898000000000
0.000884000000000
0.000840000000000
0.000885000000000
0.000892000000000
0.000911000000000
0.002058000000000
0.000992000000000
0.001015000000000
0.000897000000000
0.000898000000000
0.000922000000000
0.001411000000000
0.000903000000000
0.000861000000000
0.001012000000000
0.000895000000000
0.000894000000000
0.001349000000000
0.000916000000000
0.000909000000000
0.000859000000000
0.001829000000000
0.000898000000000
0.001463000000000
0.000888000000000
0.001176000000000
0.000895000000000
0.000920000000000
0.001870000000000
0.000892000000000
0.002085000000000
0.001099000000000
0.000885000000000
0.001305000000000
0.001058000000000
0.001530000000000
0.000885000000000
0.002456000000000
0.001027000000000
0.001184000000000
0.000978000000000
0.001163000000000
0.000969000000000
0.000914000000000
0.002185000000000
0.000929000000000
0.002277000000000
0.001065000000000
0.001025000000000
0.001160000000000
0.002320000000000
0.000897000000000
0.001948000000000
0.000916000000000
0.000855000000000
0.002348000000000
0.000881000000000
0.001715000000000
0.002390000000000
0.002440000000000
0.002585000000000
0.001843000000000
0.012914000000000
0.001282000000000
0.001004000000000
0.000872000000000
0.001082000000000
0.001102000000000
0.000915000000000
0.001982000000000
0.001141000000000
0.001037000000000
0.000952000000000
0.000905000000000
0.000889000000000
0.000847000000000
0.000898000000000
0.001016000000000
0.001104000000000
0.001020000000000
0.000908000000000
0.000895000000000
0.000864000000000
0.001246000000000
0.000879000000000
0.001859000000000
0.000878000000000
0.000972000000000
0.000861000000000
0.001622000000000
0.001194000000000
0.001425000000000
0.000940000000000
0.001095000000000
0.000873000000000
0.002021000000000
0.000972000000000
0.000957000000000
0.002671000000000
0.001132000000000
0.001983000000000
0.001108000000000
0.001428000000000
0.001814000000000
0.001080000000000
0.000890000000000
0.000865000000000
0.001117000000000
0.000898000000000
0.000992000000000
0.001000000000000
0.000883000000000
0.001843000000000
0.001727000000000
0.001436000000000
0.000910000000000
0.001306000000000
0.001799000000000
0.000906000000000
0.000904000000000
0.001945000000000
0.000914000000000
0.001556000000000
0.002148000000000
0.001484000000000
0.002641000000000
0.001650000000000
0.002012000000000
0.001503000000000
0.002975000000000
0.001662000000000
0.000952000000000
0.000960000000000
0.002000000000000
0.000877000000000
0.002276000000000
0.003175000000000
0.001799000000000
0.001844000000000
0.002295000000000
0.002272000000000
0.000936000000000
0.001221000000000
0.002384000000000
0.001066000000000
0.000920000000000
0.001189000000000
0.001759000000000
0.000890000000000
0.001188000000000
0.002012000000000
0.001943000000000
0.001231000000000
0.000933000000000
0.001161000000000
0.001988000000000
0.000939000000000
0.001058000000000
0.001193000000000
0.000926000000000
0.001482000000000
0.000887000000000
0.001417000000000
0.000901000000000
0.000877000000000
0.001583000000000
0.000984000000000
0.000973000000000
0.000849000000000
0.031981000000000
0.001980000000000
0.002151000000000
0.001099000000000
0.000948000000000
0.003025000000000
0.001019000000000
0.000887000000000
0.000904000000000
0.000881000000000
0.000916000000000
0.000847000000000
0.000824000000000
0.000818000000000
0.000925000000000
0.001044000000000
0.001239000000000
0.000908000000000
0.000903000000000
0.001688000000000
0.000888000000000
0.001059000000000
0.000910000000000
0.000911000000000
0.000888000000000
0.001057000000000
0.000879000000000
0.000838000000000
0.027462000000000
0.001355000000000
0.000904000000000
0.000886000000000
0.000911000000000
0.002577000000000
0.000944000000000
0.000901000000000
0.002049000000000
0.000936000000000
0.000992000000000
0.000884000000000
0.001199000000000
0.001198000000000
0.000947000000000
0.001401000000000
0.000915000000000
0.001216000000000
0.000942000000000
0.000921000000000
0.001003000000000
0.000849000000000
0.002100000000000
0.001151000000000
0.002013000000000
0.002006000000000
0.000959000000000
0.000939000000000
0.001282000000000
0.000898000000000
0.000928000000000
0.000950000000000
0.000889000000000
0.001967000000000
0.001227000000000
0.000844000000000
0.001032000000000
0.000881000000000
0.002151000000000
0.001600000000000
0.000860000000000
0.000935000000000
0.000951000000000
0.001004000000000
0.000904000000000
0.001381000000000
0.000913000000000
0.001730000000000
0.001168000000000
0.034146000000000
0.000902000000000
0.000897000000000
0.001108000000000
0.000957000000000
0.000986000000000
0.001546000000000
0.000851000000000
0.001166000000000
0.001231000000000
0.002136000000000
0.000962000000000
0.002722000000000
0.001120000000000
0.000874000000000
0.001051000000000
0.001100000000000
0.000968000000000
0.001266000000000
0.000891000000000
0.001486000000000
0.000960000000000
0.000885000000000
0.000922000000000
0.001637000000000
0.001144000000000
0.000892000000000
0.000879000000000
0.000919000000000
0.000930000000000
0.000955000000000
0.001090000000000
0.001007000000000
0.001026000000000
0.000890000000000
0.001307000000000
0.001483000000000
0.001472000000000
0.000895000000000
0.001839000000000
0.001140000000000
0.000916000000000
0.000992000000000
0.000813000000000
0.000892000000000
0.000911000000000
0.000902000000000
0.000881000000000
0.000861000000000
0.000900000000000
0.001031000000000
0.002195000000000
0.000951000000000
0.000881000000000
0.000954000000000
0.000894000000000
0.000977000000000
0.000944000000000
0.000900000000000
0.001253000000000
0.001539000000000
0.001141000000000
0.001932000000000
0.000937000000000
0.001009000000000
0.001559000000000
0.000965000000000
0.000903000000000
0.001973000000000
0.001055000000000
0.000858000000000
0.000873000000000
0.001256000000000
0.001784000000000
0.001130000000000
0.001135000000000
0.000917000000000
0.002108000000000
0.002809000000000
0.000947000000000
0.002066000000000
0.002051000000000
0.001196000000000
0.000923000000000
0.000862000000000
0.000920000000000
0.000972000000000
0.000888000000000
0.001303000000000
0.000895000000000
0.000936000000000
0.000917000000000
0.000938000000000
0.000903000000000
0.000939000000000
0.000902000000000
0.001216000000000
0.000904000000000
0.000913000000000
0.000894000000000
0.000902000000000
0.000887000000000
0.000921000000000
0.000914000000000
0.000894000000000
0.000854000000000
0.002989000000000
0.001372000000000
0.000908000000000
0.001139000000000
0.000936000000000
0.001258000000000
0.001566000000000
0.000900000000000
0.000895000000000
0.001201000000000
0.000890000000000
0.000824000000000
0.000889000000000
0.002048000000000
0.009811000000000
0.002235000000000
0.000897000000000
0.000944000000000
0.001762000000000
0.001212000000000
0.001284000000000
0.000914000000000
0.000949000000000
0.000910000000000
0.001003000000000
0.000913000000000
0.000906000000000
0.001034000000000
0.002583000000000
0.016804000000000
0.015922000000000
0.000895000000000
0.000921000000000
0.001819000000000
0.001331000000000
0.000975000000000
0.003165000000000
0.000923000000000
0.002679000000000
0.002806000000000
0.003328000000000
0.001918000000000
0.001353000000000
0.000941000000000
0.001283000000000
0.001060000000000
0.001447000000000
0.000894000000000
0.001372000000000
0.000917000000000
0.001004000000000
0.001065000000000
0.000898000000000
0.002245000000000
0.000884000000000
0.000825000000000
0.001419000000000
0.000900000000000
0.001245000000000
0.001414000000000
0.001912000000000
0.001155000000000
0.001406000000000
0.000900000000000
0.000902000000000
0.000950000000000
0.000895000000000
0.000905000000000
0.001396000000000
0.000908000000000
0.000889000000000
0.002076000000000
0.001252000000000
0.000972000000000
0.000996000000000
0.000903000000000
0.000894000000000
0.000942000000000
0.000940000000000
0.000979000000000
0.001982000000000
0.000897000000000
0.000962000000000
0.001300000000000
0.000973000000000
0.000927000000000
0.001524000000000
0.000914000000000
0.000917000000000
0.001984000000000
0.000951000000000
0.000917000000000
0.001071000000000
0.000858000000000
0.000967000000000
0.001611000000000
0.002282000000000
0.001187000000000
0.000910000000000
0.000928000000000
0.000907000000000
0.001957000000000
0.000954000000000
0.001173000000000
0.001519000000000
0.001048000000000
0.000918000000000
0.001551000000000
0.000896000000000
0.001083000000000
0.000889000000000
0.000876000000000
0.000900000000000
0.001176000000000
0.001070000000000
0.001050000000000
0.000906000000000
0.000888000000000
0.001113000000000
0.000892000000000
0.001441000000000
0.000913000000000
0.000935000000000
0.000894000000000
0.000903000000000
0.000926000000000
0.001299000000000
0.000961000000000
0.000903000000000
0.000918000000000
0.002046000000000
0.000837000000000
0.000830000000000
0.000894000000000
0.000887000000000
0.001152000000000
0.002138000000000
0.000909000000000
0.001288000000000
0.002044000000000
0.001933000000000
0.001092000000000
0.000906000000000
0.000893000000000
0.003220000000000
0.001016000000000
0.001053000000000
0.000883000000000
0.002018000000000
0.001112000000000
0.001170000000000
0.001056000000000
0.000918000000000
0.001349000000000
0.001127000000000
0.002594000000000
0.000904000000000
0.002416000000000
0.000882000000000
0.000910000000000
0.000919000000000
0.000923000000000
0.001076000000000
0.000904000000000
0.002052000000000
0.001738000000000
0.001160000000000
0.001094000000000
0.000903000000000
0.001078000000000
0.000927000000000
0.000968000000000
0.000964000000000
0.000936000000000
0.001046000000000
0.000867000000000
0.000896000000000
0.001884000000000
0.000985000000000
0.001970000000000
0.001626000000000
0.001706000000000
0.002624000000000
0.000917000000000
0.000902000000000
0.000966000000000
0.001118000000000
0.000917000000000
0.002262000000000
0.002045000000000
0.000924000000000
0.002141000000000
0.001178000000000
0.000923000000000
0.000970000000000
0.000914000000000
0.000842000000000
0.000898000000000
0.001051000000000
0.030217000000000
0.001108000000000
0.002312000000000
0.002109000000000
0.001450000000000
0.002023000000000
0.002012000000000
0.000872000000000
0.001986000000000
0.001982000000000
0.001844000000000
0.001294000000000
0.001009000000000
0.000872000000000
0.002266000000000
0.001475000000000
0.000899000000000
0.000903000000000
0.000890000000000
0.000925000000000
0.000994000000000
0.001974000000000
0.000981000000000
0.000958000000000
0.000896000000000
0.001450000000000
0.002044000000000
0.000922000000000
0.001112000000000
0.001169000000000
0.000861000000000
0.000924000000000
0.000919000000000
0.002042000000000
0.002628000000000
0.001016000000000
0.000912000000000
0.000902000000000
0.000959000000000
0.000919000000000
0.001012000000000
0.000918000000000
0.001013000000000
0.000955000000000
0.000883000000000
0.001000000000000
0.002624000000000
0.000921000000000
0.001111000000000
0.000910000000000
0.000898000000000
0.002057000000000
0.000976000000000
0.000872000000000
0.000904000000000
0.000899000000000
0.000887000000000
0.000891000000000
0.002096000000000
0.000882000000000
0.000900000000000
0.001077000000000
0.001990000000000
0.000952000000000
0.001570000000000
0.000905000000000
0.000884000000000
0.001993000000000
0.002107000000000
0.001171000000000
0.000885000000000
0.000869000000000
0.001304000000000
0.001063000000000
0.002199000000000
0.000911000000000
0.001393000000000
0.000917000000000
0.001063000000000
0.000884000000000
0.000842000000000
0.000905000000000
0.002290000000000
0.002162000000000
0.000844000000000
0.001249000000000
0.001448000000000
0.000945000000000
0.001259000000000
0.001895000000000
0.000825000000000
0.002929000000000
0.001408000000000
0.001381000000000
0.000898000000000
0.001075000000000
0.001147000000000
0.000858000000000
0.002343000000000
0.000920000000000
0.000897000000000
0.000984000000000
0.001024000000000
0.000939000000000
0.001097000000000
0.000902000000000
0.001099000000000
0.001075000000000
0.001182000000000
0.000912000000000
0.001690000000000
0.003034000000000
0.000903000000000
0.000904000000000
0.000945000000000
0.001301000000000
0.000919000000000
0.000929000000000
0.000910000000000
0.000913000000000
0.000838000000000
0.001202000000000
0.000899000000000
0.000938000000000
0.000954000000000
0.002109000000000
0.000899000000000
0.001653000000000
0.001222000000000
0.001006000000000
0.001137000000000
0.000968000000000
0.000937000000000
0.000917000000000
0.000934000000000
0.000918000000000
0.000960000000000
0.001819000000000
0.001408000000000
0.002053000000000
0.002338000000000
0.000942000000000
0.002188000000000
0.001007000000000
0.000895000000000
0.001015000000000
0.000905000000000
0.000974000000000
0.001197000000000
0.001039000000000
0.000895000000000
0.001395000000000
0.000898000000000
0.000884000000000
0.001833000000000
0.001299000000000
0.001187000000000
0.001057000000000
0.001546000000000
0.002092000000000
0.001463000000000
0.000926000000000
0.000894000000000
0.001156000000000
0.000903000000000
0.001876000000000
0.000888000000000
0.000826000000000
0.001961000000000
0.000933000000000
0.001306000000000
0.000907000000000
0.001010000000000
0.000982000000000
0.001111000000000
0.000920000000000
0.001166000000000
0.001001000000000
0.001013000000000
0.000915000000000
0.000988000000000
0.003313000000000
0.002086000000000
0.000928000000000
0.000917000000000
0.001135000000000
0.000893000000000
0.000911000000000
0.000936000000000
0.000927000000000
0.000939000000000
0.001234000000000
0.000877000000000
0.002129000000000
0.001175000000000
0.000954000000000
0.000833000000000
0.000867000000000
0.000955000000000
0.001437000000000
0.002499000000000
0.001569000000000
0.000929000000000
0.000940000000000
0.000942000000000
0.002030000000000
0.001969000000000
0.001061000000000
0.000925000000000
0.001151000000000
0.001090000000000
0.002550000000000
0.001642000000000
0.002512000000000
0.001965000000000
0.001903000000000
0.000869000000000
0.000848000000000
0.000928000000000
0.000852000000000
0.000946000000000
0.001381000000000
0.001167000000000
0.001135000000000
0.001247000000000
0.000917000000000
0.000918000000000
0.001371000000000
0.002765000000000
0.000899000000000
0.000890000000000
0.000970000000000
0.000904000000000
0.001513000000000
0.000953000000000
0.000929000000000
0.000907000000000
0.000910000000000
0.001815000000000
0.002144000000000
0.000978000000000
0.001019000000000
0.001986000000000
0.001139000000000
0.000891000000000
0.001191000000000
0.002198000000000
0.000870000000000
0.001241000000000
0.000894000000000
0.002050000000000
0.001012000000000
0.001725000000000
0.000903000000000
0.000867000000000
0.001921000000000
0.000913000000000
0.000903000000000
0.001212000000000
0.001796000000000
0.001370000000000
0.000893000000000
0.000902000000000
0.000817000000000
0.000909000000000
0.000898000000000
0.000878000000000
0.000912000000000
0.002101000000000
0.001104000000000
0.000905000000000
0.000979000000000
0.001659000000000
0.002445000000000
0.000913000000000
0.000894000000000
0.000977000000000
0.000925000000000
0.001391000000000
0.000970000000000
0.002112000000000
0.000927000000000
0.000906000000000
0.001016000000000
0.001520000000000
0.000920000000000
0.000918000000000
0.000942000000000
0.000920000000000
0.000933000000000
0.000956000000000
0.000931000000000
0.001885000000000
0.000947000000000
0.000844000000000
0.001803000000000
0.000965000000000
0.001116000000000
0.001237000000000
0.002172000000000
0.000918000000000
0.000858000000000
0.000925000000000
0.001613000000000
0.000919000000000
0.001458000000000
0.001228000000000
0.000904000000000
0.001493000000000
0.001071000000000
0.000983000000000
0.001132000000000
0.000911000000000
0.000847000000000
0.002605000000000
0.000928000000000
0.002121000000000
0.001041000000000
0.000903000000000
0.001089000000000
0.002838000000000
0.001002000000000
0.001059000000000
0.001046000000000
0.000889000000000
0.000920000000000
0.000876000000000
0.001231000000000
0.001977000000000
0.000917000000000
0.001812000000000
0.001980000000000
0.000992000000000
0.000952000000000
0.000858000000000
0.001961000000000
0.000923000000000
0.001994000000000
0.002235000000000
0.000982000000000
0.001616000000000
0.001187000000000
0.000929000000000
0.000920000000000
0.001942000000000
0.002615000000000
0.000907000000000
0.001243000000000
0.002615000000000
0.000900000000000
0.000897000000000
0.000905000000000
0.002383000000000
0.000879000000000
0.001989000000000
0.001031000000000
0.000981000000000
0.002016000000000
0.001118000000000
0.000904000000000
0.000921000000000
0.001310000000000
0.000895000000000
0.001833000000000
0.000906000000000
0.002352000000000
0.002146000000000
0.002232000000000
0.001169000000000
0.002030000000000
0.002123000000000
0.000898000000000
0.000946000000000
0.000936000000000
0.000890000000000
0.000960000000000
0.000927000000000
0.001095000000000
0.001948000000000
0.002035000000000
0.000915000000000
0.001007000000000
0.001254000000000
0.000899000000000
0.000843000000000
0.002224000000000
0.000923000000000
0.000925000000000
0.001029000000000
0.000928000000000
0.001092000000000
0.000913000000000
0.000901000000000
0.001503000000000
0.001892000000000
0.001746000000000
0.001620000000000
0.002430000000000
0.000945000000000
0.000942000000000
0.001231000000000
0.002202000000000
0.001112000000000
0.036467000000000
0.001187000000000
0.001000000000000
0.001030000000000
0.000904000000000
0.002136000000000
0.001091000000000
0.001152000000000
0.002405000000000
0.000961000000000
0.001107000000000
0.000968000000000
0.001300000000000
0.002495000000000
0.001166000000000
0.000961000000000
0.000943000000000
0.000924000000000
0.000926000000000
0.000911000000000
0.002607000000000
0.000943000000000
0.000970000000000
0.001009000000000
0.000961000000000
0.000955000000000
0.001017000000000
0.001533000000000
0.000921000000000
0.000914000000000
0.000948000000000
0.000913000000000
0.001079000000000
0.000966000000000
0.004534000000000
0.000934000000000
0.001322000000000
0.000959000000000
0.000939000000000
0.002389000000000
0.000916000000000
0.000911000000000
0.000926000000000
0.000924000000000
0.001277000000000
0.001894000000000
0.000930000000000
0.001430000000000
0.001139000000000
0.001427000000000
0.000917000000000
0.001862000000000
0.000906000000000
0.001136000000000
0.001145000000000
0.000925000000000
0.001165000000000
0.000921000000000
0.000932000000000
0.000933000000000
0.001079000000000
0.000966000000000
0.000942000000000
0.001169000000000
0.000944000000000
0.001913000000000
0.002775000000000
0.001043000000000
0.001358000000000
0.000957000000000
0.002367000000000
0.002120000000000
0.001015000000000
0.000903000000000
0.002441000000000
0.000965000000000
0.000961000000000
0.000941000000000
0.000920000000000
0.001643000000000
0.001564000000000
0.003288000000000
0.001160000000000
0.000961000000000
0.001023000000000
0.001079000000000
0.001923000000000
0.000941000000000
0.000943000000000
0.001498000000000
0.000926000000000
0.002060000000000
0.002236000000000
0.000934000000000
0.001234000000000
0.001442000000000
0.000913000000000
0.001504000000000
0.000918000000000
0.000978000000000
0.001047000000000
0.000927000000000
0.002392000000000
0.000952000000000
0.000928000000000
0.001873000000000
0.001190000000000
0.001006000000000
0.001411000000000
0.001432000000000
0.000932000000000
0.001446000000000
0.000963000000000
0.002115000000000
0.001290000000000
0.039024000000000
0.002460000000000
0.000933000000000
0.002531000000000
0.001613000000000
0.000983000000000
0.001060000000000
0.002434000000000
0.001123000000000
0.002210000000000
0.001913000000000
0.001261000000000
0.000926000000000
0.000972000000000
0.000913000000000
0.000994000000000
0.001208000000000
0.000924000000000
0.001016000000000
0.001312000000000
0.001640000000000
0.001078000000000
0.001065000000000
0.001008000000000
0.002145000000000
0.001504000000000
0.002194000000000
0.000981000000000
0.002863000000000
0.000914000000000
0.000939000000000
0.001109000000000
0.000938000000000
0.000926000000000
0.001009000000000
0.000952000000000
0.001421000000000
0.000933000000000
0.000934000000000
0.000915000000000
0.001482000000000
0.002652000000000
0.002230000000000
0.001035000000000
0.001046000000000
0.000996000000000
0.002500000000000
0.001028000000000
0.001042000000000
0.002438000000000
0.000933000000000
0.001488000000000
0.001062000000000
0.002309000000000
0.002064000000000
0.000921000000000
0.000917000000000
0.000914000000000
0.002866000000000
0.000933000000000
0.001129000000000
0.001196000000000
0.001107000000000
0.001432000000000
0.000927000000000
0.002321000000000
0.000934000000000
0.001061000000000
0.000934000000000
0.002570000000000
0.001056000000000
0.001501000000000
0.000959000000000
0.000917000000000
0.001548000000000
0.001186000000000
0.001625000000000
0.000932000000000
0.002208000000000
0.001127000000000
0.001016000000000
0.001014000000000
0.000921000000000
0.001008000000000
0.000957000000000
0.001175000000000
0.000959000000000
0.001983000000000
0.001621000000000
0.001002000000000
0.001115000000000
0.001119000000000
0.000890000000000
0.001113000000000
0.000989000000000
0.000957000000000
0.036678000000000
0.000978000000000
0.002329000000000
0.000900000000000
0.001907000000000
0.000992000000000
0.001104000000000
0.001323000000000
0.000932000000000
0.001465000000000
0.004006000000000
0.002051000000000
0.002504000000000
0.002290000000000
0.001121000000000
0.001274000000000
0.001899000000000
0.000959000000000
0.000998000000000
0.000950000000000
0.000930000000000
0.001703000000000
0.032540000000000
0.000906000000000
0.001062000000000
0.001453000000000
0.001067000000000
0.000929000000000
0.000924000000000
0.001448000000000
0.000942000000000
0.002213000000000
0.002353000000000
0.002178000000000
0.000895000000000
0.000925000000000
0.001195000000000
0.001394000000000
0.001150000000000
0.000936000000000
0.001499000000000
0.000923000000000
0.000990000000000
0.000941000000000
0.000921000000000
0.001203000000000
0.000938000000000
0.000920000000000
0.002246000000000
0.000916000000000
0.001100000000000
0.001426000000000
0.000989000000000
0.000932000000000
0.000919000000000
0.000943000000000
0.001743000000000
0.001108000000000
0.002448000000000
0.001035000000000
0.001195000000000
0.003280000000000
0.001097000000000
0.000945000000000
0.002349000000000
0.001193000000000
0.001545000000000
0.000977000000000
0.000931000000000
0.000913000000000
0.000979000000000
0.000931000000000
0.001151000000000
0.001055000000000
0.001029000000000
0.001932000000000
0.001076000000000
0.000938000000000
0.029426000000000
0.000927000000000
0.000928000000000
0.000927000000000
0.001179000000000
0.001101000000000
0.001003000000000
0.000945000000000
0.001596000000000
0.000938000000000
0.001003000000000
0.001880000000000
0.000983000000000
0.002069000000000
0.001555000000000
0.001324000000000
0.020900000000000
0.001130000000000
0.000940000000000
0.000999000000000
0.000923000000000
0.000931000000000
0.001334000000000
0.001277000000000
0.000953000000000
0.001042000000000
0.001171000000000
0.002317000000000
0.000952000000000
0.001208000000000
0.000927000000000
0.002173000000000
0.000983000000000
0.000922000000000
0.000958000000000
0.000948000000000
0.000944000000000
0.000929000000000
0.001023000000000
0.000918000000000
0.001186000000000
0.001091000000000
0.001013000000000
0.001033000000000
0.001080000000000
0.002786000000000
0.001848000000000
0.001023000000000
0.001160000000000
0.001135000000000
0.002927000000000
0.000911000000000
0.000961000000000
0.001993000000000
0.001172000000000
0.000949000000000
0.001034000000000
0.000992000000000
0.001392000000000
0.000945000000000
0.001374000000000
0.001221000000000
0.000930000000000
0.001136000000000
0.001084000000000
0.000945000000000
0.001707000000000
0.000965000000000
0.000976000000000
0.000934000000000
0.002184000000000
0.001071000000000
0.001826000000000
0.001086000000000
0.000922000000000
0.000934000000000
0.002559000000000
0.002312000000000
0.001210000000000
0.000997000000000
0.001194000000000
0.002263000000000
0.001022000000000
0.000926000000000
0.001320000000000
0.001091000000000
0.003094000000000
0.002173000000000
0.001046000000000
0.000934000000000
0.002177000000000
0.002338000000000
0.000937000000000
0.002560000000000
0.000989000000000
0.001165000000000
0.002197000000000
0.001239000000000
0.002228000000000
0.001158000000000
0.001072000000000
0.001061000000000
0.000972000000000
0.000950000000000
0.002531000000000
0.000931000000000
0.000944000000000
0.000919000000000
0.001149000000000
0.001448000000000
0.001115000000000
0.001067000000000
0.000946000000000
0.002226000000000
0.000924000000000
0.000983000000000
0.000936000000000
0.000943000000000
0.001621000000000
0.001707000000000
0.001204000000000
0.000927000000000
0.001077000000000
0.001057000000000
0.000931000000000
0.000921000000000
0.001100000000000
0.002372000000000
0.000936000000000
0.000932000000000
0.002372000000000
0.002143000000000
0.002533000000000
0.000993000000000
0.001089000000000
0.029044000000000
0.001096000000000
0.000940000000000
0.001028000000000
0.001414000000000
0.000988000000000
0.001789000000000
0.001210000000000
0.000992000000000
0.002226000000000
0.001127000000000
0.001066000000000
0.001448000000000
0.001271000000000
0.000978000000000
0.000926000000000
0.001009000000000
0.001183000000000
0.002170000000000
0.000957000000000
0.001217000000000
0.001121000000000
0.000982000000000
0.001052000000000
0.002212000000000
0.001059000000000
0.001738000000000
0.000984000000000
0.000915000000000
0.001153000000000
0.000934000000000
0.000972000000000
0.002773000000000
0.000929000000000
0.002499000000000
0.001143000000000
0.001108000000000
0.012930000000000
0.001103000000000
0.003194000000000
0.001760000000000
0.001966000000000
0.002272000000000
0.000961000000000
0.002102000000000
0.001037000000000
0.001069000000000
0.002575000000000
0.001027000000000
0.001041000000000
0.000942000000000
0.001019000000000
0.001088000000000
0.001026000000000
0.000941000000000
0.001179000000000
0.001216000000000
0.001896000000000
0.001148000000000
0.002122000000000
0.001000000000000
0.000925000000000
0.000993000000000
0.001080000000000
0.001367000000000
0.000978000000000
0.001106000000000
0.001685000000000
0.001371000000000
0.001170000000000
