0.000953000000000
0.000992000000000
0.000832000000000
0.000997000000000
0.001009000000000
0.000867000000000
0.000969000000000
0.002078000000000
0.000910000000000
0.000997000000000
0.000978000000000
0.001154000000000
0.002247000000000
0.001037000000000
0.000809000000000
0.000966000000000
0.000971000000000
0.000883000000000
0.000918000000000
0.000897000000000
0.000858000000000
0.000781000000000
0.000871000000000
0.000912000000000
0.000860000000000
0.000999000000000
0.000913000000000
0.001023000000000
0.001095000000000
0.001000000000000
0.000867000000000
0.001383000000000
0.000860000000000
0.000844000000000
0.000939000000000
0.000856000000000
0.000982000000000
0.001091000000000
0.000821000000000
0.000954000000000
0.000891000000000
0.000871000000000
0.000992000000000
0.001043000000000
0.000977000000000
0.000798000000000
0.000794000000000
0.001011000000000
0.001178000000000
0.000923000000000
0.000956000000000
0.000910000000000
0.000995000000000
0.001993000000000
0.000931000000000
0.000859000000000
0.001089000000000
0.001039000000000
0.000838000000000
0.000920000000000
0.001096000000000
0.000968000000000
0.000798000000000
0.000823000000000
0.000837000000000
0.000953000000000
0.000928000000000
0.000922000000000
0.001198000000000
0.000848000000000
0.000845000000000
0.000819000000000
0.000904000000000
0.000970000000000
0.000813000000000
0.001069000000000
0.001101000000000
0.000800000000000
0.000877000000000
0.000897000000000
0.000855000000000
0.000813000000000
0.001132000000000
0.000976000000000
0.000854000000000
0.000843000000000
0.000878000000000
0.000944000000000
0.000893000000000
0.000908000000000
0.001051000000000
0.000974000000000
0.000812000000000
0.000997000000000
0.000914000000000
0.001002000000000
0.000952000000000
0.000864000000000
0.000905000000000
0.000818000000000
0.001057000000000
0.000961000000000
0.001062000000000
0.000893000000000
0.000998000000000
0.000961000000000
0.001070000000000
0.000895000000000
0.000872000000000
0.000861000000000
0.000923000000000
0.000973000000000
0.000883000000000
0.000966000000000
0.001122000000000
0.000968000000000
0.001039000000000
0.000825000000000
0.000932000000000
0.000851000000000
0.001010000000000
0.001051000000000
0.000814000000000
0.000875000000000
0.000986000000000
0.000848000000000
0.000873000000000
0.001053000000000
0.000871000000000
0.000881000000000
0.000923000000000
0.001252000000000
0.000999000000000
0.000838000000000
0.000986000000000
0.000939000000000
0.000801000000000
0.000837000000000
0.000869000000000
0.000951000000000
0.000949000000000
0.001063000000000
0.001727000000000
0.000953000000000
0.000844000000000
0.000768000000000
0.001138000000000
0.000871000000000
0.000810000000000
0.001409000000000
0.001298000000000
0.001122000000000
0.001765000000000
0.000886000000000
0.000954000000000
0.001001000000000
0.000790000000000
0.001101000000000
0.001618000000000
0.002212000000000
0.000998000000000
0.000954000000000
0.001208000000000
0.001044000000000
0.001073000000000
0.000977000000000
0.000944000000000
0.001581000000000
0.001247000000000
0.001009000000000
0.000962000000000
0.000957000000000
0.001112000000000
0.000912000000000
0.000882000000000
0.000868000000000
0.001072000000000
0.001017000000000
0.000807000000000
0.001006000000000
0.000891000000000
0.000868000000000
0.000903000000000
0.001072000000000
0.000884000000000
0.002189000000000
0.001082000000000
0.000878000000000
0.001912000000000
0.000972000000000
0.001135000000000
0.000967000000000
0.001038000000000
0.000802000000000
0.001092000000000
0.002197000000000
0.000764000000000
0.000926000000000
0.000878000000000
0.001067000000000
0.001044000000000
0.000816000000000
0.001038000000000
0.000796000000000
0.000919000000000
0.001012000000000
0.001421000000000
0.000909000000000
0.001002000000000
0.000861000000000
0.000809000000000
0.000894000000000
0.001010000000000
0.001018000000000
0.000812000000000
0.000900000000000
0.000844000000000
0.000867000000000
0.000886000000000
0.001003000000000
0.000914000000000
0.000860000000000
0.000917000000000
0.000874000000000
0.001016000000000
0.040008000000000
0.000873000000000
0.000812000000000
0.000981000000000
0.001773000000000
0.000826000000000
0.000874000000000
0.000867000000000
0.001039000000000
0.000981000000000
0.001038000000000
0.000788000000000
0.000989000000000
0.000849000000000
0.001009000000000
0.001021000000000
0.000952000000000
0.000877000000000
0.000952000000000
0.000825000000000
0.000872000000000
0.000866000000000
0.000812000000000
0.000957000000000
0.000842000000000
0.001225000000000
0.000801000000000
0.000772000000000
0.000916000000000
0.000973000000000
0.000859000000000
0.000935000000000
0.000918000000000
0.000813000000000
0.000870000000000
0.001900000000000
0.000954000000000
0.001979000000000
0.000892000000000
0.001067000000000
0.002087000000000
0.000815000000000
0.000800000000000
0.000987000000000
0.000920000000000
0.001073000000000
0.000983000000000
0.000910000000000
0.001034000000000
0.001010000000000
0.000807000000000
0.000809000000000
0.001771000000000
0.001955000000000
0.000781000000000
0.000804000000000
0.000928000000000
0.001057000000000
0.002254000000000
0.000907000000000
0.000914000000000
0.000998000000000
0.001173000000000
0.000764000000000
0.001227000000000
0.001047000000000
0.000946000000000
0.001837000000000
0.000936000000000
0.001005000000000
0.000881000000000
0.001007000000000
0.000922000000000
0.001415000000000
0.000863000000000
0.000849000000000
0.000796000000000
0.000837000000000
0.000917000000000
0.001809000000000
0.001922000000000
0.001043000000000
0.002025000000000
0.000813000000000
0.001034000000000
0.001011000000000
0.000937000000000
0.002240000000000
0.000829000000000
0.001123000000000
0.000810000000000
0.000910000000000
0.000812000000000
0.000876000000000
0.000887000000000
0.000897000000000
0.000889000000000
0.000860000000000
0.001025000000000
0.001047000000000
0.001243000000000
0.000922000000000
0.000845000000000
0.001972000000000
0.001078000000000
0.000974000000000
0.001945000000000
0.000896000000000
0.000887000000000
0.001013000000000
0.001008000000000
0.000989000000000
0.001081000000000
0.000906000000000
0.000867000000000
0.000828000000000
0.000992000000000
0.001008000000000
0.000950000000000
0.000967000000000
0.000947000000000
0.001005000000000
0.000920000000000
0.000840000000000
0.000838000000000
0.001276000000000
0.000875000000000
0.001100000000000
0.001164000000000
0.000872000000000
0.001572000000000
0.000822000000000
0.000814000000000
0.000824000000000
0.001002000000000
0.000860000000000
0.001079000000000
0.001900000000000
0.000995000000000
0.000855000000000
0.001206000000000
0.000915000000000
0.000899000000000
0.001385000000000
0.000815000000000
0.001174000000000
0.000878000000000
0.000876000000000
0.001022000000000
0.002483000000000
0.001478000000000
0.001143000000000
0.001319000000000
0.002387000000000
0.001916000000000
0.001033000000000
0.000927000000000
0.000957000000000
0.000828000000000
0.000823000000000
0.001216000000000
0.000885000000000
0.000880000000000
0.001011000000000
0.000852000000000
0.000865000000000
0.000870000000000
0.000885000000000
0.000894000000000
0.000850000000000
0.001061000000000
0.001025000000000
0.000869000000000
0.000869000000000
0.001139000000000
0.000969000000000
0.000827000000000
0.001069000000000
0.001069000000000
0.000887000000000
0.001143000000000
0.002248000000000
0.002475000000000
0.002048000000000
0.000854000000000
0.001088000000000
0.000914000000000
0.001491000000000
0.001052000000000
0.000855000000000
0.001154000000000
0.000872000000000
0.000958000000000
0.001146000000000
0.000876000000000
0.000925000000000
0.000874000000000
0.001904000000000
0.000859000000000
0.001596000000000
0.000831000000000
0.002150000000000
0.000952000000000
0.000912000000000
0.000919000000000
0.000863000000000
0.002008000000000
0.000880000000000
0.001289000000000
0.000911000000000
0.001313000000000
0.001680000000000
0.000856000000000
0.002370000000000
0.000866000000000
0.001093000000000
0.000811000000000
0.000843000000000
0.000837000000000
0.001313000000000
0.000888000000000
0.001323000000000
0.002062000000000
0.002274000000000
0.001240000000000
0.002206000000000
0.001125000000000
0.000882000000000
0.000887000000000
0.001177000000000
0.000870000000000
0.000853000000000
0.000900000000000
0.001139000000000
0.000859000000000
0.000930000000000
0.000855000000000
0.000886000000000
0.001136000000000
0.000866000000000
0.001050000000000
0.000875000000000
0.000880000000000
0.000932000000000
0.001058000000000
0.001425000000000
0.000937000000000
0.000804000000000
0.000863000000000
0.000960000000000
0.001029000000000
0.000855000000000
0.001088000000000
0.001812000000000
0.001093000000000
0.001585000000000
0.001115000000000
0.000897000000000
0.000913000000000
0.000826000000000
0.000884000000000
0.000855000000000
0.001921000000000
0.000814000000000
0.000821000000000
0.002032000000000
0.000899000000000
0.002440000000000
0.001058000000000
0.001049000000000
0.000941000000000
0.000869000000000
0.001104000000000
0.000912000000000
0.000884000000000
0.000938000000000
0.001021000000000
0.001169000000000
0.001136000000000
0.001340000000000
0.000861000000000
0.000869000000000
0.000811000000000
0.000878000000000
0.000875000000000
0.000857000000000
0.000779000000000
0.000943000000000
0.001273000000000
0.000864000000000
0.000866000000000
0.000863000000000
0.000870000000000
0.000807000000000
0.000873000000000
0.000868000000000
0.000852000000000
0.001429000000000
0.002008000000000
0.000857000000000
0.001048000000000
0.000815000000000
0.000974000000000
0.000878000000000
0.000831000000000
0.000881000000000
0.000874000000000
0.000966000000000
0.000980000000000
0.000797000000000
0.000986000000000
0.001583000000000
0.000923000000000
0.000889000000000
0.001260000000000
0.001298000000000
0.001505000000000
0.001620000000000
0.000905000000000
0.000869000000000
0.000857000000000
0.000877000000000
0.001427000000000
0.000952000000000
0.001147000000000
0.000878000000000
0.000824000000000
0.001018000000000
0.001499000000000
0.001005000000000
0.000901000000000
0.000819000000000
0.000968000000000
0.000915000000000
0.001434000000000
0.002271000000000
0.000861000000000
0.001231000000000
0.000807000000000
0.001434000000000
0.000857000000000
0.000820000000000
0.002228000000000
0.000978000000000
0.001275000000000
0.000888000000000
0.000878000000000
0.001318000000000
0.000848000000000
0.000814000000000
0.001268000000000
0.000820000000000
0.000878000000000
0.000940000000000
0.000893000000000
0.000843000000000
0.000797000000000
0.002029000000000
0.000882000000000
0.001426000000000
0.000808000000000
0.000915000000000
0.000866000000000
0.001256000000000
0.000969000000000
0.001376000000000
0.001227000000000
0.000991000000000
0.001006000000000
0.001302000000000
0.001710000000000
0.001340000000000
0.001100000000000
0.000868000000000
0.000814000000000
0.000867000000000
0.000895000000000
0.001318000000000
0.000999000000000
0.001024000000000
0.002040000000000
0.000884000000000
0.000875000000000
0.000865000000000
0.001812000000000
0.002201000000000
0.000878000000000
0.000874000000000
0.000958000000000
0.000945000000000
0.000901000000000
0.000854000000000
0.000876000000000
0.000868000000000
0.000815000000000
0.001186000000000
0.000850000000000
0.000875000000000
0.001043000000000
0.001503000000000
0.000896000000000
0.000817000000000
0.000883000000000
0.001304000000000
0.000884000000000
0.000877000000000
0.000889000000000
0.000862000000000
0.000945000000000
0.001951000000000
0.000817000000000
0.000853000000000
0.001038000000000
0.001350000000000
0.000807000000000
0.000863000000000
0.001114000000000
0.000843000000000
0.001014000000000
0.000954000000000
0.000999000000000
0.000992000000000
0.001000000000000
0.000925000000000
0.000926000000000
0.001155000000000
0.000878000000000
0.000866000000000
0.000879000000000
0.001947000000000
0.001153000000000
0.001390000000000
0.000832000000000
0.000799000000000
0.001144000000000
0.000860000000000
0.000800000000000
0.000821000000000
0.000881000000000
0.000862000000000
0.001155000000000
0.000815000000000
0.000874000000000
0.001128000000000
0.000898000000000
0.002266000000000
0.000849000000000
0.000853000000000
0.000882000000000
0.000867000000000
0.001019000000000
0.000953000000000
0.001452000000000
0.000851000000000
0.001106000000000
0.001146000000000
0.000881000000000
0.000810000000000
0.001009000000000
0.000834000000000
0.001082000000000
0.000887000000000
0.000907000000000
0.000771000000000
0.001074000000000
0.000860000000000
0.000903000000000
0.000810000000000
0.000890000000000
0.001017000000000
0.000855000000000
0.002019000000000
0.000806000000000
0.000829000000000
0.000879000000000
0.000887000000000
0.000890000000000
0.000870000000000
0.000889000000000
0.000866000000000
0.000871000000000
0.002535000000000
0.001076000000000
0.002387000000000
0.000869000000000
0.001426000000000
0.002345000000000
0.000912000000000
0.002804000000000
0.000871000000000
0.002026000000000
0.000805000000000
0.001074000000000
0.000859000000000
0.000845000000000
0.000842000000000
0.001195000000000
0.000932000000000
0.001744000000000
0.000923000000000
0.000862000000000
0.001145000000000
0.001223000000000
0.000948000000000
0.000889000000000
0.001236000000000
0.000849000000000
0.000939000000000
0.000849000000000
0.001410000000000
0.000870000000000
0.001015000000000
0.000852000000000
0.000815000000000
0.001353000000000
0.000862000000000
0.000874000000000
0.000867000000000
0.000795000000000
0.000857000000000
0.000794000000000
0.000850000000000
0.001729000000000
0.000863000000000
0.000864000000000
0.000840000000000
0.000873000000000
0.000795000000000
0.002274000000000
0.000990000000000
0.001417000000000
0.000852000000000
0.000894000000000
0.000915000000000
0.000795000000000
0.001277000000000
0.000869000000000
0.000877000000000
0.002348000000000
0.000867000000000
0.001041000000000
0.001278000000000
0.002461000000000
0.000840000000000
0.000848000000000
0.000992000000000
0.000999000000000
0.000842000000000
0.000866000000000
0.000854000000000
0.000988000000000
0.002233000000000
0.000867000000000
0.000851000000000
0.000859000000000
0.000930000000000
0.000808000000000
0.000998000000000
0.000901000000000
0.001356000000000
0.000963000000000
0.000879000000000
0.000885000000000
0.000901000000000
0.000810000000000
0.000815000000000
0.000921000000000
0.001364000000000
0.001103000000000
0.002857000000000
0.000865000000000
0.002266000000000
0.000802000000000
0.000916000000000
0.001218000000000
0.000977000000000
0.001516000000000
0.001317000000000
0.000857000000000
0.001057000000000
0.000853000000000
0.001069000000000
0.000969000000000
0.000877000000000
0.000907000000000
0.001566000000000
0.000936000000000
0.001082000000000
0.000859000000000
0.000870000000000
0.000977000000000
0.000878000000000
0.000868000000000
0.001046000000000
0.000851000000000
0.001025000000000
0.000856000000000
0.002742000000000
0.000853000000000
0.001245000000000
0.000848000000000
0.001178000000000
0.000867000000000
0.000795000000000
0.001346000000000
0.001925000000000
0.000779000000000
0.001208000000000
0.000871000000000
0.000913000000000
0.000918000000000
0.000962000000000
0.000936000000000
0.001117000000000
0.001907000000000
0.000944000000000
0.001059000000000
0.000859000000000
0.000940000000000
0.000773000000000
0.000892000000000
0.001978000000000
0.000932000000000
0.001243000000000
0.001326000000000
0.001007000000000
0.001183000000000
0.000861000000000
0.001023000000000
0.002169000000000
0.000892000000000
0.000864000000000
0.000874000000000
0.000947000000000
0.000888000000000
0.001363000000000
0.001019000000000
0.000846000000000
0.001528000000000
0.000771000000000
0.001115000000000
0.000760000000000
0.000973000000000
0.002163000000000
0.002455000000000
0.000863000000000
0.000849000000000
0.000864000000000
0.002232000000000
0.000806000000000
0.000865000000000
0.002177000000000
0.002497000000000
0.001013000000000
0.000845000000000
0.000855000000000
0.000848000000000
0.001264000000000
0.000904000000000
0.001111000000000
0.000846000000000
0.000861000000000
0.000815000000000
0.001038000000000
0.001667000000000
0.001294000000000
0.002222000000000
0.000858000000000
0.000850000000000
0.000881000000000
0.000976000000000
0.001051000000000
0.000880000000000
0.000863000000000
0.000874000000000
0.000854000000000
0.000935000000000
0.000875000000000
0.002291000000000
0.000857000000000
0.000851000000000
0.000874000000000
0.002136000000000
0.001859000000000
0.000836000000000
0.000856000000000
0.000772000000000
0.000859000000000
0.000887000000000
0.000861000000000
0.000802000000000
0.001269000000000
0.001197000000000
0.000847000000000
0.000858000000000
0.000870000000000
0.000899000000000
0.000929000000000
0.000811000000000
0.000850000000000
0.000877000000000
0.000848000000000
0.000883000000000
0.001068000000000
0.000855000000000
0.000873000000000
0.002736000000000
0.001197000000000
0.001081000000000
0.000850000000000
0.000766000000000
0.001075000000000
0.000972000000000
0.000847000000000
0.000845000000000
0.002248000000000
0.000856000000000
0.000808000000000
0.000812000000000
0.001720000000000
0.001909000000000
0.002252000000000
0.002685000000000
0.000840000000000
0.000809000000000
0.000916000000000
0.001964000000000
0.001239000000000
0.001092000000000
0.000851000000000
0.000862000000000
0.001074000000000
0.000859000000000
0.001842000000000
0.000872000000000
0.002018000000000
0.000863000000000
0.001026000000000
0.001081000000000
0.000766000000000
0.000868000000000
0.001193000000000
0.000904000000000
0.001197000000000
0.001674000000000
0.000855000000000
0.001016000000000
0.000804000000000
0.000825000000000
0.000859000000000
0.000933000000000
0.000849000000000
0.002343000000000
0.000885000000000
0.000867000000000
0.000870000000000
0.000858000000000
0.000966000000000
0.000799000000000
0.000994000000000
0.001154000000000
0.000916000000000
0.001383000000000
0.001057000000000
0.000875000000000
0.001086000000000
0.000906000000000
0.000848000000000
0.000858000000000
0.000866000000000
0.000861000000000
0.001610000000000
0.000913000000000
0.000885000000000
0.000860000000000
0.000901000000000
0.001973000000000
0.000946000000000
0.000984000000000
0.000858000000000
0.000931000000000
0.001010000000000
0.000887000000000
0.000921000000000
0.000817000000000
0.000884000000000
0.001815000000000
0.001935000000000
0.002317000000000
0.000951000000000
0.000998000000000
0.000867000000000
0.001308000000000
0.000937000000000
0.001935000000000
0.001011000000000
0.002438000000000
0.000919000000000
0.000826000000000
0.001618000000000
0.001324000000000
0.000880000000000
0.000943000000000
0.000961000000000
0.001399000000000
0.000881000000000
0.000928000000000
0.000880000000000
0.001074000000000
0.002356000000000
0.000875000000000
0.000843000000000
0.001170000000000
0.000769000000000
0.000826000000000
0.000860000000000
0.001064000000000
0.001927000000000
0.000920000000000
0.000774000000000
0.000816000000000
0.000869000000000
0.001128000000000
0.001097000000000
0.001271000000000
0.000900000000000
0.000862000000000
0.000840000000000
0.000869000000000
0.000824000000000
0.001246000000000
0.001435000000000
0.001246000000000
0.000851000000000
0.001329000000000
0.000859000000000
0.001023000000000
0.000899000000000
0.001096000000000
0.000865000000000
0.000891000000000
0.001947000000000
0.001133000000000
0.000867000000000
0.000814000000000
0.000858000000000
0.000833000000000
0.002002000000000
0.000959000000000
0.001304000000000
0.001034000000000
0.000996000000000
0.001983000000000
0.000832000000000
0.000878000000000
0.000895000000000
0.000898000000000
0.001649000000000
0.000841000000000
0.001731000000000
0.001238000000000
0.000997000000000
0.000931000000000
0.000863000000000
0.001536000000000
0.000805000000000
0.000802000000000
0.001059000000000
0.000810000000000
0.001024000000000
0.000906000000000
0.000850000000000
0.000813000000000
0.000865000000000
0.002292000000000
0.000848000000000
0.000874000000000
0.000886000000000
0.001051000000000
0.001347000000000
0.000860000000000
0.001832000000000
0.000867000000000
0.001521000000000
0.000870000000000
0.000822000000000
0.000870000000000
0.000872000000000
0.000852000000000
0.000814000000000
0.000973000000000
0.000968000000000
0.000862000000000
0.001114000000000
0.001029000000000
0.000797000000000
0.000986000000000
0.001252000000000
0.000855000000000
0.002110000000000
0.000766000000000
0.000778000000000
0.000811000000000
0.000883000000000
0.001039000000000
0.000956000000000
0.001056000000000
0.000932000000000
0.000874000000000
0.001264000000000
0.000907000000000
0.000821000000000
0.001351000000000
0.000903000000000
0.001809000000000
0.000874000000000
0.001895000000000
0.000928000000000
0.000864000000000
0.001800000000000
0.000908000000000
0.001913000000000
0.000868000000000
0.000867000000000
0.001001000000000
0.001255000000000
0.000871000000000
0.000914000000000
0.000861000000000
0.000841000000000
0.000874000000000
0.000768000000000
0.000855000000000
0.000867000000000
0.000864000000000
0.000802000000000
0.000945000000000
0.001060000000000
0.000887000000000
0.001094000000000
0.001570000000000
0.000834000000000
0.000805000000000
0.001040000000000
0.000871000000000
0.000872000000000
0.000874000000000
0.001176000000000
0.000875000000000
0.000894000000000
0.000872000000000
0.000878000000000
0.002151000000000
0.002940000000000
0.000879000000000
0.000808000000000
0.002370000000000
0.000831000000000
0.000949000000000
0.000870000000000
0.000892000000000
0.000848000000000
0.001009000000000
0.000871000000000
0.000848000000000
0.001184000000000
0.000836000000000
0.000922000000000
0.000883000000000
0.000883000000000
0.000913000000000
0.000876000000000
0.000878000000000
0.001817000000000
0.000886000000000
0.000854000000000
0.001360000000000
0.001570000000000
0.001947000000000
0.000814000000000
0.000965000000000
0.001505000000000
0.000916000000000
0.001187000000000
0.000804000000000
0.000814000000000
0.000871000000000
0.000875000000000
0.001780000000000
0.000869000000000
0.000911000000000
0.000861000000000
0.001138000000000
0.001999000000000
0.000876000000000
0.000852000000000
0.001155000000000
0.000796000000000
0.001260000000000
0.000882000000000
0.000852000000000
0.000959000000000
0.000829000000000
0.001360000000000
0.000853000000000
0.001463000000000
0.000886000000000
0.000834000000000
0.000773000000000
0.000868000000000
0.001922000000000
0.000871000000000
0.001413000000000
0.001116000000000
0.000863000000000
0.000977000000000
0.001033000000000
0.000877000000000
0.001149000000000
0.001226000000000
0.000862000000000
0.000819000000000
0.000853000000000
0.000860000000000
0.001034000000000
0.000867000000000
0.002228000000000
0.001085000000000
0.001718000000000
0.000965000000000
0.001590000000000
0.000868000000000
0.001219000000000
0.000930000000000
0.001675000000000
0.000905000000000
0.000858000000000
0.001158000000000
0.001437000000000
0.000785000000000
0.000865000000000
0.000807000000000
0.001075000000000
0.001901000000000
0.000879000000000
0.000896000000000
0.000851000000000
0.000827000000000
0.001553000000000
0.001011000000000
0.001438000000000
0.001074000000000
0.000875000000000
0.000994000000000
0.000917000000000
0.001345000000000
0.001405000000000
0.000874000000000
0.000892000000000
0.000925000000000
0.000880000000000
0.001451000000000
0.001192000000000
0.000774000000000
0.000874000000000
0.001102000000000
0.000879000000000
0.000854000000000
0.000819000000000
0.000884000000000
0.000904000000000
0.000889000000000
0.002474000000000
0.000856000000000
0.000806000000000
0.000773000000000
0.001025000000000
0.000900000000000
0.001330000000000
0.000846000000000
0.000893000000000
0.000851000000000
0.000970000000000
0.002163000000000
0.001201000000000
0.000871000000000
0.000813000000000
0.000772000000000
0.001012000000000
0.001151000000000
0.000896000000000
0.000810000000000
0.000960000000000
0.001040000000000
0.000889000000000
0.000864000000000
0.001945000000000
0.001954000000000
0.001853000000000
0.001214000000000
0.000865000000000
0.001058000000000
0.000859000000000
0.001098000000000
0.001605000000000
0.000885000000000
0.000920000000000
0.000806000000000
0.000873000000000
0.000875000000000
0.001274000000000
0.000872000000000
0.000935000000000
0.000818000000000
0.000857000000000
0.000861000000000
0.000813000000000
0.001506000000000
0.001437000000000
0.000886000000000
0.000875000000000
0.001291000000000
0.000998000000000
0.000875000000000
0.001010000000000
0.001898000000000
0.000866000000000
0.001204000000000
0.000989000000000
0.001002000000000
0.001088000000000
0.000991000000000
0.000885000000000
0.001040000000000
0.002169000000000
0.000863000000000
0.001126000000000
0.000828000000000
0.000999000000000
0.000869000000000
0.000879000000000
0.000854000000000
0.001439000000000
0.001191000000000
0.000856000000000
0.000865000000000
0.001436000000000
0.000852000000000
0.000878000000000
0.001564000000000
0.001763000000000
0.001075000000000
0.000931000000000
0.000958000000000
0.001306000000000
0.000805000000000
0.001071000000000
0.000859000000000
0.002067000000000
0.000800000000000
0.000898000000000
0.000885000000000
0.000855000000000
0.000881000000000
0.000882000000000
0.000930000000000
0.000875000000000
0.000816000000000
0.000858000000000
0.000776000000000
0.002574000000000
0.000852000000000
0.000870000000000
0.000899000000000
0.000895000000000
0.002278000000000
0.001057000000000
0.001020000000000
0.000875000000000
0.000873000000000
0.001147000000000
0.002270000000000
0.000874000000000
0.000894000000000
0.000895000000000
0.000875000000000
0.002314000000000
0.001351000000000
0.001128000000000
0.000874000000000
0.000893000000000
0.000876000000000
0.000993000000000
0.001040000000000
0.001664000000000
0.000889000000000
0.001358000000000
0.002273000000000
0.000940000000000
0.000880000000000
0.001021000000000
0.000854000000000
0.000872000000000
0.002095000000000
0.000869000000000
0.001032000000000
0.001963000000000
0.002036000000000
0.001053000000000
0.000996000000000
0.000828000000000
0.000931000000000
0.001019000000000
0.001912000000000
0.000884000000000
0.001239000000000
0.000846000000000
0.002216000000000
0.000903000000000
0.000941000000000
0.001179000000000
0.001690000000000
0.001674000000000
0.001048000000000
0.000870000000000
0.000848000000000
0.000853000000000
0.000877000000000
0.001131000000000
0.000812000000000
0.002466000000000
0.002275000000000
0.000862000000000
0.001270000000000
0.002614000000000
0.000903000000000
0.000946000000000
0.001603000000000
0.000806000000000
0.000874000000000
0.000999000000000
0.001775000000000
0.000863000000000
0.001733000000000
0.000893000000000
0.000875000000000
0.001467000000000
0.000928000000000
0.000873000000000
0.000913000000000
0.000885000000000
0.000862000000000
0.000946000000000
0.000947000000000
0.000864000000000
0.000935000000000
0.000870000000000
0.000805000000000
0.000891000000000
0.001090000000000
0.001920000000000
0.000955000000000
0.000778000000000
0.001586000000000
0.001206000000000
0.000877000000000
0.000781000000000
0.002073000000000
0.000875000000000
0.001014000000000
0.000859000000000
0.001795000000000
0.000875000000000
0.000820000000000
0.000873000000000
0.001532000000000
0.000914000000000
0.000961000000000
0.000945000000000
0.000925000000000
0.002240000000000
0.001110000000000
0.000857000000000
0.000782000000000
0.000874000000000
0.000900000000000
0.001110000000000
0.000998000000000
0.000872000000000
0.000974000000000
0.000781000000000
0.000892000000000
0.001494000000000
0.000863000000000
0.000864000000000
0.001017000000000
0.000869000000000
0.000891000000000
0.000853000000000
0.001441000000000
0.000863000000000
0.001144000000000
0.002054000000000
0.000817000000000
0.001422000000000
0.000859000000000
0.001044000000000
0.001250000000000
0.000852000000000
0.000878000000000
0.001242000000000
0.000852000000000
0.000884000000000
0.001116000000000
0.001463000000000
0.001358000000000
0.000881000000000
0.002042000000000
0.000827000000000
0.001425000000000
0.001281000000000
0.001082000000000
0.001028000000000
0.001009000000000
0.000885000000000
0.000853000000000
0.000919000000000
0.001237000000000
0.000872000000000
0.000859000000000
0.000863000000000
0.001783000000000
0.001047000000000
0.000925000000000
0.000861000000000
0.000809000000000
0.002099000000000
0.000862000000000
0.000878000000000
0.000925000000000
0.000950000000000
0.001898000000000
0.000868000000000
0.001049000000000
0.000869000000000
0.001409000000000
0.000904000000000
0.000903000000000
0.000798000000000
0.001130000000000
0.000871000000000
0.000888000000000
0.001043000000000
0.000820000000000
0.002342000000000
0.002122000000000
0.002434000000000
0.001125000000000
0.000857000000000
0.001289000000000
0.001091000000000
0.000834000000000
0.000852000000000
0.000880000000000
0.001190000000000
0.001330000000000
0.000849000000000
0.000883000000000
0.000802000000000
0.000863000000000
0.001062000000000
0.001024000000000
0.000920000000000
0.001218000000000
0.001002000000000
0.001127000000000
0.000864000000000
0.002292000000000
0.000871000000000
0.001104000000000
0.000892000000000
0.001503000000000
0.000845000000000
0.000865000000000
0.001177000000000
0.000881000000000
0.000845000000000
0.001248000000000
0.001519000000000
0.001005000000000
0.000962000000000
0.000937000000000
0.001030000000000
0.000882000000000
0.001597000000000
0.000775000000000
0.001917000000000
0.000848000000000
0.001047000000000
0.000800000000000
0.000789000000000
0.000878000000000
0.001737000000000
0.001021000000000
0.001094000000000
0.000855000000000
0.001365000000000
0.000949000000000
0.001645000000000
0.000901000000000
0.001030000000000
0.000855000000000
0.000894000000000
0.000869000000000
0.000883000000000
0.001557000000000
0.000872000000000
0.001011000000000
0.000884000000000
0.000932000000000
0.000885000000000
0.002393000000000
0.002078000000000
0.001008000000000
0.001517000000000
0.002200000000000
0.000865000000000
0.000871000000000
0.000901000000000
0.001259000000000
0.001256000000000
0.000786000000000
0.000895000000000
0.000775000000000
0.001261000000000
0.001053000000000
0.000852000000000
0.001175000000000
0.002325000000000
0.000934000000000
0.000889000000000
0.001015000000000
0.000882000000000
0.000896000000000
0.001802000000000
0.001157000000000
0.000880000000000
0.000860000000000
0.000880000000000
0.000836000000000
0.000820000000000
0.001916000000000
0.002435000000000
0.000925000000000
0.000941000000000
0.000929000000000
0.000792000000000
0.000859000000000
0.001051000000000
0.000855000000000
0.001334000000000
0.001128000000000
0.000952000000000
0.000826000000000
0.000896000000000
0.000961000000000
0.000834000000000
0.000914000000000
0.000945000000000
0.000884000000000
0.000961000000000
0.000866000000000
0.002334000000000
0.000880000000000
0.001008000000000
0.000780000000000
0.001135000000000
0.000866000000000
0.001179000000000
0.000882000000000
0.000848000000000
0.000786000000000
0.001221000000000
0.000844000000000
0.000811000000000
0.000862000000000
0.000924000000000
0.000870000000000
0.000960000000000
0.001320000000000
0.001093000000000
0.001068000000000
0.001319000000000
0.000870000000000
0.000855000000000
0.002348000000000
0.000882000000000
0.002726000000000
0.002517000000000
0.000879000000000
0.000866000000000
0.001182000000000
0.000877000000000
0.000777000000000
0.000963000000000
0.001012000000000
0.000824000000000
0.000991000000000
0.000998000000000
0.001407000000000
0.001106000000000
0.000856000000000
0.001924000000000
0.001017000000000
0.000943000000000
0.001876000000000
0.000902000000000
0.001031000000000
0.001166000000000
0.001876000000000
0.000863000000000
0.001902000000000
0.000854000000000
0.000865000000000
0.000852000000000
0.000868000000000
0.001317000000000
0.001150000000000
0.000889000000000
0.000887000000000
0.001004000000000
0.000932000000000
0.000878000000000
0.001043000000000
0.001874000000000
0.000897000000000
0.001157000000000
0.000916000000000
0.001014000000000
0.000940000000000
0.000872000000000
0.000867000000000
0.001346000000000
0.001091000000000
0.000849000000000
0.001211000000000
0.000898000000000
0.001287000000000
0.000863000000000
0.001313000000000
0.000864000000000
0.000859000000000
0.000984000000000
0.000954000000000
0.000866000000000
0.001115000000000
0.001268000000000
0.000996000000000
0.000876000000000
0.001173000000000
0.000857000000000
0.001122000000000
0.002369000000000
0.000885000000000
0.001687000000000
0.000885000000000
0.000862000000000
0.001184000000000
0.002369000000000
0.000943000000000
0.000903000000000
0.001223000000000
0.000973000000000
0.001236000000000
0.001023000000000
0.000875000000000
0.001200000000000
0.000836000000000
0.000874000000000
0.001058000000000
0.001839000000000
0.000939000000000
0.001408000000000
0.001221000000000
0.001088000000000
0.001351000000000
0.000922000000000
0.000965000000000
0.000972000000000
0.002153000000000
0.001329000000000
0.000998000000000
0.000961000000000
0.001031000000000
0.000874000000000
0.000832000000000
0.000831000000000
0.000856000000000
0.000971000000000
0.001096000000000
0.000857000000000
0.000922000000000
0.000872000000000
0.000784000000000
0.002299000000000
0.001053000000000
0.000887000000000
0.000849000000000
0.001028000000000
0.001077000000000
0.000819000000000
0.000871000000000
0.001065000000000
0.000867000000000
0.000859000000000
0.000953000000000
0.000868000000000
0.000851000000000
0.001488000000000
0.000916000000000
0.000855000000000
0.000911000000000
0.001261000000000
0.001212000000000
0.000931000000000
0.001177000000000
0.001588000000000
0.002010000000000
0.001054000000000
0.000929000000000
0.000778000000000
0.000853000000000
0.000956000000000
0.001198000000000
0.000854000000000
0.001362000000000
0.002096000000000
0.001690000000000
0.001018000000000
0.000881000000000
0.001064000000000
0.000861000000000
0.001053000000000
0.000947000000000
0.001058000000000
0.001572000000000
0.001922000000000
0.001054000000000
0.001453000000000
0.001944000000000
0.000883000000000
0.001819000000000
0.001411000000000
0.000862000000000
0.000778000000000
0.000899000000000
0.000917000000000
0.001206000000000
0.001308000000000
0.002050000000000
0.000867000000000
0.000896000000000
0.000893000000000
0.000823000000000
0.000872000000000
0.000996000000000
0.000909000000000
0.000875000000000
0.000901000000000
0.000928000000000
0.001288000000000
0.002364000000000
0.001022000000000
0.002287000000000
0.001132000000000
0.002734000000000
0.001361000000000
0.000875000000000
0.001185000000000
0.000907000000000
0.001198000000000
0.000878000000000
0.001036000000000
0.001004000000000
0.001925000000000
0.001108000000000
0.001377000000000
0.000875000000000
0.000968000000000
0.001043000000000
0.001072000000000
0.000999000000000
0.002042000000000
0.001863000000000
0.000886000000000
0.000864000000000
0.000877000000000
0.000872000000000
0.001506000000000
0.001702000000000
0.000783000000000
0.001068000000000
0.001171000000000
0.001265000000000
0.000946000000000
0.000958000000000
0.000999000000000
0.000856000000000
0.000856000000000
0.000956000000000
0.001019000000000
0.001315000000000
0.000878000000000
0.000913000000000
0.000834000000000
0.000904000000000
0.000908000000000
0.001214000000000
0.000868000000000
0.001300000000000
0.001027000000000
0.000962000000000
0.000877000000000
0.001214000000000
0.000866000000000
0.000892000000000
0.000815000000000
0.000822000000000
0.000989000000000
0.000815000000000
0.000964000000000
0.000989000000000
0.001951000000000
0.001321000000000
0.000872000000000
0.001206000000000
0.000907000000000
0.001603000000000
0.000824000000000
0.000878000000000
0.000933000000000
0.001116000000000
0.000969000000000
0.000880000000000
0.000825000000000
0.000869000000000
0.000779000000000
0.000991000000000
0.000862000000000
0.000914000000000
0.001401000000000
0.001119000000000
0.001658000000000
0.001147000000000
0.002146000000000
0.001108000000000
0.000812000000000
0.000868000000000
0.000932000000000
0.000903000000000
0.000778000000000
0.000939000000000
0.001214000000000
0.002003000000000
0.000822000000000
0.000866000000000
0.001297000000000
0.002047000000000
0.001138000000000
0.001370000000000
0.001930000000000
0.001064000000000
0.001029000000000
0.001011000000000
0.001055000000000
0.001871000000000
0.001077000000000
0.000869000000000
0.000976000000000
0.000986000000000
0.000980000000000
0.002046000000000
0.000999000000000
0.001152000000000
0.001849000000000
0.000876000000000
0.000866000000000
0.001331000000000
0.000947000000000
0.000936000000000
0.000895000000000
0.000857000000000
0.000864000000000
0.001153000000000
0.000873000000000
0.000861000000000
0.000871000000000
0.000963000000000
0.001164000000000
0.002485000000000
0.000983000000000
0.001064000000000
0.000854000000000
0.001862000000000
0.001066000000000
0.001129000000000
0.000874000000000
0.001265000000000
0.000927000000000
0.000877000000000
0.001857000000000
0.002125000000000
0.000877000000000
0.000941000000000
0.056226000000000
0.001641000000000
0.000862000000000
0.001079000000000
0.001713000000000
0.001167000000000
0.001182000000000
0.001047000000000
0.001155000000000
0.001453000000000
0.001113000000000
0.001107000000000
0.001225000000000
0.001927000000000
0.002036000000000
0.001109000000000
0.000894000000000
0.000789000000000
0.002494000000000
0.001228000000000
0.002087000000000
0.000948000000000
0.001007000000000
0.001045000000000
0.001242000000000
0.001927000000000
0.000898000000000
0.000851000000000
0.000971000000000
0.000866000000000
0.000894000000000
0.001886000000000
0.000866000000000
0.000965000000000
0.001035000000000
0.001035000000000
0.000859000000000
0.000911000000000
0.002856000000000
0.000973000000000
0.000892000000000
0.001011000000000
0.001896000000000
0.002239000000000
0.000896000000000
0.001097000000000
0.001233000000000
0.001871000000000
0.002303000000000
0.000877000000000
0.000927000000000
0.000867000000000
0.000867000000000
0.001197000000000
0.001591000000000
0.001173000000000
0.000872000000000
0.000876000000000
0.001097000000000
0.002494000000000
0.000974000000000
0.001273000000000
0.002014000000000
0.002074000000000
0.000939000000000
0.002402000000000
0.002510000000000
0.000918000000000
0.000906000000000
0.002834000000000
0.000988000000000
0.000970000000000
0.001109000000000
0.001114000000000
0.002887000000000
0.000878000000000
0.002229000000000
0.001204000000000
0.001004000000000
0.000863000000000
0.001110000000000
0.002664000000000
0.000832000000000
0.001363000000000
0.000996000000000
0.000865000000000
0.000918000000000
0.000787000000000
0.000843000000000
0.000999000000000
0.001071000000000
0.000850000000000
0.001921000000000
0.000913000000000
0.000902000000000
0.000870000000000
0.000961000000000
0.000876000000000
0.000862000000000
0.001734000000000
0.000856000000000
0.000875000000000
0.000963000000000
0.001013000000000
0.000902000000000
0.000904000000000
0.002273000000000
0.000853000000000
0.000928000000000
0.000957000000000
0.000892000000000
0.000905000000000
0.002100000000000
0.001206000000000
0.000971000000000
0.000997000000000
0.000999000000000
0.000949000000000
0.001918000000000
0.000877000000000
0.001611000000000
0.000905000000000
0.001937000000000
0.000883000000000
0.000903000000000
0.001179000000000
0.000943000000000
0.000974000000000
0.002202000000000
0.000856000000000
0.002025000000000
0.001190000000000
0.000941000000000
0.001079000000000
0.001033000000000
0.000980000000000
0.000875000000000
0.000946000000000
0.000871000000000
0.000902000000000
0.000881000000000
0.001014000000000
0.000951000000000
0.001065000000000
0.000835000000000
0.000872000000000
0.000903000000000
0.000865000000000
0.001037000000000
0.001071000000000
0.036539000000000
0.002210000000000
0.000899000000000
0.001017000000000
0.001065000000000
0.000894000000000
0.000976000000000
0.000996000000000
0.001938000000000
0.000875000000000
0.001824000000000
0.001882000000000
0.000971000000000
0.000966000000000
0.001111000000000
0.000822000000000
0.001075000000000
0.001302000000000
0.000958000000000
0.000840000000000
0.001030000000000
0.001077000000000
0.001554000000000
0.001701000000000
0.000889000000000
0.000909000000000
0.002766000000000
0.000931000000000
0.001113000000000
0.000824000000000
0.000792000000000
0.000786000000000
0.002015000000000
0.000945000000000
0.000905000000000
0.000896000000000
0.000944000000000
0.000894000000000
0.000928000000000
0.001000000000000
0.000927000000000
0.001991000000000
0.000877000000000
0.000903000000000
0.000988000000000
0.000881000000000
0.000890000000000
0.000896000000000
0.001188000000000
0.000942000000000
0.000903000000000
0.000987000000000
0.000872000000000
0.001069000000000
0.000879000000000
0.002958000000000
0.001167000000000
0.000920000000000
0.002312000000000
0.000823000000000
0.001022000000000
0.001080000000000
0.000826000000000
0.000791000000000
0.000893000000000
0.000880000000000
0.000964000000000
0.001003000000000
0.002522000000000
0.000888000000000
0.000936000000000
0.000907000000000
0.001026000000000
0.001204000000000
0.000901000000000
0.001065000000000
0.000984000000000
0.001095000000000
0.000969000000000
0.000971000000000
0.002527000000000
0.001020000000000
0.000882000000000
0.000983000000000
0.000886000000000
0.000890000000000
0.000946000000000
0.001002000000000
0.001080000000000
0.000981000000000
0.000891000000000
0.000892000000000
0.000823000000000
0.000981000000000
0.000928000000000
0.001191000000000
0.001445000000000
0.001044000000000
0.001028000000000
0.001177000000000
0.000863000000000
0.000875000000000
0.000932000000000
0.000826000000000
0.000899000000000
0.000898000000000
0.000901000000000
0.000835000000000
0.001740000000000
0.001237000000000
0.000923000000000
0.000961000000000
0.000878000000000
0.000905000000000
0.000891000000000
0.000929000000000
0.000910000000000
0.000913000000000
0.000887000000000
0.001944000000000
0.001300000000000
0.000878000000000
0.001068000000000
0.001004000000000
0.001092000000000
0.000994000000000
0.001372000000000
0.000963000000000
0.001872000000000
0.000896000000000
0.000908000000000
0.000920000000000
0.000987000000000
0.000826000000000
0.000933000000000
0.000929000000000
0.000887000000000
0.001336000000000
0.001097000000000
0.000884000000000
0.000827000000000
0.000947000000000
0.001050000000000
0.000893000000000
0.001004000000000
0.000916000000000
0.001669000000000
0.001680000000000
0.000881000000000
0.000882000000000
0.001090000000000
0.000912000000000
0.000952000000000
0.000950000000000
0.002325000000000
0.000907000000000
0.001094000000000
0.001770000000000
0.001871000000000
0.002042000000000
0.000886000000000
0.000954000000000
0.002080000000000
0.000826000000000
0.001024000000000
0.001654000000000
0.000938000000000
0.000912000000000
0.001176000000000
0.000912000000000
0.000895000000000
0.000921000000000
0.000895000000000
0.000918000000000
0.000835000000000
0.001326000000000
0.000868000000000
0.001452000000000
0.000865000000000
0.000997000000000
0.001755000000000
0.001178000000000
0.001043000000000
0.000944000000000
0.000969000000000
0.000963000000000
0.000885000000000
0.001006000000000
0.001331000000000
0.000807000000000
0.000933000000000
0.000915000000000
0.001212000000000
0.001078000000000
0.001924000000000
0.000810000000000
0.000855000000000
0.000912000000000
0.001045000000000
0.000833000000000
0.001022000000000
0.002531000000000
0.000947000000000
0.001157000000000
0.000913000000000
0.001143000000000
0.000889000000000
0.001474000000000
0.001983000000000
0.001078000000000
0.000981000000000
0.000907000000000
0.001457000000000
0.000969000000000
0.000946000000000
0.000878000000000
0.000875000000000
0.001878000000000
0.001001000000000
0.000856000000000
0.000825000000000
0.001978000000000
0.002168000000000
0.000884000000000
0.001086000000000
0.000889000000000
0.000965000000000
0.000933000000000
0.001469000000000
0.002425000000000
0.001165000000000
0.000955000000000
0.001040000000000
0.000955000000000
0.000882000000000
0.001648000000000
0.001717000000000
0.000994000000000
0.000901000000000
0.000980000000000
0.000893000000000
0.001023000000000
0.000962000000000
0.001032000000000
0.000913000000000
0.000884000000000
0.001195000000000
0.001184000000000
0.000905000000000
0.000943000000000
0.001061000000000
0.000969000000000
0.000899000000000
0.000898000000000
0.000968000000000
0.001015000000000
0.000876000000000
0.000903000000000
0.000860000000000
0.000890000000000
0.000957000000000
0.000881000000000
0.000885000000000
0.001137000000000
0.000877000000000
0.000877000000000
0.000936000000000
0.000868000000000
0.001921000000000
0.001666000000000
0.001025000000000
0.000944000000000
0.000930000000000
0.000875000000000
0.000894000000000
0.001012000000000
0.000869000000000
0.001597000000000
0.000890000000000
0.000903000000000
0.000947000000000
0.000913000000000
0.000900000000000
0.000874000000000
0.001022000000000
0.000892000000000
0.000892000000000
0.000956000000000
0.000919000000000
0.001033000000000
0.000825000000000
0.000887000000000
0.000888000000000
0.000879000000000
0.002287000000000
0.001104000000000
0.000846000000000
0.000912000000000
0.000842000000000
0.000945000000000
0.000786000000000
0.002696000000000
0.001037000000000
0.000915000000000
0.001839000000000
0.001139000000000
0.001125000000000
0.000976000000000
0.000880000000000
0.001169000000000
0.000860000000000
0.000887000000000
0.001456000000000
0.000842000000000
0.002000000000000
0.000885000000000
0.000877000000000
0.000892000000000
0.000863000000000
0.001112000000000
0.000933000000000
0.000875000000000
0.001319000000000
0.000873000000000
0.000820000000000
0.001220000000000
0.000996000000000
0.001695000000000
0.001058000000000
0.001020000000000
0.002318000000000
0.001039000000000
0.002223000000000
0.001125000000000
0.000940000000000
0.000814000000000
0.000824000000000
0.001118000000000
0.000945000000000
0.002199000000000
0.000911000000000
0.000878000000000
0.000822000000000
0.000984000000000
0.000868000000000
0.000861000000000
0.000818000000000
0.001488000000000
0.000865000000000
0.002192000000000
0.000992000000000
0.002570000000000
0.000897000000000
0.001957000000000
0.000985000000000
0.000878000000000
0.001540000000000
0.001011000000000
0.002909000000000
0.001480000000000
0.001100000000000
0.001118000000000
0.000874000000000
0.001071000000000
0.000946000000000
0.000879000000000
0.000887000000000
0.001524000000000
0.000813000000000
0.000862000000000
0.000864000000000
0.002715000000000
0.000894000000000
0.001007000000000
0.000815000000000
0.000864000000000
0.001278000000000
0.000960000000000
0.000885000000000
0.001195000000000
0.000834000000000
0.001465000000000
0.001022000000000
0.000890000000000
0.001515000000000
0.000980000000000
0.001000000000000
0.001149000000000
0.001074000000000
0.001092000000000
0.000887000000000
0.000982000000000
0.002329000000000
0.000890000000000
0.000905000000000
0.000985000000000
0.000975000000000
0.000862000000000
0.001298000000000
0.000902000000000
0.000906000000000
0.000884000000000
0.000837000000000
0.001144000000000
0.001044000000000
0.000894000000000
0.002267000000000
0.000900000000000
0.003066000000000
0.000878000000000
0.001026000000000
0.001301000000000
0.001036000000000
0.001488000000000
0.002780000000000
0.000893000000000
0.000835000000000
0.000898000000000
0.000840000000000
0.000971000000000
0.000950000000000
0.000959000000000
0.001861000000000
0.000944000000000
0.003014000000000
0.001880000000000
0.000881000000000
0.000879000000000
0.001140000000000
0.001091000000000
0.000894000000000
0.001924000000000
0.000901000000000
0.000857000000000
0.000904000000000
0.000900000000000
0.001446000000000
0.001813000000000
0.000889000000000
0.001342000000000
0.000900000000000
0.000885000000000
0.002554000000000
0.000892000000000
0.000873000000000
0.034495000000000
0.000888000000000
0.002106000000000
0.002048000000000
0.000787000000000
0.001553000000000
0.000884000000000
0.000860000000000
0.000918000000000
0.000890000000000
0.000882000000000
0.000988000000000
0.001120000000000
0.000906000000000
0.003281000000000
0.000876000000000
0.001108000000000
0.002159000000000
0.001402000000000
0.000790000000000
0.001465000000000
0.000835000000000
0.000812000000000
0.001601000000000
0.000882000000000
0.000995000000000
0.000942000000000
0.001567000000000
0.001059000000000
0.001527000000000
0.002149000000000
0.000909000000000
0.000941000000000
0.001302000000000
0.001459000000000
0.009419000000000
0.000924000000000
0.000923000000000
0.000975000000000
0.000937000000000
0.001794000000000
0.000886000000000
0.000893000000000
0.000916000000000
0.000811000000000
0.001740000000000
0.000884000000000
0.000984000000000
0.001468000000000
0.000939000000000
0.000876000000000
0.000834000000000
0.002079000000000
0.000887000000000
0.000886000000000
0.002079000000000
0.001364000000000
0.002747000000000
0.000979000000000
0.000951000000000
0.001125000000000
0.000963000000000
0.000938000000000
0.000878000000000
0.000876000000000
0.000885000000000
0.001000000000000
0.000967000000000
0.002250000000000
0.000884000000000
0.002701000000000
0.001442000000000
0.000805000000000
0.001059000000000
0.002511000000000
0.001116000000000
0.000864000000000
0.000842000000000
0.000865000000000
0.000928000000000
0.000904000000000
0.000900000000000
0.000897000000000
0.000876000000000
0.000889000000000
0.000877000000000
0.000892000000000
0.000878000000000
0.000907000000000
0.001006000000000
0.001299000000000
0.001896000000000
0.002063000000000
0.001370000000000
0.000883000000000
0.000894000000000
0.000876000000000
0.001059000000000
0.001561000000000
0.001427000000000
0.000894000000000
0.000805000000000
0.000933000000000
0.001169000000000
0.000880000000000
0.001008000000000
0.000881000000000
0.000945000000000
0.000887000000000
0.000902000000000
0.000918000000000
0.000838000000000
0.000920000000000
0.001339000000000
0.000910000000000
0.001062000000000
0.000969000000000
0.000934000000000
0.036477000000000
0.001370000000000
0.000869000000000
0.000893000000000
0.002161000000000
0.002776000000000
0.001052000000000
0.000918000000000
0.000884000000000
0.000889000000000
0.001321000000000
0.002559000000000
0.000805000000000
0.000938000000000
0.000902000000000
0.000888000000000
0.000876000000000
0.001031000000000
0.002557000000000
0.001178000000000
0.000808000000000
0.000871000000000
0.000847000000000
0.001082000000000
0.001304000000000
0.000924000000000
0.000929000000000
0.002849000000000
0.000882000000000
0.000876000000000
0.000930000000000
0.000845000000000
0.000802000000000
0.002030000000000
0.002154000000000
0.000966000000000
0.001079000000000
0.000921000000000
0.000885000000000
0.001670000000000
0.001072000000000
0.001551000000000
0.000898000000000
0.000852000000000
0.002504000000000
0.002676000000000
0.000916000000000
0.000845000000000
0.000895000000000
0.000901000000000
0.001199000000000
0.002285000000000
0.001415000000000
0.000881000000000
0.000907000000000
0.000923000000000
0.000911000000000
0.000886000000000
0.000901000000000
0.000869000000000
0.001378000000000
0.000892000000000
0.000991000000000
0.002698000000000
0.001380000000000
0.001075000000000
0.000852000000000
0.001058000000000
0.000875000000000
0.027600000000000
0.000905000000000
0.000886000000000
0.000878000000000
0.000891000000000
0.001886000000000
0.000891000000000
0.001022000000000
0.000885000000000
0.000906000000000
0.000897000000000
0.001008000000000
0.001145000000000
0.000958000000000
0.001060000000000
0.000890000000000
0.001147000000000
0.001104000000000
0.001038000000000
0.000941000000000
0.000890000000000
0.000923000000000
0.001018000000000
0.000956000000000
0.001239000000000
0.000853000000000
0.001870000000000
0.001336000000000
0.001305000000000
0.001314000000000
0.001137000000000
0.001177000000000
0.000897000000000
0.002987000000000
0.000885000000000
0.000803000000000
0.001407000000000
0.000891000000000
0.000899000000000
0.001024000000000
0.002292000000000
0.000951000000000
0.001006000000000
0.000878000000000
0.000884000000000
0.000916000000000
0.000884000000000
0.000891000000000
0.000956000000000
0.003035000000000
0.001059000000000
0.001101000000000
0.000889000000000
0.002234000000000
0.000916000000000
0.000893000000000
0.001826000000000
0.001535000000000
0.000932000000000
0.002025000000000
0.000890000000000
0.000935000000000
0.001161000000000
0.000908000000000
0.002133000000000
0.001014000000000
0.002724000000000
0.001163000000000
0.001180000000000
0.001024000000000
0.000888000000000
0.001013000000000
0.000896000000000
0.000899000000000
0.000893000000000
0.000906000000000
0.001334000000000
0.001517000000000
0.001129000000000
0.000801000000000
0.001017000000000
0.000887000000000
0.001087000000000
0.002324000000000
0.000937000000000
0.000889000000000
0.000900000000000
0.001028000000000
0.000946000000000
0.001127000000000
0.000907000000000
0.001233000000000
0.001017000000000
0.001386000000000
0.000933000000000
0.002547000000000
0.000817000000000
0.000879000000000
0.000871000000000
0.000906000000000
0.003017000000000
0.000889000000000
0.000852000000000
0.000894000000000
0.001051000000000
0.001153000000000
0.000963000000000
0.000904000000000
0.000889000000000
0.000962000000000
0.001189000000000
0.000891000000000
0.000841000000000
0.001801000000000
0.000891000000000
0.000796000000000
0.001847000000000
0.000839000000000
0.000961000000000
0.002086000000000
0.001297000000000
0.002096000000000
0.002331000000000
0.001445000000000
0.000970000000000
0.002003000000000
0.002358000000000
0.000911000000000
0.000918000000000
0.002021000000000
0.002146000000000
0.001088000000000
0.000905000000000
0.000903000000000
0.002097000000000
0.002490000000000
0.002331000000000
0.002132000000000
0.000917000000000
0.001298000000000
0.000888000000000
0.001783000000000
0.002631000000000
0.000951000000000
0.000854000000000
0.000967000000000
0.001061000000000
0.002049000000000
0.000927000000000
0.002291000000000
0.002198000000000
0.000894000000000
0.000896000000000
0.000883000000000
0.001223000000000
0.001221000000000
0.001134000000000
0.000921000000000
0.001092000000000
0.002016000000000
0.000887000000000
0.001980000000000
0.000912000000000
0.001406000000000
0.000815000000000
0.001518000000000
0.001452000000000
0.001045000000000
0.002114000000000
0.002151000000000
0.000959000000000
0.002501000000000
0.002070000000000
0.001171000000000
0.000864000000000
0.000884000000000
0.000909000000000
0.000925000000000
0.002246000000000
0.000893000000000
0.001966000000000
0.000922000000000
0.001592000000000
0.001102000000000
0.000891000000000
0.001384000000000
0.002497000000000
0.000870000000000
0.000844000000000
0.001393000000000
0.000898000000000
0.001085000000000
0.000877000000000
0.000888000000000
0.001201000000000
0.000938000000000
0.001331000000000
0.001429000000000
0.002178000000000
0.001034000000000
0.002019000000000
0.001204000000000
0.000901000000000
0.001545000000000
0.000905000000000
0.000921000000000
0.000814000000000
0.000909000000000
0.001133000000000
0.000945000000000
0.000887000000000
0.001149000000000
0.000813000000000
0.000896000000000
0.000889000000000
0.001196000000000
0.001106000000000
0.000880000000000
0.000912000000000
0.002357000000000
0.001795000000000
0.000884000000000
0.002765000000000
0.000888000000000
0.001171000000000
0.001075000000000
0.034930000000000
0.002093000000000
0.000890000000000
0.000883000000000
0.001717000000000
0.000915000000000
0.000895000000000
0.000895000000000
0.001519000000000
0.000896000000000
0.000907000000000
0.000896000000000
0.000913000000000
0.000884000000000
0.001531000000000
0.000890000000000
0.002059000000000
0.003106000000000
0.002259000000000
0.002188000000000
0.001116000000000
0.001081000000000
0.002381000000000
0.001002000000000
0.000995000000000
0.001409000000000
0.000937000000000
0.002547000000000
0.000860000000000
0.000999000000000
0.000912000000000
0.000991000000000
0.000913000000000
0.002332000000000
0.000923000000000
0.001348000000000
0.001164000000000
0.029151000000000
0.001164000000000
0.001117000000000
0.001014000000000
0.000932000000000
0.001039000000000
0.000900000000000
0.000878000000000
0.002228000000000
0.001061000000000
0.001964000000000
0.000849000000000
0.002193000000000
0.000884000000000
0.001824000000000
0.002040000000000
0.000794000000000
0.000913000000000
0.000907000000000
0.000911000000000
0.000941000000000
0.000884000000000
0.000912000000000
0.001240000000000
0.000900000000000
0.002722000000000
0.001032000000000
0.001642000000000
0.001961000000000
0.001038000000000
0.001283000000000
0.000948000000000
0.000901000000000
0.000872000000000
0.001011000000000
0.000836000000000
0.001124000000000
0.001493000000000
0.001796000000000
0.000964000000000
0.001966000000000
0.001987000000000
0.000882000000000
0.001407000000000
0.002490000000000
0.001196000000000
0.000953000000000
0.000905000000000
0.001993000000000
0.002142000000000
0.001202000000000
0.002986000000000
0.000899000000000
0.001578000000000
0.000903000000000
0.000982000000000
0.000942000000000
0.002758000000000
0.001077000000000
0.000922000000000
0.001126000000000
0.002717000000000
0.001207000000000
0.000949000000000
0.000861000000000
0.001372000000000
0.000869000000000
0.000896000000000
0.000835000000000
0.001089000000000
0.000876000000000
0.000902000000000
0.000877000000000
0.000911000000000
0.001754000000000
0.000965000000000
0.000920000000000
0.000887000000000
0.000937000000000
0.002438000000000
0.002283000000000
0.000884000000000
0.000965000000000
0.001464000000000
0.000893000000000
0.001958000000000
0.000895000000000
0.001152000000000
0.001191000000000
0.000913000000000
0.000828000000000
0.001678000000000
0.000894000000000
0.000881000000000
0.000893000000000
0.002464000000000
0.001164000000000
0.000885000000000
0.000822000000000
0.000896000000000
0.000922000000000
0.002017000000000
0.002302000000000
0.001211000000000
0.000927000000000
0.000839000000000
0.001062000000000
0.001150000000000
0.002381000000000
0.000916000000000
0.001372000000000
0.001723000000000
0.000912000000000
0.002145000000000
0.000896000000000
0.041490000000000
0.001034000000000
0.001035000000000
0.000884000000000
0.001006000000000
0.000974000000000
0.001135000000000
0.000897000000000
0.000889000000000
0.000959000000000
0.001082000000000
0.000881000000000
0.000988000000000
0.001317000000000
0.000956000000000
0.000880000000000
0.000927000000000
0.002686000000000
0.000900000000000
0.000893000000000
0.000885000000000
0.000899000000000
0.000905000000000
0.002160000000000
0.000900000000000
0.000902000000000
0.001575000000000
0.001407000000000
0.002372000000000
0.002885000000000
0.000971000000000
0.001199000000000
0.001382000000000
0.000908000000000
0.002073000000000
0.001388000000000
0.001421000000000
0.000933000000000
0.000942000000000
0.002558000000000
0.000925000000000
0.001917000000000
0.001216000000000
0.002625000000000
0.001378000000000
0.000937000000000
0.000861000000000
0.002449000000000
0.000937000000000
0.001961000000000
0.000908000000000
0.000901000000000
0.001160000000000
0.000974000000000
0.001068000000000
0.000893000000000
0.000849000000000
0.000931000000000
0.000906000000000
0.000920000000000
0.000807000000000
0.001059000000000
0.002056000000000
0.001182000000000
0.000897000000000
0.001078000000000
0.000910000000000
0.001174000000000
0.001859000000000
0.002002000000000
0.001053000000000
0.001138000000000
0.001185000000000
0.001058000000000
0.000899000000000
0.001905000000000
0.003150000000000
0.002129000000000
0.000925000000000
0.000915000000000
0.000957000000000
0.000894000000000
0.002151000000000
0.002047000000000
0.000907000000000
0.002544000000000
0.000921000000000
0.001975000000000
0.001113000000000
0.000832000000000
0.002074000000000
0.001482000000000
0.000912000000000
0.000885000000000
0.000916000000000
0.000931000000000
0.000917000000000
0.001866000000000
0.001405000000000
0.000975000000000
0.000934000000000
0.002025000000000
0.001304000000000
0.000901000000000
0.000890000000000
0.000900000000000
0.001369000000000
0.001060000000000
0.002404000000000
0.000954000000000
0.002182000000000
0.000984000000000
0.000925000000000
0.001009000000000
0.000924000000000
0.000896000000000
0.002647000000000
0.000872000000000
0.002910000000000
0.001018000000000
0.000976000000000
0.001360000000000
0.000887000000000
0.002326000000000
0.000921000000000
0.001689000000000
0.002286000000000
0.000898000000000
0.000915000000000
0.000877000000000
0.000890000000000
0.000911000000000
0.001937000000000
0.000885000000000
0.001116000000000
0.001202000000000
0.000939000000000
0.002088000000000
0.001233000000000
0.000877000000000
0.000915000000000
0.001040000000000
0.002858000000000
0.001215000000000
0.001027000000000
0.002310000000000
0.001530000000000
0.001173000000000
0.001079000000000
0.001061000000000
0.001839000000000
0.000888000000000
0.001751000000000
0.000825000000000
0.001517000000000
0.001058000000000
0.001729000000000
0.032210000000000
0.003486000000000
0.000822000000000
0.000895000000000
0.002184000000000
0.000950000000000
0.002450000000000
0.000933000000000
0.002149000000000
0.000853000000000
0.001234000000000
0.000953000000000
0.001072000000000
0.002514000000000
0.001081000000000
0.001351000000000
0.001012000000000
0.001230000000000
0.036635000000000
0.002212000000000
0.000844000000000
0.002186000000000
0.001114000000000
0.001217000000000
0.002164000000000
0.000874000000000
0.002261000000000
0.002401000000000
0.000901000000000
0.001215000000000
0.000877000000000
0.000882000000000
0.000856000000000
0.001374000000000
0.001172000000000
0.000892000000000
0.000901000000000
0.000892000000000
0.000882000000000
0.002114000000000
0.000895000000000
0.000849000000000
0.000900000000000
0.000876000000000
0.029304000000000
0.002015000000000
0.000894000000000
0.000944000000000
0.000911000000000
0.000867000000000
0.001023000000000
0.001097000000000
0.000974000000000
0.000896000000000
0.001086000000000
0.001163000000000
0.000929000000000
0.000963000000000
0.001377000000000
0.001205000000000
0.001522000000000
0.000967000000000
0.001988000000000
0.000888000000000
0.000894000000000
0.001132000000000
0.001638000000000
0.000890000000000
0.000922000000000
0.001608000000000
0.002165000000000
0.000897000000000
0.001072000000000
0.002799000000000
0.002181000000000
0.001393000000000
0.002579000000000
0.002705000000000
0.002165000000000
0.000976000000000
0.003135000000000
0.001018000000000
0.002085000000000
0.002058000000000
0.002064000000000
0.000917000000000
0.001569000000000
0.000898000000000
0.001109000000000
0.000893000000000
0.000896000000000
0.002242000000000
0.001004000000000
0.002132000000000
0.002363000000000
0.000878000000000
0.000882000000000
0.001369000000000
0.001087000000000
0.000806000000000
0.001105000000000
0.000832000000000
0.000903000000000
0.000893000000000
0.002429000000000
0.001343000000000
0.000901000000000
0.000983000000000
0.000908000000000
0.000903000000000
0.000874000000000
0.000934000000000
0.000919000000000
0.000891000000000
0.000905000000000
0.002100000000000
0.002580000000000
0.001050000000000
0.002026000000000
0.002339000000000
0.001845000000000
0.000896000000000
0.000991000000000
0.000848000000000
0.002725000000000
0.000864000000000
0.000868000000000
0.001305000000000
0.001982000000000
0.001167000000000
0.000938000000000
0.002036000000000
0.001144000000000
0.002731000000000
0.001933000000000
0.000951000000000
0.000905000000000
0.000956000000000
0.001287000000000
0.000931000000000
0.002474000000000
0.000936000000000
0.002197000000000
0.001834000000000
0.002373000000000
0.000923000000000
0.002111000000000
0.000962000000000
0.000908000000000
0.001805000000000
0.000868000000000
0.002360000000000
0.001136000000000
0.001067000000000
0.000929000000000
0.001038000000000
0.000964000000000
0.001941000000000
0.000990000000000
0.001980000000000
0.001120000000000
0.043461000000000
0.002098000000000
0.000947000000000
0.000947000000000
0.001069000000000
0.001076000000000
0.000931000000000
0.001027000000000
0.002230000000000
0.000979000000000
0.000949000000000
0.001018000000000
0.000989000000000
0.002244000000000
0.001016000000000
0.000909000000000
0.001617000000000
0.001419000000000
0.000928000000000
0.000969000000000
0.001457000000000
0.000912000000000
0.001886000000000
0.002451000000000
0.001150000000000
0.001002000000000
0.000957000000000
0.001008000000000
0.001094000000000
0.001009000000000
0.001013000000000
0.001523000000000
0.000994000000000
0.000977000000000
0.001125000000000
0.002094000000000
0.001281000000000
0.001040000000000
0.000994000000000
0.000928000000000
0.000999000000000
0.000952000000000
0.000931000000000
0.001111000000000
0.000912000000000
0.001028000000000
0.000962000000000
0.000936000000000
0.000975000000000
0.001299000000000
0.000942000000000
0.001222000000000
0.001120000000000
0.002754000000000
0.000986000000000
0.000931000000000
0.002204000000000
0.001307000000000
0.001354000000000
0.000961000000000
0.002423000000000
0.001228000000000
0.001099000000000
0.000915000000000
0.000923000000000
0.000920000000000
0.001028000000000
0.000951000000000
0.001500000000000
0.000993000000000
0.001188000000000
0.000913000000000
0.000915000000000
0.000905000000000
0.000928000000000
0.000903000000000
0.001383000000000
0.003107000000000
0.001515000000000
0.002318000000000
0.002316000000000
0.001039000000000
0.014005000000000
0.001088000000000
0.001640000000000
0.019522000000000
0.000915000000000
0.001751000000000
0.000944000000000
0.000907000000000
0.001327000000000
0.000912000000000
0.002703000000000
0.001523000000000
0.000917000000000
0.000973000000000
0.000907000000000
0.000901000000000
0.001083000000000
0.000984000000000
0.000985000000000
0.000910000000000
0.000905000000000
0.000997000000000
0.001751000000000
0.001261000000000
0.002563000000000
0.000905000000000
0.000916000000000
0.001866000000000
0.001050000000000
0.001168000000000
0.002739000000000
0.000917000000000
0.000962000000000
0.002276000000000
0.000982000000000
0.001161000000000
0.001171000000000
0.000962000000000
0.001073000000000
0.001412000000000
0.001081000000000
0.000932000000000
0.002808000000000
0.001182000000000
0.000937000000000
0.002368000000000
0.000984000000000
0.002657000000000
0.000950000000000
0.002905000000000
0.001078000000000
0.001026000000000
0.002673000000000
0.000929000000000
0.001040000000000
0.000986000000000
0.000958000000000
0.001431000000000
0.001450000000000
0.000904000000000
0.001801000000000
0.000938000000000
0.001177000000000
0.000914000000000
0.001527000000000
0.000944000000000
0.000924000000000
0.002541000000000
0.031300000000000
0.001381000000000
0.002114000000000
0.000919000000000
0.001556000000000
0.000924000000000
0.000915000000000
0.002146000000000
0.003049000000000
0.000986000000000
0.001414000000000
0.001326000000000
0.001070000000000
0.001579000000000
0.001502000000000
0.001355000000000
0.000901000000000
0.002154000000000
0.000967000000000
0.001140000000000
0.000991000000000
0.033573000000000
0.000931000000000
0.001027000000000
0.000921000000000
0.001079000000000
0.000926000000000
0.001074000000000
0.001218000000000
0.001211000000000
0.001067000000000
0.002111000000000
0.001278000000000
0.002850000000000
0.001016000000000
0.000924000000000
0.000944000000000
0.000985000000000
0.000956000000000
0.001256000000000
0.002415000000000
0.000920000000000
0.001038000000000
0.000926000000000
0.001408000000000
0.000920000000000
0.000923000000000
0.000918000000000
0.002472000000000
0.001007000000000
0.001712000000000
0.000932000000000
0.000971000000000
0.000912000000000
0.000930000000000
0.000925000000000
0.000919000000000
0.000949000000000
0.000927000000000
0.002422000000000
0.003142000000000
0.000940000000000
0.001875000000000
0.001515000000000
0.001476000000000
0.002286000000000
0.000929000000000
0.001762000000000
0.001276000000000
0.001653000000000
0.002968000000000
0.000939000000000
0.001036000000000
0.001137000000000
0.001090000000000
0.001687000000000
0.001584000000000
0.002259000000000
0.001338000000000
0.000944000000000
0.002233000000000
0.002755000000000
0.000953000000000
0.000927000000000
0.001112000000000
0.000941000000000
0.001033000000000
0.001428000000000
0.000917000000000
0.000946000000000
0.000905000000000
0.001587000000000
0.000930000000000
0.001128000000000
0.000985000000000
0.000919000000000
0.001283000000000
0.002347000000000
0.000926000000000
0.001311000000000
0.000908000000000
0.002647000000000
0.000898000000000
0.000907000000000
0.001835000000000
0.000912000000000
0.036738000000000
0.002832000000000
0.001601000000000
0.002530000000000
0.003254000000000
0.001899000000000
0.001627000000000
0.000930000000000
0.001517000000000
0.001143000000000
0.000947000000000
0.001544000000000
0.000931000000000
0.001756000000000
0.002927000000000
0.000928000000000
0.000940000000000
0.001071000000000
0.001319000000000
0.002283000000000
0.001109000000000
0.002482000000000
0.001171000000000
0.000978000000000
0.001846000000000
0.002287000000000
0.001590000000000
0.000973000000000
0.001831000000000
0.001055000000000
0.001083000000000
0.023765000000000
0.018963000000000
0.015833000000000
0.001418000000000
0.001073000000000
0.000994000000000
0.002829000000000
0.001096000000000
0.001189000000000
0.000920000000000
0.002359000000000
0.000966000000000
0.000947000000000
0.001355000000000
0.001628000000000
0.000917000000000
0.002691000000000
0.001085000000000
0.001253000000000
0.002623000000000
0.001944000000000
0.002194000000000
0.001639000000000
0.000928000000000
0.001121000000000
0.001014000000000
0.001719000000000
0.001114000000000
0.000914000000000
0.003068000000000
0.017110000000000
0.001098000000000
0.001273000000000
0.000916000000000
0.001109000000000
0.001010000000000
0.001469000000000
0.001220000000000
0.000932000000000
0.001294000000000
0.001296000000000
0.002595000000000
0.001282000000000
0.002305000000000
0.001104000000000
0.001338000000000
0.000938000000000
0.001283000000000
0.001981000000000
0.001688000000000
0.000985000000000
0.001147000000000
0.001040000000000
0.000945000000000
0.000980000000000
0.001220000000000
0.003014000000000
0.001103000000000
0.001127000000000
0.002073000000000
0.000955000000000
0.000927000000000
0.002154000000000
0.001197000000000
0.000915000000000
0.000927000000000
0.003134000000000
0.002282000000000
0.039511000000000
0.001318000000000
0.000922000000000
0.000913000000000
0.001090000000000
0.001252000000000
0.001190000000000
0.002225000000000
0.002008000000000
0.002463000000000
0.000916000000000
0.000921000000000
0.000980000000000
0.002768000000000
0.002106000000000
0.001523000000000
0.000989000000000
0.001710000000000
0.001039000000000
0.001141000000000
0.002560000000000
0.000939000000000
0.001228000000000
0.033142000000000
0.000926000000000
0.001739000000000
0.000941000000000
0.001096000000000
0.001264000000000
0.002438000000000
0.002532000000000
0.000934000000000
0.000937000000000
0.000914000000000
0.000913000000000
0.000909000000000
0.000908000000000
0.001014000000000
0.002369000000000
0.001248000000000
0.000948000000000
0.002270000000000
0.000928000000000
0.000921000000000
0.001055000000000
0.001651000000000
0.002202000000000
0.001544000000000
0.000937000000000
0.001883000000000
0.001251000000000
0.000916000000000
0.001369000000000
0.002503000000000
0.002364000000000
0.002977000000000
0.001031000000000
0.001708000000000
0.002566000000000
0.000983000000000
0.001026000000000
0.001017000000000
0.002665000000000
0.002303000000000
0.001051000000000
0.001819000000000
0.002260000000000
0.000934000000000
0.001384000000000
0.000947000000000
0.001110000000000
0.001491000000000
0.001078000000000
0.000939000000000
0.000930000000000
0.001377000000000
0.001056000000000
0.000925000000000
0.000916000000000
0.001555000000000
0.001337000000000
0.002211000000000
0.000979000000000
0.001046000000000
0.001123000000000
0.001686000000000
0.002139000000000
0.001552000000000
0.001292000000000
0.001896000000000
0.003158000000000
0.002435000000000
0.000950000000000
0.001028000000000
0.002087000000000
0.000936000000000
0.001544000000000
0.001660000000000
0.002384000000000
0.001558000000000
0.000912000000000
0.001639000000000
0.000961000000000
0.001127000000000
0.002118000000000
0.001860000000000
0.000922000000000
0.001044000000000
0.000985000000000
0.001102000000000
0.002596000000000
0.001173000000000
0.001386000000000
0.000920000000000
0.001087000000000
0.000906000000000
0.000903000000000
0.000947000000000
0.001209000000000
0.002329000000000
0.002118000000000
0.001159000000000
0.000971000000000
0.001088000000000
0.002427000000000
0.000910000000000
0.001072000000000
