0.000887000000000
0.000864000000000
0.000841000000000
0.000833000000000
0.001035000000000
0.000995000000000
0.000838000000000
0.001698000000000
0.000799000000000
0.000864000000000
0.000860000000000
0.000855000000000
0.001213000000000
0.000862000000000
0.001656000000000
0.000847000000000
0.001999000000000
0.002175000000000
0.000863000000000
0.001105000000000
0.000981000000000
0.000859000000000
0.000979000000000
0.000883000000000
0.001864000000000
0.000865000000000
0.000972000000000
0.000884000000000
0.001041000000000
0.001301000000000
0.000860000000000
0.000836000000000
0.000863000000000
0.001734000000000
0.002233000000000
0.000815000000000
0.000853000000000
0.000839000000000
0.000859000000000
0.000850000000000
0.001179000000000
0.000864000000000
0.000853000000000
0.000858000000000
0.000858000000000
0.000844000000000
0.000893000000000
0.000840000000000
0.001244000000000
0.000919000000000
0.001265000000000
0.000857000000000
0.000896000000000
0.000839000000000
0.000860000000000
0.000934000000000
0.001125000000000
0.001377000000000
0.000855000000000
0.000874000000000
0.000849000000000
0.001044000000000
0.000880000000000
0.000841000000000
0.000835000000000
0.000880000000000
0.000867000000000
0.000844000000000
0.000848000000000
0.000924000000000
0.000857000000000
0.000845000000000
0.000850000000000
0.000938000000000
0.000903000000000
0.000853000000000
0.001010000000000
0.000945000000000
0.001025000000000
0.000885000000000
0.001677000000000
0.001607000000000
0.000813000000000
0.000867000000000
0.000856000000000
0.000816000000000
0.000846000000000
0.000837000000000
0.001852000000000
0.001004000000000
0.000793000000000
0.001288000000000
0.000984000000000
0.000848000000000
0.000845000000000
0.000919000000000
0.000956000000000
0.000845000000000
0.000888000000000
0.000871000000000
0.000781000000000
0.000877000000000
0.001026000000000
0.001140000000000
0.000870000000000
0.000865000000000
0.001147000000000
0.000851000000000
0.000847000000000
0.000850000000000
0.000856000000000
0.001011000000000
0.001578000000000
0.001599000000000
0.000872000000000
0.000859000000000
0.002066000000000
0.001354000000000
0.001207000000000
0.000836000000000
0.001446000000000
0.000846000000000
0.000940000000000
0.000865000000000
0.000941000000000
0.001512000000000
0.000860000000000
0.001172000000000
0.001734000000000
0.000855000000000
0.001284000000000
0.000856000000000
0.001225000000000
0.000942000000000
0.000839000000000
0.001634000000000
0.000858000000000
0.000862000000000
0.000850000000000
0.000847000000000
0.000842000000000
0.000858000000000
0.001258000000000
0.000872000000000
0.002234000000000
0.000876000000000
0.000892000000000
0.000892000000000
0.000954000000000
0.000861000000000
0.001556000000000
0.000879000000000
0.001230000000000
0.001356000000000
0.001187000000000
0.000863000000000
0.000863000000000
0.001008000000000
0.000847000000000
0.000839000000000
0.000881000000000
0.000930000000000
0.000865000000000
0.000885000000000
0.001729000000000
0.000896000000000
0.000901000000000
0.000840000000000
0.000903000000000
0.001245000000000
0.000979000000000
0.000884000000000
0.002200000000000
0.000889000000000
0.000999000000000
0.000857000000000
0.001055000000000
0.000875000000000
0.001884000000000
0.000897000000000
0.000865000000000
0.001300000000000
0.000857000000000
0.000867000000000
0.000961000000000
0.000858000000000
0.000864000000000
0.001246000000000
0.001001000000000
0.000861000000000
0.001185000000000
0.001325000000000
0.000883000000000
0.001010000000000
0.001064000000000
0.001026000000000
0.001044000000000
0.000880000000000
0.000849000000000
0.002026000000000
0.000864000000000
0.000850000000000
0.000861000000000
0.001145000000000
0.002326000000000
0.001773000000000
0.002287000000000
0.001113000000000
0.002306000000000
0.001782000000000
0.000843000000000
0.000866000000000
0.000873000000000
0.000870000000000
0.000856000000000
0.001185000000000
0.000833000000000
0.000859000000000
0.000943000000000
0.000919000000000
0.000953000000000
0.000858000000000
0.000892000000000
0.001094000000000
0.001103000000000
0.000901000000000
0.000942000000000
0.002261000000000
0.000879000000000
0.000870000000000
0.000855000000000
0.001202000000000
0.000976000000000
0.000835000000000
0.001810000000000
0.002474000000000
0.001064000000000
0.003018000000000
0.001018000000000
0.001229000000000
0.001677000000000
0.000867000000000
0.000840000000000
0.000949000000000
0.001020000000000
0.000847000000000
0.000898000000000
0.000927000000000
0.000913000000000
0.001040000000000
0.001017000000000
0.000856000000000
0.000910000000000
0.000891000000000
0.001067000000000
0.000855000000000
0.001278000000000
0.000858000000000
0.001394000000000
0.000909000000000
0.000945000000000
0.002110000000000
0.001540000000000
0.001869000000000
0.000877000000000
0.000845000000000
0.000883000000000
0.000891000000000
0.000872000000000
0.000867000000000
0.000856000000000
0.000868000000000
0.001219000000000
0.000852000000000
0.001573000000000
0.000807000000000
0.000870000000000
0.000960000000000
0.000859000000000
0.000871000000000
0.000955000000000
0.000841000000000
0.000865000000000
0.000851000000000
0.000887000000000
0.001202000000000
0.000870000000000
0.001892000000000
0.001220000000000
0.000997000000000
0.000857000000000
0.001010000000000
0.000995000000000
0.000917000000000
0.000889000000000
0.000881000000000
0.001216000000000
0.000864000000000
0.000853000000000
0.000844000000000
0.001305000000000
0.001037000000000
0.001338000000000
0.000996000000000
0.000844000000000
0.000858000000000
0.001264000000000
0.000866000000000
0.001294000000000
0.000834000000000
0.001128000000000
0.000856000000000
0.000864000000000
0.001018000000000
0.001104000000000
0.000958000000000
0.000882000000000
0.000850000000000
0.000858000000000
0.000870000000000
0.000856000000000
0.000858000000000
0.000841000000000
0.000856000000000
0.000860000000000
0.001332000000000
0.000826000000000
0.000869000000000
0.002195000000000
0.001118000000000
0.000848000000000
0.001899000000000
0.000881000000000
0.001161000000000
0.000846000000000
0.000838000000000
0.000904000000000
0.000858000000000
0.000852000000000
0.001030000000000
0.000852000000000
0.001127000000000
0.000778000000000
0.001262000000000
0.000872000000000
0.001200000000000
0.000868000000000
0.000886000000000
0.001095000000000
0.000841000000000
0.000842000000000
0.000842000000000
0.000860000000000
0.000861000000000
0.000872000000000
0.000876000000000
0.002197000000000
0.000938000000000
0.000849000000000
0.000858000000000
0.001000000000000
0.001026000000000
0.002019000000000
0.000860000000000
0.001267000000000
0.000860000000000
0.000935000000000
0.000869000000000
0.000869000000000
0.000861000000000
0.000861000000000
0.000841000000000
0.000877000000000
0.001735000000000
0.001006000000000
0.000857000000000
0.000859000000000
0.000909000000000
0.001367000000000
0.000922000000000
0.000846000000000
0.000842000000000
0.001174000000000
0.002324000000000
0.001144000000000
0.000871000000000
0.000875000000000
0.000859000000000
0.000849000000000
0.000913000000000
0.000852000000000
0.000853000000000
0.001867000000000
0.002277000000000
0.000976000000000
0.000860000000000
0.001505000000000
0.000926000000000
0.001441000000000
0.000854000000000
0.001023000000000
0.000855000000000
0.001087000000000
0.001522000000000
0.000823000000000
0.000979000000000
0.000843000000000
0.000854000000000
0.000866000000000
0.000862000000000
0.000913000000000
0.000861000000000
0.000884000000000
0.002272000000000
0.001007000000000
0.001222000000000
0.000908000000000
0.000849000000000
0.000901000000000
0.000884000000000
0.001672000000000
0.000956000000000
0.000864000000000
0.000851000000000
0.001041000000000
0.000849000000000
0.001075000000000
0.000945000000000
0.000866000000000
0.001517000000000
0.000886000000000
0.000972000000000
0.002248000000000
0.000977000000000
0.001557000000000
0.000854000000000
0.001011000000000
0.000861000000000
0.000774000000000
0.001142000000000
0.000842000000000
0.000937000000000
0.001163000000000
0.000900000000000
0.001913000000000
0.000922000000000
0.000878000000000
0.001475000000000
0.001023000000000
0.000870000000000
0.000854000000000
0.000867000000000
0.002332000000000
0.000888000000000
0.000878000000000
0.000848000000000
0.001301000000000
0.001234000000000
0.001445000000000
0.000854000000000
0.000851000000000
0.000844000000000
0.002241000000000
0.000857000000000
0.002244000000000
0.001138000000000
0.000875000000000
0.000848000000000
0.000849000000000
0.000997000000000
0.001341000000000
0.002276000000000
0.000877000000000
0.000988000000000
0.000868000000000
0.000855000000000
0.000875000000000
0.000858000000000
0.000877000000000
0.000933000000000
0.000888000000000
0.000815000000000
0.000891000000000
0.000855000000000
0.001883000000000
0.001741000000000
0.001143000000000
0.000917000000000
0.001415000000000
0.002238000000000
0.000864000000000
0.002371000000000
0.001021000000000
0.000934000000000
0.001073000000000
0.001020000000000
0.001089000000000
0.000854000000000
0.000854000000000
0.000924000000000
0.000870000000000
0.001186000000000
0.000868000000000
0.000857000000000
0.000884000000000
0.000869000000000
0.000872000000000
0.000857000000000
0.000877000000000
0.000876000000000
0.001076000000000
0.000852000000000
0.001169000000000
0.001369000000000
0.000870000000000
0.000979000000000
0.000847000000000
0.000953000000000
0.001066000000000
0.001100000000000
0.002293000000000
0.002299000000000
0.000862000000000
0.001037000000000
0.000855000000000
0.001181000000000
0.001118000000000
0.001573000000000
0.000862000000000
0.001248000000000
0.000851000000000
0.000870000000000
0.001037000000000
0.000861000000000
0.001298000000000
0.000883000000000
0.000874000000000
0.000844000000000
0.000995000000000
0.000870000000000
0.000931000000000
0.000869000000000
0.000835000000000
0.000924000000000
0.000862000000000
0.000922000000000
0.000859000000000
0.000859000000000
0.000854000000000
0.000866000000000
0.000871000000000
0.001218000000000
0.000803000000000
0.000852000000000
0.000921000000000
0.000853000000000
0.000862000000000
0.000901000000000
0.000829000000000
0.002311000000000
0.000867000000000
0.000874000000000
0.002324000000000
0.000860000000000
0.000851000000000
0.000925000000000
0.000937000000000
0.000867000000000
0.001249000000000
0.000847000000000
0.001131000000000
0.001457000000000
0.001036000000000
0.001903000000000
0.000859000000000
0.000865000000000
0.000959000000000
0.000846000000000
0.001212000000000
0.000945000000000
0.002279000000000
0.000857000000000
0.001087000000000
0.000860000000000
0.000885000000000
0.000821000000000
0.002304000000000
0.000865000000000
0.000778000000000
0.000858000000000
0.000813000000000
0.001866000000000
0.000856000000000
0.001220000000000
0.001026000000000
0.000859000000000
0.000916000000000
0.000930000000000
0.001128000000000
0.000987000000000
0.000840000000000
0.000863000000000
0.002302000000000
0.000869000000000
0.000912000000000
0.000923000000000
0.002258000000000
0.000868000000000
0.000904000000000
0.000866000000000
0.001041000000000
0.000873000000000
0.001813000000000
0.000906000000000
0.001646000000000
0.000976000000000
0.000908000000000
0.002294000000000
0.001315000000000
0.000856000000000
0.000824000000000
0.001035000000000
0.000873000000000
0.000919000000000
0.000856000000000
0.000807000000000
0.001857000000000
0.000878000000000
0.000857000000000
0.000878000000000
0.000895000000000
0.000966000000000
0.000877000000000
0.000855000000000
0.001152000000000
0.002202000000000
0.001005000000000
0.002206000000000
0.002228000000000
0.001015000000000
0.000883000000000
0.001949000000000
0.000995000000000
0.001275000000000
0.001228000000000
0.002298000000000
0.001117000000000
0.000861000000000
0.000856000000000
0.001079000000000
0.000845000000000
0.000993000000000
0.002459000000000
0.000903000000000
0.000854000000000
0.000871000000000
0.000888000000000
0.000871000000000
0.000845000000000
0.001149000000000
0.001016000000000
0.001481000000000
0.000855000000000
0.000919000000000
0.000836000000000
0.000869000000000
0.002391000000000
0.001090000000000
0.000862000000000
0.001281000000000
0.000981000000000
0.000858000000000
0.001193000000000
0.001177000000000
0.000879000000000
0.000964000000000
0.001213000000000
0.000904000000000
0.001022000000000
0.000813000000000
0.002253000000000
0.002091000000000
0.000863000000000
0.000860000000000
0.000868000000000
0.000863000000000
0.001021000000000
0.001121000000000
0.000984000000000
0.000856000000000
0.000874000000000
0.001010000000000
0.001166000000000
0.002277000000000
0.000879000000000
0.000853000000000
0.000857000000000
0.000879000000000
0.000843000000000
0.001003000000000
0.001443000000000
0.000911000000000
0.000888000000000
0.000849000000000
0.001131000000000
0.000860000000000
0.000815000000000
0.000879000000000
0.001027000000000
0.000942000000000
0.000815000000000
0.000871000000000
0.000936000000000
0.000860000000000
0.000914000000000
0.001188000000000
0.000873000000000
0.000973000000000
0.000862000000000
0.002200000000000
0.000864000000000
0.000842000000000
0.000973000000000
0.001066000000000
0.000843000000000
0.001025000000000
0.000875000000000
0.001715000000000
0.000873000000000
0.000870000000000
0.000876000000000
0.000891000000000
0.000814000000000
0.000862000000000
0.000862000000000
0.000824000000000
0.000985000000000
0.001153000000000
0.001080000000000
0.001369000000000
0.001881000000000
0.000885000000000
0.000960000000000
0.002343000000000
0.001234000000000
0.000965000000000
0.000919000000000
0.001141000000000
0.001061000000000
0.001138000000000
0.001827000000000
0.001029000000000
0.000837000000000
0.000893000000000
0.000886000000000
0.000914000000000
0.000905000000000
0.001340000000000
0.000856000000000
0.000896000000000
0.000861000000000
0.001570000000000
0.000887000000000
0.001116000000000
0.000873000000000
0.001048000000000
0.001778000000000
0.000855000000000
0.000878000000000
0.001686000000000
0.000881000000000
0.000865000000000
0.001084000000000
0.000887000000000
0.000942000000000
0.001301000000000
0.000885000000000
0.000864000000000
0.001122000000000
0.000988000000000
0.001227000000000
0.001662000000000
0.002405000000000
0.001011000000000
0.000866000000000
0.002440000000000
0.000900000000000
0.000809000000000
0.000887000000000
0.000819000000000
0.000766000000000
0.000796000000000
0.000877000000000
0.000939000000000
0.000870000000000
0.001014000000000
0.000856000000000
0.000873000000000
0.001306000000000
0.000926000000000
0.001041000000000
0.001602000000000
0.001950000000000
0.000855000000000
0.001453000000000
0.001032000000000
0.000881000000000
0.000921000000000
0.000865000000000
0.002295000000000
0.001189000000000
0.000868000000000
0.000897000000000
0.000868000000000
0.000887000000000
0.000867000000000
0.000875000000000
0.001276000000000
0.000870000000000
0.001275000000000
0.000869000000000
0.000854000000000
0.000885000000000
0.000858000000000
0.001203000000000
0.001243000000000
0.000883000000000
0.000962000000000
0.001403000000000
0.001133000000000
0.001736000000000
0.000884000000000
0.000864000000000
0.000846000000000
0.001201000000000
0.001990000000000
0.002322000000000
0.001184000000000
0.000859000000000
0.000898000000000
0.000884000000000
0.000846000000000
0.002028000000000
0.000881000000000
0.000878000000000
0.000850000000000
0.000838000000000
0.000936000000000
0.000906000000000
0.000876000000000
0.000853000000000
0.000946000000000
0.000870000000000
0.001834000000000
0.000861000000000
0.000831000000000
0.000963000000000
0.000844000000000
0.000880000000000
0.000851000000000
0.000913000000000
0.000852000000000
0.000927000000000
0.000857000000000
0.000854000000000
0.001395000000000
0.000952000000000
0.001842000000000
0.001003000000000
0.000947000000000
0.000931000000000
0.000865000000000
0.000937000000000
0.001328000000000
0.000895000000000
0.000871000000000
0.001895000000000
0.000933000000000
0.000919000000000
0.000885000000000
0.000878000000000
0.000891000000000
0.002087000000000
0.000946000000000
0.001251000000000
0.000895000000000
0.000975000000000
0.001211000000000
0.002273000000000
0.000902000000000
0.000935000000000
0.000877000000000
0.000878000000000
0.001136000000000
0.000885000000000
0.000845000000000
0.000868000000000
0.000866000000000
0.000987000000000
0.000869000000000
0.000853000000000
0.000860000000000
0.000854000000000
0.001110000000000
0.000876000000000
0.001046000000000
0.000870000000000
0.000840000000000
0.001285000000000
0.000860000000000
0.000854000000000
0.000861000000000
0.000867000000000
0.000897000000000
0.002317000000000
0.000865000000000
0.001207000000000
0.000881000000000
0.000959000000000
0.000898000000000
0.001256000000000
0.001088000000000
0.001422000000000
0.001004000000000
0.000855000000000
0.000858000000000
0.000916000000000
0.001100000000000
0.000940000000000
0.001170000000000
0.000858000000000
0.000869000000000
0.000856000000000
0.000882000000000
0.000857000000000
0.000919000000000
0.000854000000000
0.000859000000000
0.001021000000000
0.001043000000000
0.000984000000000
0.000879000000000
0.000825000000000
0.000874000000000
0.000908000000000
0.000934000000000
0.000975000000000
0.001255000000000
0.000832000000000
0.000854000000000
0.000981000000000
0.002275000000000
0.000906000000000
0.000879000000000
0.000874000000000
0.000880000000000
0.002327000000000
0.001048000000000
0.001805000000000
0.000860000000000
0.001028000000000
0.000870000000000
0.001633000000000
0.001090000000000
0.001052000000000
0.000890000000000
0.001227000000000
0.000830000000000
0.000871000000000
0.000957000000000
0.000854000000000
0.000877000000000
0.000879000000000
0.000861000000000
0.001894000000000
0.000932000000000
0.000871000000000
0.000909000000000
0.000899000000000
0.000886000000000
0.000874000000000
0.000985000000000
0.001228000000000
0.000880000000000
0.001435000000000
0.000867000000000
0.000870000000000
0.001175000000000
0.000863000000000
0.001044000000000
0.000823000000000
0.001234000000000
0.000917000000000
0.001213000000000
0.001430000000000
0.000927000000000
0.000865000000000
0.002309000000000
0.000861000000000
