0.001239000000000
0.000907000000000
0.000971000000000
0.000802000000000
0.000832000000000
0.000835000000000
0.000930000000000
0.000762000000000
0.000839000000000
0.000820000000000
0.000842000000000
0.000775000000000
0.000844000000000
0.000892000000000
0.000837000000000
0.000834000000000
0.000819000000000
0.000833000000000
0.000874000000000
0.000829000000000
0.000837000000000
0.000979000000000
0.001049000000000
0.000872000000000
0.000872000000000
0.000920000000000
0.001943000000000
0.000833000000000
0.001048000000000
0.001054000000000
0.001756000000000
0.000838000000000
0.000791000000000
0.000857000000000
0.000843000000000
0.000874000000000
0.000854000000000
0.000841000000000
0.000803000000000
0.000862000000000
0.000880000000000
0.000774000000000
0.000857000000000
0.001135000000000
0.001032000000000
0.000856000000000
0.000873000000000
0.000869000000000
0.002229000000000
0.000848000000000
0.000868000000000
0.000837000000000
0.000770000000000
0.000862000000000
0.000841000000000
0.000841000000000
0.001551000000000
0.002147000000000
0.001113000000000
0.000833000000000
0.000833000000000
0.000832000000000
0.000810000000000
0.001245000000000
0.000885000000000
0.002336000000000
0.000980000000000
0.000897000000000
0.000874000000000
0.000784000000000
0.000896000000000
0.000853000000000
0.000939000000000
0.000852000000000
0.000815000000000
0.000830000000000
0.000950000000000
0.000858000000000
0.000877000000000
0.000831000000000
0.000849000000000
0.001075000000000
0.001937000000000
0.000810000000000
0.000964000000000
0.001212000000000
0.000807000000000
0.002043000000000
0.000850000000000
0.002477000000000
0.000854000000000
0.001206000000000
0.001409000000000
0.000859000000000
0.000871000000000
0.001419000000000
0.000901000000000
0.000866000000000
0.000938000000000
