0.001201000000000
0.001279000000000
0.000849000000000
0.000839000000000
0.000853000000000
0.000839000000000
0.000858000000000
0.000794000000000
0.000764000000000
0.000844000000000
0.001034000000000
0.000818000000000
0.000891000000000
0.000961000000000
0.000850000000000
0.000941000000000
0.000846000000000
0.000804000000000
0.000851000000000
0.000904000000000
0.000864000000000
0.000965000000000
0.001002000000000
0.001957000000000
0.000847000000000
0.001003000000000
0.000811000000000
0.000918000000000
0.000999000000000
0.000942000000000
0.000859000000000
0.000778000000000
0.000811000000000
0.000862000000000
0.000852000000000
0.000893000000000
0.001012000000000
0.001110000000000
0.000849000000000
0.000890000000000
0.000917000000000
0.000758000000000
0.000839000000000
0.000794000000000
0.000846000000000
0.001123000000000
0.000980000000000
0.000864000000000
0.000833000000000
0.000873000000000
0.000993000000000
0.000839000000000
0.000778000000000
0.000849000000000
0.000844000000000
0.000848000000000
0.000891000000000
0.000849000000000
0.000791000000000
0.000810000000000
0.000839000000000
0.000865000000000
0.000787000000000
0.000854000000000
0.000938000000000
0.000879000000000
0.000855000000000
0.000984000000000
0.001145000000000
0.000932000000000
0.000860000000000
0.000875000000000
0.000859000000000
0.001011000000000
0.001140000000000
0.000993000000000
0.001424000000000
0.000909000000000
0.001783000000000
0.001530000000000
0.000934000000000
0.000989000000000
0.000852000000000
0.000847000000000
0.000921000000000
0.000852000000000
0.000857000000000
0.000893000000000
0.001111000000000
0.000880000000000
0.000810000000000
0.000826000000000
0.000907000000000
0.000850000000000
0.001951000000000
0.002208000000000
0.001089000000000
0.000847000000000
0.000859000000000
