0.000904000000000
0.000826000000000
0.000773000000000
0.000864000000000
0.001164000000000
0.001032000000000
0.000922000000000
0.001686000000000
0.001906000000000
0.000829000000000
0.000875000000000
0.000931000000000
0.000844000000000
0.000857000000000
0.001359000000000
0.000833000000000
0.000805000000000
0.000804000000000
0.000839000000000
0.000870000000000
0.000864000000000
0.001357000000000
0.000816000000000
0.000821000000000
0.000969000000000
0.000793000000000
0.002737000000000
0.000967000000000
0.000854000000000
0.001109000000000
0.001723000000000
0.000845000000000
0.001033000000000
0.000873000000000
0.000889000000000
0.000852000000000
0.000844000000000
0.000839000000000
0.000873000000000
0.000837000000000
0.000857000000000
0.002238000000000
0.000935000000000
0.000832000000000
0.001028000000000
0.000995000000000
0.001474000000000
0.001433000000000
0.000824000000000
0.000836000000000
0.000990000000000
0.001674000000000
0.001912000000000
0.001848000000000
0.001008000000000
0.001229000000000
0.000841000000000
0.001322000000000
0.000849000000000
0.000845000000000
0.000809000000000
0.000845000000000
0.000804000000000
0.002172000000000
0.000799000000000
0.001028000000000
0.000885000000000
0.000949000000000
0.001312000000000
0.000860000000000
0.000838000000000
0.000763000000000
0.000860000000000
0.001379000000000
0.000856000000000
0.000927000000000
0.000968000000000
0.000966000000000
0.000896000000000
0.000788000000000
0.000934000000000
0.000887000000000
0.000846000000000
0.000837000000000
0.002030000000000
0.000849000000000
0.000848000000000
0.001594000000000
0.002939000000000
0.000854000000000
0.000837000000000
0.001271000000000
0.001533000000000
0.000883000000000
0.001095000000000
0.000986000000000
0.000850000000000
0.000854000000000
0.002099000000000
0.002270000000000
0.000898000000000
0.001101000000000
0.000850000000000
0.000968000000000
0.000886000000000
0.000797000000000
0.000841000000000
0.000834000000000
0.000796000000000
0.000824000000000
0.000998000000000
0.000867000000000
0.002040000000000
0.000863000000000
0.000838000000000
0.000892000000000
0.000841000000000
0.000855000000000
0.001175000000000
0.000844000000000
0.000891000000000
0.001558000000000
0.000843000000000
0.000910000000000
0.001219000000000
0.001144000000000
0.000842000000000
0.000846000000000
0.001069000000000
0.000847000000000
0.000861000000000
0.001275000000000
0.000870000000000
0.001165000000000
0.000963000000000
0.000848000000000
0.000997000000000
0.000834000000000
0.000890000000000
0.000827000000000
0.000869000000000
0.000929000000000
0.001196000000000
0.000978000000000
0.000862000000000
0.000841000000000
0.001233000000000
0.001649000000000
0.000896000000000
0.000906000000000
0.000857000000000
0.001553000000000
0.000844000000000
0.000945000000000
0.000894000000000
0.001707000000000
0.000867000000000
0.000840000000000
0.001228000000000
0.002611000000000
0.000857000000000
0.000972000000000
0.000889000000000
0.002178000000000
0.000843000000000
0.000834000000000
0.000857000000000
0.000928000000000
0.000835000000000
0.000972000000000
0.000858000000000
0.001254000000000
0.000883000000000
0.001016000000000
0.000850000000000
0.000856000000000
0.000858000000000
0.000901000000000
0.001818000000000
0.000879000000000
0.001065000000000
0.001075000000000
0.000854000000000
0.000839000000000
0.001215000000000
0.000864000000000
0.000883000000000
0.001032000000000
0.000839000000000
0.001264000000000
0.000848000000000
0.000839000000000
0.000771000000000
0.000843000000000
0.001038000000000
0.002000000000000
0.000856000000000
0.001076000000000
0.000851000000000
0.000852000000000
0.001165000000000
0.000836000000000
0.001166000000000
0.002288000000000
0.000910000000000
0.001040000000000
0.000833000000000
0.000844000000000
0.001014000000000
0.000864000000000
0.000901000000000
0.000839000000000
0.001686000000000
0.001882000000000
0.000841000000000
0.000855000000000
0.001982000000000
0.001875000000000
0.001905000000000
0.000907000000000
0.002260000000000
0.001723000000000
0.000836000000000
0.000857000000000
0.000867000000000
0.000967000000000
0.000962000000000
0.000933000000000
0.000851000000000
0.000864000000000
0.000836000000000
0.000849000000000
0.002454000000000
0.000869000000000
0.002473000000000
0.000844000000000
0.001042000000000
0.000844000000000
0.000871000000000
0.000859000000000
0.000989000000000
0.000863000000000
0.001647000000000
0.001680000000000
0.001730000000000
0.000853000000000
0.000854000000000
0.001052000000000
0.002281000000000
0.000863000000000
0.000854000000000
0.000850000000000
0.000839000000000
0.000795000000000
0.000821000000000
0.001025000000000
0.000853000000000
0.001224000000000
0.001996000000000
0.000911000000000
0.000866000000000
0.000838000000000
0.000900000000000
0.001041000000000
0.002224000000000
0.000860000000000
0.001014000000000
0.000812000000000
0.000842000000000
0.000873000000000
0.000901000000000
0.000868000000000
0.000931000000000
0.000974000000000
0.000880000000000
0.000839000000000
0.001862000000000
0.000925000000000
0.000938000000000
0.000855000000000
0.000848000000000
0.000847000000000
0.000851000000000
0.001048000000000
0.001280000000000
0.000893000000000
0.000837000000000
0.000944000000000
0.001036000000000
0.001058000000000
0.000869000000000
0.000972000000000
0.001015000000000
0.000863000000000
0.000862000000000
0.000982000000000
0.000948000000000
0.000828000000000
0.000853000000000
0.000836000000000
0.001273000000000
0.000926000000000
0.000925000000000
0.001306000000000
0.001025000000000
0.001011000000000
0.000832000000000
0.000963000000000
0.001026000000000
0.000905000000000
0.000909000000000
0.002043000000000
0.000857000000000
0.000839000000000
0.000858000000000
0.000889000000000
0.002356000000000
0.000823000000000
0.000847000000000
0.000873000000000
0.000854000000000
0.000944000000000
0.000945000000000
0.000904000000000
0.000978000000000
0.000835000000000
0.000846000000000
0.000835000000000
0.001823000000000
0.000867000000000
0.001050000000000
0.000849000000000
0.000860000000000
0.000855000000000
0.000859000000000
0.000975000000000
0.000813000000000
0.000964000000000
0.000864000000000
0.000888000000000
0.000899000000000
0.000946000000000
0.000899000000000
0.000845000000000
0.000829000000000
0.000852000000000
0.000994000000000
0.001159000000000
0.001003000000000
0.000848000000000
0.000800000000000
0.000957000000000
0.001212000000000
0.001014000000000
0.001192000000000
0.000922000000000
0.000981000000000
0.001352000000000
0.000854000000000
0.001077000000000
0.000885000000000
0.000813000000000
0.000855000000000
0.000863000000000
0.000879000000000
0.000901000000000
0.000839000000000
0.001988000000000
0.000854000000000
0.000933000000000
0.000892000000000
0.001027000000000
0.001898000000000
0.001731000000000
0.001541000000000
0.000928000000000
0.001059000000000
0.000979000000000
0.000870000000000
0.001242000000000
0.000903000000000
0.001652000000000
0.000866000000000
0.000841000000000
0.000813000000000
0.001425000000000
0.001035000000000
0.000875000000000
0.000837000000000
0.000975000000000
0.000890000000000
0.000879000000000
0.000846000000000
0.000919000000000
0.000852000000000
0.000986000000000
0.000859000000000
0.000843000000000
0.000865000000000
0.000855000000000
0.000857000000000
0.002750000000000
0.000876000000000
0.000865000000000
0.000916000000000
0.000965000000000
0.001631000000000
0.000963000000000
0.002195000000000
0.001244000000000
0.000800000000000
0.001548000000000
0.000935000000000
0.001220000000000
0.000856000000000
0.000831000000000
0.000862000000000
0.000825000000000
0.000925000000000
0.000987000000000
0.001491000000000
0.000852000000000
0.001014000000000
0.002275000000000
0.000910000000000
0.001147000000000
0.000805000000000
0.001062000000000
0.000851000000000
0.000851000000000
0.000872000000000
0.001394000000000
0.000854000000000
0.000835000000000
0.000896000000000
0.001000000000000
0.000889000000000
0.000852000000000
0.002249000000000
0.001196000000000
0.002218000000000
0.000991000000000
0.001050000000000
0.000849000000000
0.000841000000000
0.000839000000000
0.000864000000000
0.000897000000000
0.001812000000000
0.001207000000000
0.001094000000000
0.001450000000000
0.000901000000000
0.001093000000000
0.000850000000000
0.000852000000000
0.001216000000000
0.000846000000000
0.000877000000000
0.001776000000000
0.000992000000000
0.001024000000000
0.002188000000000
0.000847000000000
0.000872000000000
0.000863000000000
0.000898000000000
0.001209000000000
0.001193000000000
0.001002000000000
0.000856000000000
0.000825000000000
0.001738000000000
0.000958000000000
0.001306000000000
0.000854000000000
0.000897000000000
0.000983000000000
0.001225000000000
0.002244000000000
0.001031000000000
0.000835000000000
0.001879000000000
0.000853000000000
0.000841000000000
0.000876000000000
0.001947000000000
0.000873000000000
0.000901000000000
0.000828000000000
0.000853000000000
0.000848000000000
0.000968000000000
0.000858000000000
0.000851000000000
0.001186000000000
0.002303000000000
0.002334000000000
0.002218000000000
0.000839000000000
0.000778000000000
0.000860000000000
0.000772000000000
0.001164000000000
0.000919000000000
0.000864000000000
0.002199000000000
0.001197000000000
0.000769000000000
0.001058000000000
0.000808000000000
0.001640000000000
0.001193000000000
0.000868000000000
0.000907000000000
0.000870000000000
0.002256000000000
0.001127000000000
0.000860000000000
0.001838000000000
0.000836000000000
0.002287000000000
0.000948000000000
0.000861000000000
0.000841000000000
0.000858000000000
0.000846000000000
0.001200000000000
0.001341000000000
0.000816000000000
0.001529000000000
0.002281000000000
0.001179000000000
0.000946000000000
0.000929000000000
0.001159000000000
0.000968000000000
0.001258000000000
0.000864000000000
0.000850000000000
0.000856000000000
0.000827000000000
0.000856000000000
0.002124000000000
0.000791000000000
0.000982000000000
0.001720000000000
0.000837000000000
0.001167000000000
0.001035000000000
0.000806000000000
0.001156000000000
0.000903000000000
0.000887000000000
0.001191000000000
0.000853000000000
0.001055000000000
0.002274000000000
0.000900000000000
0.000862000000000
0.002051000000000
0.000996000000000
0.000815000000000
0.000842000000000
0.000834000000000
0.000968000000000
0.000859000000000
0.000845000000000
0.000979000000000
0.001177000000000
0.000926000000000
0.000801000000000
0.000869000000000
0.000876000000000
0.000855000000000
0.000857000000000
0.000785000000000
0.000780000000000
0.000848000000000
0.000921000000000
0.000800000000000
0.001411000000000
0.000837000000000
0.000983000000000
0.002296000000000
0.000942000000000
0.000885000000000
0.000859000000000
0.000779000000000
0.001076000000000
0.001855000000000
0.000892000000000
0.000857000000000
0.002212000000000
0.000872000000000
0.000869000000000
0.000850000000000
0.000875000000000
0.000960000000000
0.000873000000000
0.001048000000000
0.001116000000000
0.000864000000000
0.001578000000000
0.001748000000000
0.000898000000000
0.000831000000000
0.001258000000000
0.001216000000000
0.000998000000000
0.000858000000000
0.000865000000000
0.001014000000000
0.000975000000000
0.000957000000000
0.000996000000000
0.000872000000000
0.001090000000000
0.002227000000000
0.000838000000000
0.000847000000000
0.000860000000000
0.000851000000000
0.001539000000000
0.001030000000000
0.000849000000000
0.000861000000000
0.000879000000000
0.000864000000000
0.000807000000000
0.002376000000000
0.000876000000000
0.001820000000000
0.000809000000000
0.000950000000000
0.000864000000000
0.000890000000000
0.000866000000000
0.000878000000000
0.000846000000000
0.001126000000000
0.000860000000000
0.001244000000000
0.000813000000000
0.000839000000000
0.000885000000000
0.000842000000000
0.000841000000000
0.001669000000000
0.002403000000000
0.000865000000000
0.000846000000000
0.000859000000000
0.000873000000000
0.000775000000000
0.001184000000000
0.000871000000000
0.001188000000000
0.000949000000000
0.000859000000000
0.002258000000000
0.000873000000000
0.001712000000000
0.000857000000000
0.000855000000000
0.001291000000000
0.000860000000000
0.001095000000000
0.001101000000000
0.000876000000000
0.000901000000000
0.000848000000000
0.000853000000000
0.000856000000000
0.000872000000000
0.001656000000000
0.001207000000000
0.001464000000000
0.000845000000000
0.000910000000000
0.001205000000000
0.000893000000000
0.000893000000000
0.000839000000000
0.000856000000000
0.000862000000000
0.001203000000000
0.000842000000000
0.000861000000000
0.001745000000000
0.000958000000000
0.001104000000000
0.000859000000000
0.000854000000000
0.000887000000000
0.001040000000000
0.001790000000000
0.000896000000000
0.001280000000000
0.000851000000000
0.000820000000000
0.000806000000000
0.000979000000000
0.000831000000000
0.000876000000000
0.001082000000000
0.000842000000000
0.000768000000000
0.000873000000000
0.000927000000000
0.001012000000000
0.001100000000000
0.000860000000000
0.000934000000000
0.000838000000000
0.000858000000000
0.000867000000000
0.000992000000000
0.000871000000000
0.001815000000000
0.000833000000000
0.000988000000000
0.000868000000000
0.002186000000000
0.001678000000000
0.000865000000000
0.002264000000000
0.000803000000000
0.002257000000000
0.000963000000000
0.000901000000000
0.000898000000000
0.001073000000000
0.001174000000000
0.001595000000000
0.000850000000000
0.001009000000000
0.001104000000000
0.000924000000000
0.000857000000000
0.000857000000000
0.000813000000000
0.001051000000000
0.001261000000000
0.000900000000000
0.000859000000000
0.000850000000000
0.001190000000000
0.002248000000000
0.000879000000000
0.000873000000000
0.001314000000000
0.000857000000000
0.000860000000000
0.000913000000000
0.000908000000000
0.001219000000000
0.000850000000000
0.001077000000000
0.000886000000000
0.000869000000000
0.000982000000000
0.000848000000000
0.001211000000000
0.001315000000000
0.000855000000000
0.001053000000000
0.000887000000000
0.000948000000000
0.000983000000000
0.000851000000000
0.000840000000000
0.001225000000000
0.000850000000000
0.000871000000000
0.002347000000000
0.001455000000000
0.000852000000000
0.000882000000000
0.000947000000000
0.000858000000000
0.000846000000000
0.002301000000000
0.000877000000000
0.000859000000000
0.000847000000000
0.000934000000000
0.000989000000000
0.000914000000000
0.000864000000000
0.000824000000000
0.000856000000000
0.001042000000000
0.000859000000000
0.001218000000000
0.001287000000000
0.002295000000000
0.001217000000000
0.000913000000000
0.001996000000000
0.000913000000000
0.000836000000000
0.000882000000000
0.000847000000000
0.000929000000000
0.000863000000000
0.000888000000000
0.000990000000000
0.000854000000000
0.000847000000000
0.001193000000000
0.001157000000000
0.000906000000000
0.000867000000000
0.000876000000000
0.001259000000000
0.000825000000000
0.000898000000000
0.000918000000000
0.000840000000000
0.002791000000000
0.000949000000000
0.000995000000000
0.002301000000000
0.000852000000000
0.000771000000000
0.002015000000000
0.000876000000000
0.000854000000000
0.001044000000000
0.001842000000000
0.001908000000000
0.001073000000000
0.000854000000000
0.001145000000000
0.000962000000000
0.001190000000000
0.001254000000000
0.000956000000000
0.000858000000000
0.000817000000000
0.000969000000000
0.001024000000000
0.001446000000000
0.000850000000000
0.000868000000000
0.001209000000000
0.001113000000000
0.000875000000000
0.002034000000000
0.000880000000000
0.000873000000000
0.000859000000000
0.000988000000000
0.000863000000000
0.001058000000000
0.000861000000000
0.000857000000000
0.000991000000000
0.000842000000000
0.000868000000000
0.000959000000000
0.000909000000000
0.000902000000000
0.000922000000000
0.000902000000000
0.000954000000000
0.000982000000000
0.000883000000000
0.000944000000000
0.000807000000000
0.000810000000000
0.001529000000000
0.001057000000000
0.000900000000000
0.001172000000000
0.000862000000000
0.000867000000000
0.000862000000000
0.000878000000000
0.001500000000000
0.002260000000000
0.000870000000000
0.000864000000000
0.001078000000000
0.000870000000000
0.001153000000000
0.000820000000000
0.001119000000000
0.000853000000000
0.000849000000000
0.001995000000000
0.000879000000000
0.001347000000000
0.000855000000000
0.000817000000000
0.000866000000000
0.001891000000000
0.001023000000000
0.002006000000000
0.000847000000000
0.000828000000000
0.001059000000000
0.000875000000000
0.002407000000000
0.000861000000000
0.000964000000000
0.000864000000000
0.000885000000000
0.000825000000000
0.001376000000000
0.000846000000000
0.001185000000000
0.001077000000000
0.000842000000000
0.000916000000000
0.001431000000000
0.000824000000000
0.000872000000000
0.000865000000000
0.000910000000000
0.000923000000000
0.000866000000000
0.000976000000000
0.001122000000000
0.000848000000000
0.000865000000000
0.000923000000000
0.000846000000000
0.000903000000000
0.001067000000000
0.000867000000000
0.000814000000000
0.000866000000000
0.000865000000000
0.001026000000000
0.000855000000000
0.000868000000000
0.001567000000000
0.000833000000000
0.002301000000000
0.000845000000000
0.000938000000000
0.000893000000000
0.000807000000000
0.001098000000000
0.000965000000000
0.000809000000000
0.000952000000000
0.001024000000000
0.000891000000000
0.000978000000000
0.000861000000000
0.000865000000000
0.000879000000000
0.000912000000000
0.000998000000000
0.000808000000000
0.000855000000000
0.000840000000000
0.002463000000000
0.000859000000000
0.001846000000000
0.000941000000000
0.001113000000000
0.000914000000000
0.001567000000000
0.000956000000000
0.000931000000000
0.001031000000000
0.000864000000000
0.000952000000000
0.001000000000000
0.000815000000000
0.000835000000000
0.000836000000000
0.001238000000000
0.000922000000000
0.001179000000000
0.001104000000000
0.000873000000000
0.000862000000000
0.000862000000000
0.000962000000000
0.000939000000000
0.000943000000000
0.000958000000000
0.000860000000000
0.000916000000000
0.001080000000000
0.001054000000000
0.000817000000000
0.000857000000000
0.001118000000000
0.000902000000000
0.000876000000000
0.000856000000000
0.001825000000000
0.000869000000000
