0.007007000000000
0.008309000000000
0.007713000000000
0.006164000000000
0.007227000000000
0.006330000000000
0.004713000000000
0.004838000000000
0.006485000000000
0.006671000000000
0.006580000000000
0.006774000000000
0.005262000000000
0.004952000000000
0.005355000000000
0.005454000000000
0.006024000000000
0.006901000000000
0.005712000000000
0.005063000000000
0.005216000000000
0.004587000000000
0.004674000000000
0.004896000000000
0.004799000000000
0.004798000000000
0.005128000000000
0.005023000000000
0.006709000000000
0.005609000000000
0.006836000000000
0.004586000000000
0.006133000000000
0.006996000000000
0.005240000000000
0.005772000000000
0.004630000000000
0.004558000000000
0.007231000000000
0.005826000000000
0.005735000000000
0.007364000000000
0.006660000000000
0.005245000000000
0.004611000000000
0.004604000000000
0.005083000000000
0.004989000000000
0.004729000000000
0.006758000000000
0.005537000000000
0.004610000000000
0.004505000000000
0.004895000000000
0.006030000000000
0.004846000000000
0.006365000000000
0.005035000000000
0.006566000000000
0.005789000000000
0.006812000000000
0.004894000000000
0.004629000000000
0.004475000000000
0.008732000000000
0.005033000000000
0.005983000000000
0.006425000000000
0.005935000000000
0.006250000000000
0.005455000000000
0.005589000000000
0.004656000000000
0.004651000000000
0.006987000000000
0.004724000000000
0.006908000000000
0.004714000000000
0.007709000000000
0.005909000000000
0.006671000000000
0.005489000000000
0.005712000000000
0.009457000000000
0.005723000000000
0.005631000000000
0.006360000000000
0.004679000000000
0.006310000000000
0.005095000000000
0.004654000000000
0.004641000000000
0.006137000000000
0.004450000000000
0.004932000000000
0.004659000000000
0.007616000000000
0.008141000000000
0.005714000000000
0.006209000000000
0.004876000000000
0.004622000000000
0.005994000000000
0.004729000000000
0.004675000000000
0.004975000000000
0.004738000000000
0.006441000000000
0.006924000000000
0.006539000000000
0.004757000000000
0.004998000000000
0.004578000000000
0.006730000000000
0.005814000000000
0.006685000000000
0.008332000000000
0.005333000000000
0.004752000000000
0.005051000000000
0.004623000000000
0.004862000000000
0.004993000000000
0.005865000000000
0.004647000000000
0.006192000000000
0.006697000000000
0.006129000000000
0.007485000000000
0.004835000000000
0.007546000000000
0.007336000000000
0.005457000000000
0.005730000000000
0.008017000000000
0.005027000000000
0.004755000000000
0.004777000000000
0.007203000000000
0.005092000000000
0.004675000000000
0.006326000000000
0.006780000000000
0.005013000000000
0.007652000000000
0.005221000000000
0.004369000000000
0.004552000000000
0.005813000000000
0.004508000000000
0.004495000000000
0.008638000000000
0.006554000000000
0.004536000000000
0.005354000000000
0.006712000000000
0.005161000000000
0.004497000000000
0.006665000000000
0.006280000000000
0.006305000000000
0.004521000000000
0.005677000000000
0.004497000000000
0.007166000000000
0.005844000000000
0.004763000000000
0.004473000000000
0.004511000000000
0.004385000000000
0.005793000000000
0.004553000000000
0.004499000000000
0.006673000000000
0.005775000000000
0.004585000000000
0.005343000000000
0.004710000000000
0.006499000000000
0.008374000000000
0.005675000000000
0.004543000000000
0.005346000000000
0.006522000000000
0.004868000000000
0.005448000000000
0.007691000000000
0.005053000000000
0.004913000000000
0.004315000000000
0.005490000000000
0.006452000000000
0.006146000000000
0.005949000000000
0.004615000000000
0.005077000000000
0.006424000000000
0.007855000000000
0.004461000000000
0.005293000000000
0.004587000000000
0.005832000000000
0.005508000000000
0.006755000000000
0.004389000000000
0.007049000000000
0.005582000000000
0.005728000000000
0.004694000000000
0.006504000000000
0.006357000000000
0.005277000000000
0.004665000000000
0.006576000000000
0.005162000000000
0.005069000000000
0.004849000000000
0.006697000000000
0.006165000000000
0.006104000000000
0.005166000000000
0.004517000000000
0.006249000000000
0.007286000000000
0.004716000000000
0.004845000000000
0.006234000000000
0.006686000000000
0.006883000000000
0.004630000000000
0.006518000000000
0.006567000000000
0.005332000000000
0.006635000000000
0.007350000000000
0.005538000000000
0.004338000000000
0.004586000000000
0.007599000000000
0.007305000000000
0.005943000000000
0.004437000000000
0.006453000000000
0.005457000000000
0.004817000000000
0.005687000000000
0.004580000000000
0.005270000000000
0.007500000000000
0.007610000000000
0.006210000000000
0.004679000000000
0.006553000000000
0.006355000000000
0.004864000000000
0.005878000000000
0.005890000000000
0.004534000000000
0.004463000000000
0.005548000000000
0.005797000000000
0.006374000000000
0.004573000000000
0.004787000000000
0.005154000000000
0.006204000000000
0.004502000000000
0.004560000000000
0.006515000000000
0.004365000000000
0.007509000000000
0.006320000000000
0.090885000000000
0.006341000000000
0.005085000000000
0.004514000000000
0.004478000000000
0.004558000000000
0.004388000000000
0.005634000000000
0.006912000000000
0.004487000000000
0.004789000000000
0.007477000000000
0.004695000000000
0.004406000000000
0.004832000000000
0.007572000000000
0.004887000000000
0.006118000000000
0.006010000000000
0.006797000000000
0.006452000000000
0.005722000000000
0.004537000000000
0.004921000000000
0.004977000000000
0.004441000000000
0.007060000000000
0.006809000000000
0.004732000000000
0.004416000000000
0.006611000000000
0.008699000000000
0.005545000000000
0.004671000000000
0.004495000000000
0.006762000000000
0.004408000000000
0.004538000000000
0.004419000000000
0.006442000000000
0.005342000000000
0.004759000000000
0.007637000000000
0.005551000000000
0.009278000000000
0.005909000000000
0.005614000000000
0.004403000000000
0.006400000000000
0.006670000000000
0.005759000000000
0.006755000000000
0.004654000000000
0.006702000000000
0.007422000000000
0.006840000000000
0.005006000000000
0.006188000000000
0.004560000000000
0.004660000000000
0.004542000000000
0.004548000000000
0.004527000000000
0.005403000000000
0.007307000000000
0.004997000000000
0.004895000000000
0.006276000000000
0.006460000000000
0.005939000000000
0.004222000000000
0.004492000000000
0.006445000000000
0.006181000000000
0.007770000000000
0.006505000000000
0.004727000000000
0.008412000000000
0.005580000000000
0.006833000000000
0.004654000000000
0.006633000000000
0.005339000000000
0.005703000000000
0.005412000000000
0.007260000000000
0.006438000000000
0.005282000000000
0.007097000000000
0.004530000000000
0.005806000000000
0.004832000000000
0.006823000000000
0.007720000000000
0.004721000000000
0.007098000000000
0.004544000000000
0.006504000000000
0.009445000000000
0.006887000000000
0.004484000000000
0.004826000000000
0.006460000000000
0.004610000000000
0.004847000000000
0.006712000000000
0.005422000000000
0.005665000000000
0.004571000000000
0.004399000000000
0.004432000000000
0.004718000000000
0.004409000000000
0.006436000000000
0.005556000000000
0.005686000000000
0.005700000000000
0.007079000000000
0.004576000000000
0.004947000000000
0.004744000000000
0.005991000000000
0.004510000000000
0.006724000000000
0.004715000000000
0.081860000000000
0.005856000000000
0.005484000000000
0.005308000000000
0.007112000000000
0.006652000000000
0.004523000000000
0.004615000000000
0.004921000000000
0.005932000000000
0.004439000000000
0.004923000000000
0.005432000000000
0.004881000000000
0.004892000000000
0.004698000000000
0.004745000000000
0.006426000000000
0.006610000000000
0.004565000000000
0.004726000000000
0.005763000000000
0.007001000000000
0.005166000000000
0.007601000000000
0.005946000000000
0.005486000000000
0.005951000000000
0.006566000000000
0.004731000000000
0.007654000000000
0.006265000000000
0.006713000000000
0.007432000000000
0.005072000000000
0.004659000000000
0.007033000000000
0.004717000000000
0.006956000000000
0.006118000000000
0.004435000000000
0.004645000000000
0.004467000000000
0.006167000000000
0.005196000000000
0.004947000000000
0.006263000000000
0.006093000000000
0.005373000000000
0.005056000000000
0.004564000000000
0.005287000000000
0.005906000000000
0.006615000000000
0.007644000000000
0.004576000000000
0.004705000000000
0.004677000000000
0.005851000000000
0.004544000000000
0.004899000000000
0.006077000000000
0.005992000000000
0.005918000000000
0.009010000000000
0.006585000000000
0.006384000000000
0.005458000000000
0.006665000000000
0.004693000000000
0.004544000000000
0.004490000000000
0.005207000000000
0.004524000000000
0.005210000000000
0.006764000000000
0.004964000000000
0.004730000000000
0.004572000000000
0.006976000000000
0.007731000000000
0.006405000000000
0.004577000000000
0.004968000000000
0.004546000000000
0.006054000000000
0.007515000000000
0.006304000000000
0.004486000000000
0.009041000000000
0.004600000000000
0.004708000000000
0.005541000000000
0.004509000000000
0.006710000000000
0.006122000000000
0.006259000000000
0.005938000000000
0.004781000000000
0.006702000000000
0.004432000000000
0.004716000000000
0.006276000000000
0.005062000000000
0.005523000000000
0.009416000000000
0.005791000000000
0.004547000000000
0.004720000000000
0.005506000000000
0.004407000000000
0.005936000000000
0.005305000000000
0.005400000000000
0.004416000000000
0.005044000000000
0.004970000000000
0.005526000000000
0.004923000000000
0.006538000000000
0.005635000000000
0.005221000000000
0.004800000000000
0.006549000000000
0.005516000000000
0.007055000000000
0.005034000000000
0.006087000000000
0.006322000000000
0.004798000000000
0.004526000000000
0.004660000000000
0.004818000000000
0.006925000000000
0.004685000000000
0.005956000000000
0.007158000000000
0.004986000000000
0.005647000000000
0.004515000000000
0.004863000000000
0.006074000000000
0.005817000000000
0.004798000000000
0.006386000000000
0.006136000000000
0.006544000000000
0.005580000000000
0.007034000000000
0.007348000000000
0.004736000000000
0.004666000000000
0.004479000000000
0.004436000000000
0.006431000000000
0.006349000000000
0.004807000000000
0.007211000000000
0.004993000000000
0.006259000000000
0.005165000000000
0.005052000000000
0.005555000000000
0.004738000000000
0.004608000000000
0.005335000000000
0.004956000000000
0.007711000000000
0.006778000000000
0.007794000000000
0.005887000000000
0.006490000000000
0.006486000000000
0.004745000000000
0.004503000000000
0.004478000000000
0.006146000000000
0.007373000000000
0.004837000000000
0.006961000000000
0.007207000000000
0.004593000000000
0.004622000000000
0.004912000000000
0.005378000000000
0.004882000000000
0.005336000000000
0.004835000000000
0.004431000000000
0.006425000000000
0.005678000000000
0.007783000000000
0.007364000000000
0.009008000000000
0.006077000000000
0.005586000000000
0.006177000000000
0.006415000000000
0.004614000000000
0.004802000000000
0.004560000000000
0.007495000000000
0.006882000000000
0.005684000000000
0.007897000000000
0.006769000000000
0.007929000000000
0.004494000000000
0.005995000000000
0.005096000000000
0.004498000000000
0.007043000000000
0.004434000000000
0.004788000000000
0.004895000000000
0.005478000000000
0.004588000000000
0.006004000000000
0.006528000000000
0.005029000000000
0.004481000000000
0.005187000000000
0.008257000000000
0.006667000000000
0.004841000000000
0.004443000000000
0.006957000000000
0.006081000000000
0.004722000000000
0.005723000000000
0.004777000000000
0.006522000000000
0.005640000000000
0.005825000000000
0.004493000000000
0.005247000000000
0.006182000000000
0.005653000000000
0.005087000000000
0.004599000000000
0.005775000000000
0.006453000000000
0.004547000000000
0.006417000000000
0.006180000000000
0.005972000000000
0.005889000000000
0.006294000000000
0.007041000000000
0.004587000000000
0.004685000000000
0.005465000000000
0.007593000000000
0.007279000000000
0.006199000000000
0.004547000000000
0.005121000000000
0.006061000000000
0.004661000000000
0.006611000000000
0.004735000000000
0.004817000000000
0.006405000000000
0.004524000000000
0.005742000000000
0.009118000000000
0.005990000000000
0.005248000000000
0.006851000000000
0.004984000000000
0.005652000000000
0.004608000000000
0.006176000000000
0.006369000000000
0.006798000000000
0.004719000000000
0.004803000000000
0.006284000000000
0.004989000000000
0.006863000000000
0.004749000000000
0.005000000000000
0.004613000000000
0.004552000000000
0.005355000000000
0.005588000000000
0.005522000000000
0.005856000000000
0.006279000000000
0.007459000000000
0.009318000000000
0.005443000000000
0.006544000000000
0.005223000000000
0.004534000000000
0.005642000000000
0.004548000000000
0.007394000000000
0.004579000000000
0.006585000000000
0.006696000000000
0.004454000000000
0.004976000000000
0.004447000000000
0.006394000000000
0.007164000000000
0.005499000000000
0.004844000000000
0.004512000000000
0.004671000000000
0.009459000000000
0.006249000000000
0.006420000000000
0.004451000000000
0.006708000000000
0.006569000000000
0.005303000000000
0.008387000000000
0.004830000000000
0.005002000000000
0.006205000000000
0.004451000000000
0.004818000000000
0.004426000000000
0.006910000000000
0.004818000000000
0.009016000000000
0.006360000000000
0.004705000000000
0.004505000000000
0.004745000000000
0.004555000000000
0.005687000000000
0.004536000000000
0.005381000000000
0.009274000000000
0.004531000000000
0.007022000000000
0.004869000000000
0.004672000000000
0.005634000000000
0.004819000000000
0.006420000000000
0.005022000000000
0.004828000000000
0.004897000000000
0.004834000000000
0.006247000000000
0.006356000000000
0.005209000000000
0.005018000000000
0.004818000000000
0.005103000000000
0.005826000000000
0.006387000000000
0.006326000000000
0.004873000000000
0.006416000000000
0.006443000000000
0.004622000000000
0.004791000000000
0.004408000000000
0.006562000000000
0.006425000000000
0.004585000000000
0.004714000000000
0.006130000000000
0.006772000000000
0.004739000000000
0.008873000000000
0.004493000000000
0.006371000000000
0.005959000000000
0.004616000000000
0.004515000000000
0.004867000000000
0.004429000000000
0.004765000000000
0.005964000000000
0.007126000000000
0.004355000000000
0.005033000000000
0.007027000000000
0.006401000000000
0.004443000000000
0.004720000000000
0.005141000000000
0.005139000000000
0.004647000000000
0.004814000000000
0.005713000000000
0.007618000000000
0.005456000000000
0.005051000000000
0.007298000000000
0.005511000000000
0.004879000000000
0.008810000000000
0.006442000000000
0.004648000000000
0.005647000000000
0.004635000000000
0.006210000000000
0.006234000000000
0.005887000000000
0.006485000000000
0.006749000000000
0.005024000000000
0.005088000000000
0.004389000000000
0.006247000000000
0.005417000000000
0.004806000000000
0.005560000000000
0.005738000000000
0.005582000000000
0.004419000000000
0.004669000000000
0.004689000000000
0.009251000000000
0.006438000000000
0.006246000000000
0.004694000000000
0.004907000000000
0.006581000000000
0.004453000000000
0.005128000000000
0.004391000000000
0.006390000000000
0.006093000000000
0.004513000000000
0.007224000000000
0.005468000000000
0.004459000000000
0.004609000000000
0.005474000000000
0.004506000000000
0.004484000000000
0.006623000000000
0.004569000000000
0.004648000000000
0.008807000000000
0.005425000000000
0.004327000000000
0.004810000000000
0.005403000000000
0.008950000000000
0.006077000000000
0.004607000000000
0.004731000000000
0.004443000000000
0.006861000000000
0.006462000000000
0.005951000000000
0.006045000000000
0.006499000000000
0.006501000000000
0.005364000000000
0.004813000000000
0.006471000000000
0.004413000000000
0.005980000000000
0.008506000000000
0.005493000000000
0.006810000000000
0.006377000000000
0.004735000000000
0.004504000000000
0.006365000000000
0.008468000000000
0.004588000000000
0.004471000000000
0.005319000000000
0.006571000000000
0.006113000000000
0.005949000000000
0.004683000000000
0.004485000000000
0.004614000000000
0.005623000000000
0.007447000000000
0.005928000000000
0.004791000000000
0.004526000000000
0.005793000000000
0.006456000000000
0.009067000000000
0.004777000000000
0.006094000000000
0.004855000000000
0.004735000000000
0.007077000000000
0.005192000000000
0.004722000000000
0.007230000000000
0.005533000000000
0.006676000000000
0.004752000000000
0.006082000000000
0.004249000000000
0.006211000000000
0.004380000000000
0.006457000000000
0.004681000000000
0.005962000000000
0.005681000000000
0.004429000000000
0.005433000000000
0.005765000000000
0.006725000000000
0.006472000000000
0.004927000000000
0.004723000000000
0.004484000000000
0.016297000000000
0.020630000000000
0.007058000000000
0.004802000000000
0.006815000000000
0.005902000000000
0.004588000000000
0.006578000000000
0.004611000000000
0.006506000000000
0.006979000000000
0.006480000000000
0.006517000000000
0.005077000000000
0.004906000000000
0.005851000000000
0.006369000000000
0.006470000000000
0.005785000000000
0.005915000000000
0.006355000000000
0.004911000000000
0.005046000000000
0.006131000000000
0.004396000000000
0.007019000000000
0.004860000000000
0.007005000000000
0.009094000000000
0.010114000000000
0.006660000000000
0.004636000000000
0.004888000000000
0.007071000000000
0.005244000000000
0.005006000000000
0.004989000000000
0.006581000000000
0.004749000000000
0.005231000000000
0.006073000000000
0.005531000000000
0.005218000000000
0.004917000000000
0.004667000000000
0.005378000000000
0.004665000000000
0.005049000000000
0.008512000000000
0.004762000000000
0.008179000000000
0.006303000000000
0.005163000000000
0.005015000000000
0.008023000000000
0.005013000000000
0.005302000000000
0.004743000000000
0.004938000000000
0.006160000000000
0.009847000000000
0.007482000000000
0.005073000000000
0.005129000000000
0.006191000000000
0.005087000000000
0.004681000000000
0.006887000000000
0.007342000000000
0.005494000000000
0.005554000000000
0.006088000000000
0.005151000000000
0.005479000000000
0.006581000000000
0.004624000000000
0.006708000000000
0.005667000000000
0.004656000000000
0.004751000000000
0.004768000000000
0.005718000000000
0.004720000000000
0.006058000000000
0.006079000000000
0.006556000000000
0.006565000000000
0.009335000000000
