0.014782000000000
0.012685000000000
0.012054000000000
0.013384000000000
0.012335000000000
0.013995000000000
0.010760000000000
0.011123000000000
0.013502000000000
0.012626000000000
0.015156000000000
0.013071000000000
0.012710000000000
0.015571000000000
0.013640000000000
0.017016000000000
0.013931000000000
0.010559000000000
0.013873000000000
0.013343000000000
0.013127000000000
0.016106000000000
0.012765000000000
0.014444000000000
0.017579000000000
0.017514000000000
0.013654000000000
0.010178000000000
0.012596000000000
0.012083000000000
0.017342000000000
0.011233000000000
0.010936000000000
0.012554000000000
0.012968000000000
0.011717000000000
0.013279000000000
0.012161000000000
0.013373000000000
0.012070000000000
0.013720000000000
0.015947000000000
0.016322000000000
0.016962000000000
0.013291000000000
0.011297000000000
0.011002000000000
0.013601000000000
0.013855000000000
0.011779000000000
0.013713000000000
0.015782000000000
0.012284000000000
0.011305000000000
0.011184000000000
0.013422000000000
0.012099000000000
0.010579000000000
0.012874000000000
0.011936000000000
0.012707000000000
0.011805000000000
0.011311000000000
0.011399000000000
0.010088000000000
0.012466000000000
0.013776000000000
0.014073000000000
0.011182000000000
0.010549000000000
0.011934000000000
0.009825000000000
0.015974000000000
0.128233000000000
0.015831000000000
0.014568000000000
0.015144000000000
0.013255000000000
0.014581000000000
0.013314000000000
0.011274000000000
0.011788000000000
0.011034000000000
0.017561000000000
0.011161000000000
0.415735000000000
0.012540000000000
0.012580000000000
0.017223000000000
0.013912000000000
0.017048000000000
0.013105000000000
0.012215000000000
0.018300000000000
0.013009000000000
0.013256000000000
0.013005000000000
0.013535000000000
0.010955000000000
0.016219000000000
0.013830000000000
0.012233000000000
0.012402000000000
0.011227000000000
0.016150000000000
0.018083000000000
0.013238000000000
0.012715000000000
0.012238000000000
0.010992000000000
0.015446000000000
0.011238000000000
0.016564000000000
0.062253000000000
0.013938000000000
0.011189000000000
0.013315000000000
0.011201000000000
0.011328000000000
0.012238000000000
0.012774000000000
0.013012000000000
0.011994000000000
0.012635000000000
0.012548000000000
0.011106000000000
0.010203000000000
0.014327000000000
0.015798000000000
0.012362000000000
0.011417000000000
0.012572000000000
0.017088000000000
0.012863000000000
0.012976000000000
0.014371000000000
0.016341000000000
0.016521000000000
0.015543000000000
0.012679000000000
0.013283000000000
0.013004000000000
0.017562000000000
0.010834000000000
0.015983000000000
0.012868000000000
0.012741000000000
0.016749000000000
0.012752000000000
0.016050000000000
0.012766000000000
0.010965000000000
0.012629000000000
0.063733000000000
0.013461000000000
0.011403000000000
0.013213000000000
0.013048000000000
0.013153000000000
0.013721000000000
0.012257000000000
0.013053000000000
0.013397000000000
0.012004000000000
0.010894000000000
0.011839000000000
0.016189000000000
0.011882000000000
0.013433000000000
0.014126000000000
0.014235000000000
0.012812000000000
0.014738000000000
0.013313000000000
0.013749000000000
0.013562000000000
0.010306000000000
0.013361000000000
0.013185000000000
0.013663000000000
0.013143000000000
0.012877000000000
0.011757000000000
0.010458000000000
0.010603000000000
0.063098000000000
0.010957000000000
0.012067000000000
0.011023000000000
0.013295000000000
0.016478000000000
0.016473000000000
0.011159000000000
0.016509000000000
0.013328000000000
0.013041000000000
0.013240000000000
0.014022000000000
0.011984000000000
0.016976000000000
0.016021000000000
0.057145000000000
0.014789000000000
0.013109000000000
0.016503000000000
0.013136000000000
0.012190000000000
0.013096000000000
0.012819000000000
0.017110000000000
0.016625000000000
0.011946000000000
0.013608000000000
0.013398000000000
0.017023000000000
0.013718000000000
0.013211000000000
0.013423000000000
0.011909000000000
0.011792000000000
0.016431000000000
0.012983000000000
0.011247000000000
0.013081000000000
0.012268000000000
0.013183000000000
0.016260000000000
0.013596000000000
0.013738000000000
0.013641000000000
0.013509000000000
0.012910000000000
0.014653000000000
0.015547000000000
0.012363000000000
0.012765000000000
0.011017000000000
0.014220000000000
0.013078000000000
0.013825000000000
0.011002000000000
0.013555000000000
0.014398000000000
0.013303000000000
0.010811000000000
0.010527000000000
0.012084000000000
0.011358000000000
0.013015000000000
0.437912000000000
0.012323000000000
0.014620000000000
0.013720000000000
0.010771000000000
0.013894000000000
0.016773000000000
0.013045000000000
0.014471000000000
0.010175000000000
0.011583000000000
0.012913000000000
0.010861000000000
0.012038000000000
0.016544000000000
0.011734000000000
0.013912000000000
0.012556000000000
0.016472000000000
0.012005000000000
0.014500000000000
0.013299000000000
0.012660000000000
0.011671000000000
0.013433000000000
0.015956000000000
0.011877000000000
0.014306000000000
0.010986000000000
0.012755000000000
0.013369000000000
0.010434000000000
0.014389000000000
0.012558000000000
0.012827000000000
0.012133000000000
0.012502000000000
0.012894000000000
0.012590000000000
0.014688000000000
0.013338000000000
0.011730000000000
0.011265000000000
0.016669000000000
0.013816000000000
0.066233000000000
0.013048000000000
0.013856000000000
0.016321000000000
0.011424000000000
0.016352000000000
0.013000000000000
0.013462000000000
0.014399000000000
0.014266000000000
0.012441000000000
0.013654000000000
0.013807000000000
0.010966000000000
0.014658000000000
0.012080000000000
0.013318000000000
0.017036000000000
0.016396000000000
0.014477000000000
0.012787000000000
0.014130000000000
0.013137000000000
0.010435000000000
0.013007000000000
0.013657000000000
0.012840000000000
0.014141000000000
0.012744000000000
0.011468000000000
0.016640000000000
0.011340000000000
0.013754000000000
0.013338000000000
0.012802000000000
0.013495000000000
0.012903000000000
0.013265000000000
0.012179000000000
0.011080000000000
0.010061000000000
0.012361000000000
0.010815000000000
0.012329000000000
0.012721000000000
0.012343000000000
0.011860000000000
0.011277000000000
0.013438000000000
0.013430000000000
0.010817000000000
0.012258000000000
0.013971000000000
0.013596000000000
0.013864000000000
0.011485000000000
0.013719000000000
0.012388000000000
0.012088000000000
0.014151000000000
0.012961000000000
0.014520000000000
0.012728000000000
0.012264000000000
0.012061000000000
0.015857000000000
0.010834000000000
0.010837000000000
0.012500000000000
0.011308000000000
0.016218000000000
0.011848000000000
0.013931000000000
0.013265000000000
0.013693000000000
0.016721000000000
0.064389000000000
0.013994000000000
0.012024000000000
0.017184000000000
0.017090000000000
0.012755000000000
0.014478000000000
0.012460000000000
0.012889000000000
0.013131000000000
0.016623000000000
0.014258000000000
0.012292000000000
0.014623000000000
0.012940000000000
0.013364000000000
0.014508000000000
0.013506000000000
0.014133000000000
0.011956000000000
0.010712000000000
0.017697000000000
0.011746000000000
0.013148000000000
0.012441000000000
0.013006000000000
0.014448000000000
0.013928000000000
0.014069000000000
0.065947000000000
0.011428000000000
0.012763000000000
0.013762000000000
0.013731000000000
0.016723000000000
0.010905000000000
0.012122000000000
0.012000000000000
0.013473000000000
0.014650000000000
0.011183000000000
0.012596000000000
0.011224000000000
0.460388000000000
0.013591000000000
0.012562000000000
0.013106000000000
0.017174000000000
0.013780000000000
0.012211000000000
0.013351000000000
0.012119000000000
0.013700000000000
0.017545000000000
0.014380000000000
0.013304000000000
0.012744000000000
0.013800000000000
0.010992000000000
0.011825000000000
0.016305000000000
0.012825000000000
0.013203000000000
0.013444000000000
0.013465000000000
0.015208000000000
0.016684000000000
0.012862000000000
0.012665000000000
0.012066000000000
0.014135000000000
0.012869000000000
0.013240000000000
0.011035000000000
0.016877000000000
0.012762000000000
0.013365000000000
0.017442000000000
0.013450000000000
0.012292000000000
0.014831000000000
0.010185000000000
0.014931000000000
0.013201000000000
0.013139000000000
0.014037000000000
0.012841000000000
0.016190000000000
0.011961000000000
0.011705000000000
0.014646000000000
0.064643000000000
0.015680000000000
0.012840000000000
0.011733000000000
0.013282000000000
0.013341000000000
0.014701000000000
0.010995000000000
0.013430000000000
0.014163000000000
0.011292000000000
0.012655000000000
0.015636000000000
0.012709000000000
0.013150000000000
0.012161000000000
0.016902000000000
0.013806000000000
0.012973000000000
0.017236000000000
0.013498000000000
0.012906000000000
0.013248000000000
0.013640000000000
0.016871000000000
0.014117000000000
0.011935000000000
0.012399000000000
0.016337000000000
0.014819000000000
0.014350000000000
0.013161000000000
0.014136000000000
0.013446000000000
0.013296000000000
0.014197000000000
0.017654000000000
0.012651000000000
0.016741000000000
0.014412000000000
0.011782000000000
0.016117000000000
0.012832000000000
0.014190000000000
0.013287000000000
0.014139000000000
0.013442000000000
0.010636000000000
0.011853000000000
0.012023000000000
0.013003000000000
0.013797000000000
0.012786000000000
0.013543000000000
0.013807000000000
0.012494000000000
0.013599000000000
0.016265000000000
0.062939000000000
0.012786000000000
0.013572000000000
0.016259000000000
0.013338000000000
0.015747000000000
0.013690000000000
0.013189000000000
0.017330000000000
0.013111000000000
0.012108000000000
0.013673000000000
0.011995000000000
0.013957000000000
0.012725000000000
0.095684000000000
0.014158000000000
0.013381000000000
0.014167000000000
0.012900000000000
0.010166000000000
0.014009000000000
0.011306000000000
0.013616000000000
0.016382000000000
0.012815000000000
0.016206000000000
0.010179000000000
0.013360000000000
0.012436000000000
0.011129000000000
0.013269000000000
0.011662000000000
0.013936000000000
0.012093000000000
0.013253000000000
0.014305000000000
0.015758000000000
0.014275000000000
0.011935000000000
0.012169000000000
0.013936000000000
0.013172000000000
0.013638000000000
0.014454000000000
0.012000000000000
0.012445000000000
0.015320000000000
0.012475000000000
0.013113000000000
0.013146000000000
0.014214000000000
0.010282000000000
0.011111000000000
0.012694000000000
0.017115000000000
0.015995000000000
0.068808000000000
0.013190000000000
0.016246000000000
0.013897000000000
0.013277000000000
0.014210000000000
0.011260000000000
0.012987000000000
0.017550000000000
0.013476000000000
0.014822000000000
0.013423000000000
0.012902000000000
0.016571000000000
0.011257000000000
0.012422000000000
0.012229000000000
0.012774000000000
0.014179000000000
0.013073000000000
0.014136000000000
0.010907000000000
0.011602000000000
0.014159000000000
0.011008000000000
0.016595000000000
0.010056000000000
0.016447000000000
0.012781000000000
0.012532000000000
0.016517000000000
0.012974000000000
0.062905000000000
0.012213000000000
0.016636000000000
0.012495000000000
0.012953000000000
0.013587000000000
0.015350000000000
0.010741000000000
0.011459000000000
0.013426000000000
0.017282000000000
0.012558000000000
0.013579000000000
0.012025000000000
0.016308000000000
0.012919000000000
0.013604000000000
0.011554000000000
0.017168000000000
0.014622000000000
0.012161000000000
0.014450000000000
0.013193000000000
0.013174000000000
0.014448000000000
0.018185000000000
0.011792000000000
0.010525000000000
0.011966000000000
0.012982000000000
0.017249000000000
0.010754000000000
0.013686000000000
0.013038000000000
0.012613000000000
0.012289000000000
0.012774000000000
0.010563000000000
0.017369000000000
0.013519000000000
0.011961000000000
0.013709000000000
0.013154000000000
0.013517000000000
0.013934000000000
0.013787000000000
0.015777000000000
0.171306000000000
0.014026000000000
0.012226000000000
0.014201000000000
0.009931000000000
0.064874000000000
0.013670000000000
0.010207000000000
0.011079000000000
0.012343000000000
0.010250000000000
0.017707000000000
0.010474000000000
0.012852000000000
0.013401000000000
0.011225000000000
0.017070000000000
0.011763000000000
0.016418000000000
0.195356000000000
0.016158000000000
0.011597000000000
0.013032000000000
0.013960000000000
0.016238000000000
0.013375000000000
0.014072000000000
0.013067000000000
0.012502000000000
0.061813000000000
0.012175000000000
0.013849000000000
0.011268000000000
0.013276000000000
0.012614000000000
0.012690000000000
0.013457000000000
0.014372000000000
0.012429000000000
0.013662000000000
0.013909000000000
0.010999000000000
0.014128000000000
0.011123000000000
0.012575000000000
0.013958000000000
0.013333000000000
0.011491000000000
0.013480000000000
0.013217000000000
0.015438000000000
0.012696000000000
0.013033000000000
0.063049000000000
0.013201000000000
0.013186000000000
0.013240000000000
0.011470000000000
0.011053000000000
0.010811000000000
0.014514000000000
0.011762000000000
0.016598000000000
0.017206000000000
0.014141000000000
0.014452000000000
0.011161000000000
0.013812000000000
0.013355000000000
0.015765000000000
0.013263000000000
0.012014000000000
0.012816000000000
0.011523000000000
0.012938000000000
0.017242000000000
0.013372000000000
0.016596000000000
0.012961000000000
0.012552000000000
0.014306000000000
0.010191000000000
0.013906000000000
0.012800000000000
0.384486000000000
0.012153000000000
0.014986000000000
0.012153000000000
0.013284000000000
0.013865000000000
0.013805000000000
0.013617000000000
0.012047000000000
0.010744000000000
0.015242000000000
0.012635000000000
0.011260000000000
0.012635000000000
0.016100000000000
0.013422000000000
0.013165000000000
0.013076000000000
0.013043000000000
0.012787000000000
0.013120000000000
0.012789000000000
0.011766000000000
0.013004000000000
0.015533000000000
0.011033000000000
0.011047000000000
0.014326000000000
0.011118000000000
0.014154000000000
0.013718000000000
0.015831000000000
0.016506000000000
0.011023000000000
0.011571000000000
0.014795000000000
0.013604000000000
0.013354000000000
0.010336000000000
0.012544000000000
0.012930000000000
0.013015000000000
0.018644000000000
0.240804000000000
0.014977000000000
0.012937000000000
0.015223000000000
0.016176000000000
0.012953000000000
0.011231000000000
0.013781000000000
0.016236000000000
0.013680000000000
0.012609000000000
0.013514000000000
0.012290000000000
0.014004000000000
0.018018000000000
0.013396000000000
0.013648000000000
0.016102000000000
0.012822000000000
0.017590000000000
0.012124000000000
0.014253000000000
0.010967000000000
0.012410000000000
0.012732000000000
0.016466000000000
0.013141000000000
0.015372000000000
0.013263000000000
0.064281000000000
0.013514000000000
0.013694000000000
0.013012000000000
0.013101000000000
0.423980000000000
0.012508000000000
0.014266000000000
0.013713000000000
0.013420000000000
0.012269000000000
0.013768000000000
0.014094000000000
0.012187000000000
0.012845000000000
0.014122000000000
0.012429000000000
0.012965000000000
0.012512000000000
0.062907000000000
0.013845000000000
0.013101000000000
0.015463000000000
0.012821000000000
0.013409000000000
0.013424000000000
0.013306000000000
0.012973000000000
0.011721000000000
0.016802000000000
0.014101000000000
0.011080000000000
0.013710000000000
0.010439000000000
0.012801000000000
0.013456000000000
0.013281000000000
0.063650000000000
0.013109000000000
0.012728000000000
0.013345000000000
0.016428000000000
0.012512000000000
0.012698000000000
0.011573000000000
0.013491000000000
0.012193000000000
0.013217000000000
0.012249000000000
0.013338000000000
0.013464000000000
0.012868000000000
0.012818000000000
0.011362000000000
0.015995000000000
0.016483000000000
0.010513000000000
0.013936000000000
0.013341000000000
0.012137000000000
0.011402000000000
0.016711000000000
0.010947000000000
0.012641000000000
0.015863000000000
0.013212000000000
0.010886000000000
0.011984000000000
0.012953000000000
0.016557000000000
0.013811000000000
0.012970000000000
0.011656000000000
0.013149000000000
0.010715000000000
0.013801000000000
0.013406000000000
0.010755000000000
0.011631000000000
0.016383000000000
0.014139000000000
0.011698000000000
0.016599000000000
0.012591000000000
0.011118000000000
0.013436000000000
0.014653000000000
0.013918000000000
0.012186000000000
0.012258000000000
0.011352000000000
0.023569000000000
0.013000000000000
0.014818000000000
0.011447000000000
0.016328000000000
0.013945000000000
0.011287000000000
0.012729000000000
0.013337000000000
0.012393000000000
0.013564000000000
0.016618000000000
0.014329000000000
0.013091000000000
0.013758000000000
0.012367000000000
0.013046000000000
0.014630000000000
0.013049000000000
0.013209000000000
0.012410000000000
0.010757000000000
0.012976000000000
0.014562000000000
0.012750000000000
0.016030000000000
0.013207000000000
0.063583000000000
0.106573000000000
0.016788000000000
0.013645000000000
0.017067000000000
0.011416000000000
0.012813000000000
0.013597000000000
0.013755000000000
0.011740000000000
0.011841000000000
0.010080000000000
0.016294000000000
0.012471000000000
0.013517000000000
0.012759000000000
0.011018000000000
0.013806000000000
0.010789000000000
0.014311000000000
0.012744000000000
0.011496000000000
0.011384000000000
0.011633000000000
0.012955000000000
0.013554000000000
0.011993000000000
0.014177000000000
0.013275000000000
0.012727000000000
0.012220000000000
0.012588000000000
0.366987000000000
0.012713000000000
0.014470000000000
0.011220000000000
0.013720000000000
0.016421000000000
0.013497000000000
0.014244000000000
0.011028000000000
0.012531000000000
0.016786000000000
0.014020000000000
0.014729000000000
0.016445000000000
0.013125000000000
0.013985000000000
0.015791000000000
0.017719000000000
0.013308000000000
0.013368000000000
0.013030000000000
0.010366000000000
0.014031000000000
0.013040000000000
0.015987000000000
0.062737000000000
0.012341000000000
0.012463000000000
0.016164000000000
0.015350000000000
0.220558000000000
0.014081000000000
0.013792000000000
0.015834000000000
0.011968000000000
0.016984000000000
0.013670000000000
0.013486000000000
0.013108000000000
0.016246000000000
0.017953000000000
0.012934000000000
0.012590000000000
0.013122000000000
0.010676000000000
0.011568000000000
0.012570000000000
0.012810000000000
0.010141000000000
0.012562000000000
0.012548000000000
0.012998000000000
0.012506000000000
0.011954000000000
0.011816000000000
0.010780000000000
0.015314000000000
0.012657000000000
0.016958000000000
0.012643000000000
0.017378000000000
0.065091000000000
0.013253000000000
0.011770000000000
0.013803000000000
0.013004000000000
0.016650000000000
0.014460000000000
0.013182000000000
0.011270000000000
0.013592000000000
0.010682000000000
0.015409000000000
0.010665000000000
0.012243000000000
0.015044000000000
0.011045000000000
0.013455000000000
0.012498000000000
0.012705000000000
0.014294000000000
0.013329000000000
0.013315000000000
0.062301000000000
0.010553000000000
0.012564000000000
0.013301000000000
0.011011000000000
0.049022000000000
0.011955000000000
0.017425000000000
0.017413000000000
0.011249000000000
0.012964000000000
0.010554000000000
0.013418000000000
0.013352000000000
0.013465000000000
0.013205000000000
0.010880000000000
0.012919000000000
0.012569000000000
0.068025000000000
0.015516000000000
0.013699000000000
0.016358000000000
0.013579000000000
0.011797000000000
0.011164000000000
0.013748000000000
0.016523000000000
0.013516000000000
0.010468000000000
0.013839000000000
0.017007000000000
0.013811000000000
0.013126000000000
0.013355000000000
0.014446000000000
0.013470000000000
0.013488000000000
0.012032000000000
0.012062000000000
0.014184000000000
0.013615000000000
0.016007000000000
0.013748000000000
0.013185000000000
0.011992000000000
0.010194000000000
0.013562000000000
0.112925000000000
0.010670000000000
0.013647000000000
0.010442000000000
0.017359000000000
0.013236000000000
0.010460000000000
0.012743000000000
0.063141000000000
0.013660000000000
0.013453000000000
0.012180000000000
0.014244000000000
0.013222000000000
0.170492000000000
0.013318000000000
0.016290000000000
0.016147000000000
0.013928000000000
0.012144000000000
0.012992000000000
0.014041000000000
0.013273000000000
0.012361000000000
0.014319000000000
0.064832000000000
0.011390000000000
0.012268000000000
0.013727000000000
0.014725000000000
0.012461000000000
0.012169000000000
0.013198000000000
0.012194000000000
0.017117000000000
0.015571000000000
0.013053000000000
0.013870000000000
0.016287000000000
0.017282000000000
0.012486000000000
0.012932000000000
0.017268000000000
0.012426000000000
0.011290000000000
0.016752000000000
0.012580000000000
0.013588000000000
0.013328000000000
0.012936000000000
0.013976000000000
0.013075000000000
0.014122000000000
0.012379000000000
0.014136000000000
0.012194000000000
0.017512000000000
0.012554000000000
0.011201000000000
0.014506000000000
0.012752000000000
0.013153000000000
0.012660000000000
0.013026000000000
0.012131000000000
0.012912000000000
0.012340000000000
0.014058000000000
0.016931000000000
0.015903000000000
0.015931000000000
0.013353000000000
0.013854000000000
0.011058000000000
0.014392000000000
0.014012000000000
0.010221000000000
0.014563000000000
0.011537000000000
0.013898000000000
0.010474000000000
0.062719000000000
0.016973000000000
0.012812000000000
0.013823000000000
0.013650000000000
0.010855000000000
0.017218000000000
0.016051000000000
0.014201000000000
0.010980000000000
0.013619000000000
0.014287000000000
0.015654000000000
0.013559000000000
0.010861000000000
0.011047000000000
0.016470000000000
0.012587000000000
0.016524000000000
0.012409000000000
0.016265000000000
0.011677000000000
0.016233000000000
0.013597000000000
0.012738000000000
0.015494000000000
0.013675000000000
0.012908000000000
0.013218000000000
0.014120000000000
0.016955000000000
0.011908000000000
0.012406000000000
0.013601000000000
0.012568000000000
0.011113000000000
0.015612000000000
0.068347000000000
0.013320000000000
0.012999000000000
0.010227000000000
0.013625000000000
0.011978000000000
0.017848000000000
0.016125000000000
0.013179000000000
0.012963000000000
0.014178000000000
0.013888000000000
0.016635000000000
0.010696000000000
0.012845000000000
0.011743000000000
0.014217000000000
0.402152000000000
0.012276000000000
0.067268000000000
0.012926000000000
0.013768000000000
0.014041000000000
0.012253000000000
0.012656000000000
0.017981000000000
0.012228000000000
0.013300000000000
0.012835000000000
0.012262000000000
0.013377000000000
0.012878000000000
0.013911000000000
0.012223000000000
0.013452000000000
0.062460000000000
0.013199000000000
0.013995000000000
0.013137000000000
0.016354000000000
0.013518000000000
0.013663000000000
0.014747000000000
0.015974000000000
0.012964000000000
0.014505000000000
0.010146000000000
0.013108000000000
0.013260000000000
0.014055000000000
0.013993000000000
0.011914000000000
0.016028000000000
0.014491000000000
0.018333000000000
0.012116000000000
0.011991000000000
0.012929000000000
0.011463000000000
0.012071000000000
0.015160000000000
0.013503000000000
0.014063000000000
0.015939000000000
0.014188000000000
0.013558000000000
0.011433000000000
0.016627000000000
0.013444000000000
0.016625000000000
0.016422000000000
0.011956000000000
0.062577000000000
0.013375000000000
0.010903000000000
0.010941000000000
0.012302000000000
0.012880000000000
0.011611000000000
0.013604000000000
0.012446000000000
0.013005000000000
0.013267000000000
0.010151000000000
0.013904000000000
0.012977000000000
0.013110000000000
0.014575000000000
0.016185000000000
0.013978000000000
0.013122000000000
0.012947000000000
0.013239000000000
0.011149000000000
0.013133000000000
0.013451000000000
0.012374000000000
0.014032000000000
0.012972000000000
0.013767000000000
0.012197000000000
0.016155000000000
0.064933000000000
0.012017000000000
0.012608000000000
0.013071000000000
0.013155000000000
0.013582000000000
0.013248000000000
0.014328000000000
0.012444000000000
0.013028000000000
0.012941000000000
0.011906000000000
0.014467000000000
0.016350000000000
0.013746000000000
0.013377000000000
0.062361000000000
0.026199000000000
0.013034000000000
0.012930000000000
0.013140000000000
0.012556000000000
0.011116000000000
0.013373000000000
0.016187000000000
0.011345000000000
0.012633000000000
0.013562000000000
0.016116000000000
0.013211000000000
0.014559000000000
0.012198000000000
0.011084000000000
0.013648000000000
0.010994000000000
0.011993000000000
0.011709000000000
0.012878000000000
0.013847000000000
0.013487000000000
0.111267000000000
0.010620000000000
0.014236000000000
0.012989000000000
0.016263000000000
0.015993000000000
0.012154000000000
0.013460000000000
0.010487000000000
0.065436000000000
0.014413000000000
0.011991000000000
0.016946000000000
0.011766000000000
0.012248000000000
0.018769000000000
0.013643000000000
0.012063000000000
0.012750000000000
0.013499000000000
0.017153000000000
0.011534000000000
0.017965000000000
0.012529000000000
0.012752000000000
0.014435000000000
0.011865000000000
0.012525000000000
0.016400000000000
0.012633000000000
0.013319000000000
0.013674000000000
0.011077000000000
0.012266000000000
0.015934000000000
0.014707000000000
0.021139000000000
0.013407000000000
0.011418000000000
0.014365000000000
0.012470000000000
0.065966000000000
0.013990000000000
0.014686000000000
0.012321000000000
0.011590000000000
0.013714000000000
0.013281000000000
0.013367000000000
0.013959000000000
0.013716000000000
0.015089000000000
0.012884000000000
0.013466000000000
0.013152000000000
0.016347000000000
0.014222000000000
0.011469000000000
0.062112000000000
0.012311000000000
0.010782000000000
0.011985000000000
0.017605000000000
0.012386000000000
0.011070000000000
0.011921000000000
0.013103000000000
0.011787000000000
0.013229000000000
0.011283000000000
0.016353000000000
0.013279000000000
0.011923000000000
0.010844000000000
0.011849000000000
0.012010000000000
0.010747000000000
0.013053000000000
0.014160000000000
0.011356000000000
0.013291000000000
0.017942000000000
0.011973000000000
0.012312000000000
0.011077000000000
0.012255000000000
0.016597000000000
0.016543000000000
0.012646000000000
0.012321000000000
0.012315000000000
0.014410000000000
0.011218000000000
0.014545000000000
0.016714000000000
0.012279000000000
0.014621000000000
0.012476000000000
0.011267000000000
0.012069000000000
0.016082000000000
0.011113000000000
0.010188000000000
0.014831000000000
0.013531000000000
0.013005000000000
0.014186000000000
0.016471000000000
0.014219000000000
0.013494000000000
0.012170000000000
0.012291000000000
0.013522000000000
0.012757000000000
0.011932000000000
0.012906000000000
0.011154000000000
0.010330000000000
0.013077000000000
0.013318000000000
0.012418000000000
0.016145000000000
0.012805000000000
0.013359000000000
0.011978000000000
0.012439000000000
0.014218000000000
0.010229000000000
0.063654000000000
0.015307000000000
0.011910000000000
0.016707000000000
0.013678000000000
0.013414000000000
0.013265000000000
0.012112000000000
0.014837000000000
0.013462000000000
0.013510000000000
0.011383000000000
0.016068000000000
0.014113000000000
0.010893000000000
0.014200000000000
0.012809000000000
0.013406000000000
0.017407000000000
0.011003000000000
0.011580000000000
0.012473000000000
0.011217000000000
0.014183000000000
0.012488000000000
0.013537000000000
0.012807000000000
0.012017000000000
0.011434000000000
0.010391000000000
0.013855000000000
0.013109000000000
0.012448000000000
0.013128000000000
0.066233000000000
0.013914000000000
0.012515000000000
0.011542000000000
0.011382000000000
0.013143000000000
0.012294000000000
0.013490000000000
0.012842000000000
0.014450000000000
0.012889000000000
0.012507000000000
0.013282000000000
0.016324000000000
0.014342000000000
0.016831000000000
0.014660000000000
0.062388000000000
0.012708000000000
0.013713000000000
0.013235000000000
0.012958000000000
0.013121000000000
0.012930000000000
0.013737000000000
0.012150000000000
0.017838000000000
0.010886000000000
0.013383000000000
0.014536000000000
0.016961000000000
0.013982000000000
0.062993000000000
0.013253000000000
0.013331000000000
0.011424000000000
0.019168000000000
0.012937000000000
0.014703000000000
0.012557000000000
0.012350000000000
0.013275000000000
0.010984000000000
0.014948000000000
0.016147000000000
0.012902000000000
0.012728000000000
0.013748000000000
0.062447000000000
0.013547000000000
0.012262000000000
0.011787000000000
0.013524000000000
0.013415000000000
0.013341000000000
0.012372000000000
0.014554000000000
0.015828000000000
0.014556000000000
0.012619000000000
0.012797000000000
0.013260000000000
0.066042000000000
0.010433000000000
0.013377000000000
0.015323000000000
0.011921000000000
0.012822000000000
0.013310000000000
0.012898000000000
0.016971000000000
0.013219000000000
0.013216000000000
0.012591000000000
0.012426000000000
0.013364000000000
0.016368000000000
0.013240000000000
0.065472000000000
0.012865000000000
0.014009000000000
0.015171000000000
0.012250000000000
0.013203000000000
0.013301000000000
0.013517000000000
0.013360000000000
0.012755000000000
0.013902000000000
0.013487000000000
0.013696000000000
0.013747000000000
0.010524000000000
0.016745000000000
0.013184000000000
0.016049000000000
0.014111000000000
0.011153000000000
0.017646000000000
0.016167000000000
0.014072000000000
0.011861000000000
0.012957000000000
0.016654000000000
0.012880000000000
0.016497000000000
0.014292000000000
0.017021000000000
0.013730000000000
0.013631000000000
0.063213000000000
0.013226000000000
0.012572000000000
0.016762000000000
0.012400000000000
0.016451000000000
0.012728000000000
0.013843000000000
0.013473000000000
0.011226000000000
0.013677000000000
0.013783000000000
0.016754000000000
0.014221000000000
0.012827000000000
0.064389000000000
0.013381000000000
0.013101000000000
0.013612000000000
0.013372000000000
0.014531000000000
0.012273000000000
0.013219000000000
0.013042000000000
0.010640000000000
0.013228000000000
0.016060000000000
0.013696000000000
0.012884000000000
0.013209000000000
0.014428000000000
0.012059000000000
0.010794000000000
0.010872000000000
0.013519000000000
0.017103000000000
0.012875000000000
0.013057000000000
0.013939000000000
0.012458000000000
0.013643000000000
0.013762000000000
0.012930000000000
0.014554000000000
0.012633000000000
0.066405000000000
0.012869000000000
0.015847000000000
0.014517000000000
0.012214000000000
0.014882000000000
0.013446000000000
0.012464000000000
0.014659000000000
0.011073000000000
0.014888000000000
0.355945000000000
0.012224000000000
0.013341000000000
0.013381000000000
0.013549000000000
0.012997000000000
0.011031000000000
0.014809000000000
0.010634000000000
0.012962000000000
0.013077000000000
0.012687000000000
0.014062000000000
0.012590000000000
0.016467000000000
0.012135000000000
0.011985000000000
0.014441000000000
0.011064000000000
0.013561000000000
0.013658000000000
0.065022000000000
0.014117000000000
0.014283000000000
0.012953000000000
0.013145000000000
0.012799000000000
0.013802000000000
0.016644000000000
0.013211000000000
0.013931000000000
0.022579000000000
0.016285000000000
0.012942000000000
0.011235000000000
0.012985000000000
0.014430000000000
0.010409000000000
0.012492000000000
0.012897000000000
0.012050000000000
0.014212000000000
0.012754000000000
0.013545000000000
0.013254000000000
0.013390000000000
0.011779000000000
0.013045000000000
0.010970000000000
0.016115000000000
0.065512000000000
0.014591000000000
0.013836000000000
0.013519000000000
0.015544000000000
0.013190000000000
0.013409000000000
0.013559000000000
0.013523000000000
0.013913000000000
0.014526000000000
0.014684000000000
0.011085000000000
0.011247000000000
0.015802000000000
0.012240000000000
0.012955000000000
0.013177000000000
0.013466000000000
0.012602000000000
0.017908000000000
0.013146000000000
0.016007000000000
0.011800000000000
0.011701000000000
0.063737000000000
0.012507000000000
0.013508000000000
0.011517000000000
0.011509000000000
0.017783000000000
0.013462000000000
0.012763000000000
0.012714000000000
0.012121000000000
0.013788000000000
0.013691000000000
0.015493000000000
0.014269000000000
0.072568000000000
0.017677000000000
0.012530000000000
0.012969000000000
0.017185000000000
0.012861000000000
0.013491000000000
0.013064000000000
0.013012000000000
0.017128000000000
0.014214000000000
0.011174000000000
0.012788000000000
0.016016000000000
0.013015000000000
0.012147000000000
0.012745000000000
0.012614000000000
0.015803000000000
0.018102000000000
0.014102000000000
0.013537000000000
0.012130000000000
0.012121000000000
0.014257000000000
0.012950000000000
0.013600000000000
0.060983000000000
0.015671000000000
0.014611000000000
0.012976000000000
0.014085000000000
0.012963000000000
0.012634000000000
0.015734000000000
0.012282000000000
0.013812000000000
0.012961000000000
0.013169000000000
0.014056000000000
0.016254000000000
0.014902000000000
0.012511000000000
0.013708000000000
0.013924000000000
0.012892000000000
0.013585000000000
0.011556000000000
0.014946000000000
0.018102000000000
0.012891000000000
0.013080000000000
0.012692000000000
0.011485000000000
0.063158000000000
0.013391000000000
0.014036000000000
0.012826000000000
0.012814000000000
0.013461000000000
0.012567000000000
0.012856000000000
0.012994000000000
0.013296000000000
0.014313000000000
0.012404000000000
0.017551000000000
0.016312000000000
0.013749000000000
0.067770000000000
0.012354000000000
0.013638000000000
0.011809000000000
0.012953000000000
0.014551000000000
0.010951000000000
0.012675000000000
0.014050000000000
0.013399000000000
0.013068000000000
0.010466000000000
0.014771000000000
0.012884000000000
0.012912000000000
0.014218000000000
0.011788000000000
0.010892000000000
0.013260000000000
0.014133000000000
0.013393000000000
0.012042000000000
0.017535000000000
0.013098000000000
0.063583000000000
0.014913000000000
0.010999000000000
0.013915000000000
0.012744000000000
0.013775000000000
0.014195000000000
0.012848000000000
0.014079000000000
0.017658000000000
0.012346000000000
0.012858000000000
0.014462000000000
0.067451000000000
0.015913000000000
0.013646000000000
0.011989000000000
0.017366000000000
0.012568000000000
0.016239000000000
0.012921000000000
0.010295000000000
0.014525000000000
0.013045000000000
0.012372000000000
0.013838000000000
0.062819000000000
0.014021000000000
0.013357000000000
0.012624000000000
0.013343000000000
0.011159000000000
0.012487000000000
0.014018000000000
0.013165000000000
0.013962000000000
0.012706000000000
0.013769000000000
0.011960000000000
0.016313000000000
0.063480000000000
0.014174000000000
0.012913000000000
0.016031000000000
0.013868000000000
0.010226000000000
0.013803000000000
0.015790000000000
0.012549000000000
0.013069000000000
0.013043000000000
0.014131000000000
0.013579000000000
0.011441000000000
0.013730000000000
0.063245000000000
0.014988000000000
0.013501000000000
0.012304000000000
0.012837000000000
0.012506000000000
0.013777000000000
0.011926000000000
0.013130000000000
0.014344000000000
0.013601000000000
0.014737000000000
0.012479000000000
0.010074000000000
0.017156000000000
0.012089000000000
0.017596000000000
0.422260000000000
0.012098000000000
0.013100000000000
0.011786000000000
0.012832000000000
0.012208000000000
0.010976000000000
0.013707000000000
0.012099000000000
0.013776000000000
0.012952000000000
0.062309000000000
0.014034000000000
0.012689000000000
0.013061000000000
0.011144000000000
0.015985000000000
0.012031000000000
0.012983000000000
0.012507000000000
0.010285000000000
0.013324000000000
0.011874000000000
0.012999000000000
0.013466000000000
0.012315000000000
0.013322000000000
0.011376000000000
0.015872000000000
0.015001000000000
0.012849000000000
0.016748000000000
0.013982000000000
0.013048000000000
0.013345000000000
0.013349000000000
0.016531000000000
0.016884000000000
0.012373000000000
0.013779000000000
0.065788000000000
0.011152000000000
0.011763000000000
0.076115000000000
0.013490000000000
0.015877000000000
0.012952000000000
0.014460000000000
0.013923000000000
0.012879000000000
0.012666000000000
0.014004000000000
0.014719000000000
0.060823000000000
0.013485000000000
0.013768000000000
0.013002000000000
0.014013000000000
0.013951000000000
0.013661000000000
0.012998000000000
0.013261000000000
0.014217000000000
0.013439000000000
0.013749000000000
0.013144000000000
0.012107000000000
0.017474000000000
0.012782000000000
0.011819000000000
0.012413000000000
0.011413000000000
0.014311000000000
0.012930000000000
0.012936000000000
0.013084000000000
0.012515000000000
0.017931000000000
0.011862000000000
0.014103000000000
0.013101000000000
0.013851000000000
0.012181000000000
0.010801000000000
0.013727000000000
0.013201000000000
0.012928000000000
0.014487000000000
0.010250000000000
0.012509000000000
0.012780000000000
0.013233000000000
0.013024000000000
0.013000000000000
0.011753000000000
0.012936000000000
0.064212000000000
0.012854000000000
0.020705000000000
0.012266000000000
0.013130000000000
0.014278000000000
0.012402000000000
0.014064000000000
0.012912000000000
0.016056000000000
0.013465000000000
0.012796000000000
0.013322000000000
0.011284000000000
0.011199000000000
0.013072000000000
0.037519000000000
0.013989000000000
0.013238000000000
0.011595000000000
0.013822000000000
0.011049000000000
0.014538000000000
0.012835000000000
0.013526000000000
0.014167000000000
0.012853000000000
0.013720000000000
0.016706000000000
0.013322000000000
0.013312000000000
0.016033000000000
0.015983000000000
0.012988000000000
0.013356000000000
0.012287000000000
0.012541000000000
0.012771000000000
0.012825000000000
0.013617000000000
0.010265000000000
0.012510000000000
0.012874000000000
0.016220000000000
0.013592000000000
0.010167000000000
0.012803000000000
0.016966000000000
0.013279000000000
0.013427000000000
0.013041000000000
0.013726000000000
0.014346000000000
0.013548000000000
0.011312000000000
0.011010000000000
0.012568000000000
0.013729000000000
0.296578000000000
0.063393000000000
0.010998000000000
0.016808000000000
0.017196000000000
0.010612000000000
0.013860000000000
0.012164000000000
0.016586000000000
0.014075000000000
0.013142000000000
0.013507000000000
0.013876000000000
0.013349000000000
0.013414000000000
0.012834000000000
0.014105000000000
0.013370000000000
0.016470000000000
0.014887000000000
0.012102000000000
0.014180000000000
0.012231000000000
0.012307000000000
0.065107000000000
0.012342000000000
0.014714000000000
0.016348000000000
0.016155000000000
0.014682000000000
0.013430000000000
0.014570000000000
0.011953000000000
0.012368000000000
0.013884000000000
0.012470000000000
0.014029000000000
0.015684000000000
0.013101000000000
0.065169000000000
0.011570000000000
0.012715000000000
0.016042000000000
0.012756000000000
0.013948000000000
0.015661000000000
0.011888000000000
0.013214000000000
0.013345000000000
0.014399000000000
0.011112000000000
0.013725000000000
0.013494000000000
0.011073000000000
0.015418000000000
0.015801000000000
0.012927000000000
0.012090000000000
0.012299000000000
0.014217000000000
0.010453000000000
0.014819000000000
0.012375000000000
0.012939000000000
0.012797000000000
0.016235000000000
0.013450000000000
0.012206000000000
0.010555000000000
0.013085000000000
0.062220000000000
0.011162000000000
0.013082000000000
0.012716000000000
0.013590000000000
0.012620000000000
0.011986000000000
0.012650000000000
0.013051000000000
0.013703000000000
0.013774000000000
0.211718000000000
0.013027000000000
0.012549000000000
0.014226000000000
0.061899000000000
0.014023000000000
0.012498000000000
0.015907000000000
0.010771000000000
0.012583000000000
0.015235000000000
0.010257000000000
0.013247000000000
0.013641000000000
0.012169000000000
0.012817000000000
0.015522000000000
0.013144000000000
0.014737000000000
0.013071000000000
0.065253000000000
0.012976000000000
0.011891000000000
0.404829000000000
0.013023000000000
0.013198000000000
0.014040000000000
0.012968000000000
0.012128000000000
0.013001000000000
0.013368000000000
0.011296000000000
0.013920000000000
0.064869000000000
0.012919000000000
0.012310000000000
0.013827000000000
0.013330000000000
0.013418000000000
0.012725000000000
0.013141000000000
0.014008000000000
0.012961000000000
0.012003000000000
0.014281000000000
0.014956000000000
0.012968000000000
0.012171000000000
0.012416000000000
0.012513000000000
0.011976000000000
0.013771000000000
0.015542000000000
0.016768000000000
0.012908000000000
0.013844000000000
0.012496000000000
0.013203000000000
0.014011000000000
0.013311000000000
0.013148000000000
0.013069000000000
0.012873000000000
0.013023000000000
0.012947000000000
0.015921000000000
0.013376000000000
0.013120000000000
0.014353000000000
0.012426000000000
0.014324000000000
0.013734000000000
0.012686000000000
0.013287000000000
0.010399000000000
0.017365000000000
0.012789000000000
0.014219000000000
0.013495000000000
0.011690000000000
0.014294000000000
0.012445000000000
0.012980000000000
0.014624000000000
0.012933000000000
0.013646000000000
0.010798000000000
0.013405000000000
0.013809000000000
0.013447000000000
0.013329000000000
0.013091000000000
0.016964000000000
0.011537000000000
0.016664000000000
0.011939000000000
0.011089000000000
0.013448000000000
0.013140000000000
0.012812000000000
0.014049000000000
0.013253000000000
0.011878000000000
0.013290000000000
0.013362000000000
0.013380000000000
0.010380000000000
0.015499000000000
0.011526000000000
0.381187000000000
0.011532000000000
0.013629000000000
0.015355000000000
0.013367000000000
0.012928000000000
0.013858000000000
0.013033000000000
0.013320000000000
0.014436000000000
0.015703000000000
0.014052000000000
0.015909000000000
0.012952000000000
0.016731000000000
0.013710000000000
0.013592000000000
0.013536000000000
0.011148000000000
0.016477000000000
0.011018000000000
0.013553000000000
0.013703000000000
0.416893000000000
0.014270000000000
0.013377000000000
0.013304000000000
0.013885000000000
0.066108000000000
0.012223000000000
0.013849000000000
0.012035000000000
0.012819000000000
0.013075000000000
0.013367000000000
0.012493000000000
0.011783000000000
0.013032000000000
0.013992000000000
0.013540000000000
0.015214000000000
0.011954000000000
0.014052000000000
0.013065000000000
0.013728000000000
0.016860000000000
0.010911000000000
0.013392000000000
0.013604000000000
0.013021000000000
0.012660000000000
0.011161000000000
0.013462000000000
0.014479000000000
0.012585000000000
0.013436000000000
0.017479000000000
0.012046000000000
0.014429000000000
0.062004000000000
0.014397000000000
0.012037000000000
0.015885000000000
0.014765000000000
0.011287000000000
0.013600000000000
0.013690000000000
0.012134000000000
0.016975000000000
0.012807000000000
0.013527000000000
0.010902000000000
0.013058000000000
0.013236000000000
0.345851000000000
0.013332000000000
0.016860000000000
0.015339000000000
0.012091000000000
0.013174000000000
0.012647000000000
0.013659000000000
0.012517000000000
0.012217000000000
0.014363000000000
0.012855000000000
0.063528000000000
0.013324000000000
0.013098000000000
0.013897000000000
0.012187000000000
0.013358000000000
0.012294000000000
0.012234000000000
0.014470000000000
0.013237000000000
0.013051000000000
0.014110000000000
0.013181000000000
0.014225000000000
0.012716000000000
0.010486000000000
0.011753000000000
0.016586000000000
0.013858000000000
0.012336000000000
0.014542000000000
0.012308000000000
0.012880000000000
0.013721000000000
0.011968000000000
0.013654000000000
0.016449000000000
0.013106000000000
0.012679000000000
0.016494000000000
0.012281000000000
0.067290000000000
0.012670000000000
0.012971000000000
0.010340000000000
0.014781000000000
0.012527000000000
0.012125000000000
0.013581000000000
0.012177000000000
0.012927000000000
0.011949000000000
0.016416000000000
0.013923000000000
0.012364000000000
0.013536000000000
0.013378000000000
0.013829000000000
0.014321000000000
0.013188000000000
0.015357000000000
0.013630000000000
0.012752000000000
0.013364000000000
0.013718000000000
0.014003000000000
0.011951000000000
0.012966000000000
0.013143000000000
0.013022000000000
0.013268000000000
0.012213000000000
0.012357000000000
0.014510000000000
0.012890000000000
0.014046000000000
0.011100000000000
0.013108000000000
0.011647000000000
0.013588000000000
0.015060000000000
0.062874000000000
0.013668000000000
0.012098000000000
0.012902000000000
0.013818000000000
0.013252000000000
0.187782000000000
0.017048000000000
0.013277000000000
0.014300000000000
0.013268000000000
0.014261000000000
0.062570000000000
0.012521000000000
0.013790000000000
0.016713000000000
0.012354000000000
0.013625000000000
0.011983000000000
0.013313000000000
0.013017000000000
0.012262000000000
0.013855000000000
0.013312000000000
0.013322000000000
0.063428000000000
0.012821000000000
0.012620000000000
0.013192000000000
0.014790000000000
0.013676000000000
0.013613000000000
0.011600000000000
0.012921000000000
0.012983000000000
0.013517000000000
0.062803000000000
0.014024000000000
0.014139000000000
0.012433000000000
0.012700000000000
0.014748000000000
0.014618000000000
0.015915000000000
0.015623000000000
0.012540000000000
0.013621000000000
0.013570000000000
0.012374000000000
0.013801000000000
0.015445000000000
0.013677000000000
0.014191000000000
0.012884000000000
0.017422000000000
0.013104000000000
0.012205000000000
0.014089000000000
0.012399000000000
0.063721000000000
0.013372000000000
0.013191000000000
0.012701000000000
0.012460000000000
0.013417000000000
0.016143000000000
0.013254000000000
0.014233000000000
0.013406000000000
0.016547000000000
0.011973000000000
0.012659000000000
0.014324000000000
0.013220000000000
0.014337000000000
0.013077000000000
0.016877000000000
0.021742000000000
0.012819000000000
0.015028000000000
0.011830000000000
0.012494000000000
0.015603000000000
0.012332000000000
0.017034000000000
0.012965000000000
0.013198000000000
0.014662000000000
0.012396000000000
0.011585000000000
0.013819000000000
0.012933000000000
0.014181000000000
0.013888000000000
0.015248000000000
0.013174000000000
0.066494000000000
0.015163000000000
0.014396000000000
0.013733000000000
0.012326000000000
0.014242000000000
0.014531000000000
0.012214000000000
0.015450000000000
0.014138000000000
0.013564000000000
0.014598000000000
0.013441000000000
0.012978000000000
0.014087000000000
0.013741000000000
0.013459000000000
0.013540000000000
0.013991000000000
0.012807000000000
0.014146000000000
0.013829000000000
0.015525000000000
0.013277000000000
0.013943000000000
0.012253000000000
0.014387000000000
0.067362000000000
0.014579000000000
0.014381000000000
0.015021000000000
0.014006000000000
0.014440000000000
0.012822000000000
0.013588000000000
0.013701000000000
0.013913000000000
0.014773000000000
0.011445000000000
0.010359000000000
0.012861000000000
0.012767000000000
0.012603000000000
0.010870000000000
0.012900000000000
0.012570000000000
0.012826000000000
0.014533000000000
0.013183000000000
0.012200000000000
0.014203000000000
0.012976000000000
0.012376000000000
0.013822000000000
0.014033000000000
0.016453000000000
0.014443000000000
0.014326000000000
0.014039000000000
0.014327000000000
0.014163000000000
0.011454000000000
0.012894000000000
0.012634000000000
0.013413000000000
0.015781000000000
0.014274000000000
0.066862000000000
0.011163000000000
0.013079000000000
0.012190000000000
0.012643000000000
0.014833000000000
0.014316000000000
0.013645000000000
0.013209000000000
0.014336000000000
0.014050000000000
0.011871000000000
0.014243000000000
0.014549000000000
0.013874000000000
0.014446000000000
0.013210000000000
0.013377000000000
0.014689000000000
0.013435000000000
0.013867000000000
0.012944000000000
0.014141000000000
0.013845000000000
0.013797000000000
0.014136000000000
0.066229000000000
0.013937000000000
0.013742000000000
0.012619000000000
0.015559000000000
0.012163000000000
0.013753000000000
0.015524000000000
0.014116000000000
0.015154000000000
0.013990000000000
0.014891000000000
0.015016000000000
0.014127000000000
0.014905000000000
0.013363000000000
0.013266000000000
0.014774000000000
0.013359000000000
0.013943000000000
0.014289000000000
0.014724000000000
0.014970000000000
0.011383000000000
0.014847000000000
0.013296000000000
0.013217000000000
0.017457000000000
0.013338000000000
0.013993000000000
0.012793000000000
0.013702000000000
0.014473000000000
0.011832000000000
0.013865000000000
0.013745000000000
0.013338000000000
0.014986000000000
0.014429000000000
0.012734000000000
0.011634000000000
0.014148000000000
0.013060000000000
0.013345000000000
0.015191000000000
0.014499000000000
0.013578000000000
0.185010000000000
0.015280000000000
0.016002000000000
0.014203000000000
0.013307000000000
0.014263000000000
0.012664000000000
0.014950000000000
0.013159000000000
0.013677000000000
0.012393000000000
0.013268000000000
0.015597000000000
0.012874000000000
0.015013000000000
0.015810000000000
0.013232000000000
0.013277000000000
0.013788000000000
0.012696000000000
0.013810000000000
0.014184000000000
0.066423000000000
0.014077000000000
0.013451000000000
0.014304000000000
0.012799000000000
0.014013000000000
0.014191000000000
0.013665000000000
0.015550000000000
0.011513000000000
0.012245000000000
0.013183000000000
0.013745000000000
0.012900000000000
0.012225000000000
0.067097000000000
0.013674000000000
0.014013000000000
0.014281000000000
0.013096000000000
0.014822000000000
0.013597000000000
0.013294000000000
0.010528000000000
0.013466000000000
0.014712000000000
0.012875000000000
0.012334000000000
0.066072000000000
0.014665000000000
0.013869000000000
0.013975000000000
0.013950000000000
0.012101000000000
0.013341000000000
0.013604000000000
0.012616000000000
0.013864000000000
0.013704000000000
0.013174000000000
0.014346000000000
0.064527000000000
0.011893000000000
0.013407000000000
0.014962000000000
0.012751000000000
0.014136000000000
0.014152000000000
0.013933000000000
0.013019000000000
0.013695000000000
0.012892000000000
0.014924000000000
0.014079000000000
0.013873000000000
0.015356000000000
0.013614000000000
0.013495000000000
0.012669000000000
0.013352000000000
0.015547000000000
0.013293000000000
0.014716000000000
0.013639000000000
0.013905000000000
0.014521000000000
0.065373000000000
0.013340000000000
0.013193000000000
0.013635000000000
0.015207000000000
0.013588000000000
0.014847000000000
0.013752000000000
0.011873000000000
0.014529000000000
0.013883000000000
0.018067000000000
0.013278000000000
0.011670000000000
0.015322000000000
0.012124000000000
0.013822000000000
0.011326000000000
0.014038000000000
0.014873000000000
0.014087000000000
0.014495000000000
0.014208000000000
0.014325000000000
0.013701000000000
0.013827000000000
0.015197000000000
0.013710000000000
0.013549000000000
0.015509000000000
0.012622000000000
0.015133000000000
0.010571000000000
0.013569000000000
0.014683000000000
0.013848000000000
0.012407000000000
0.012603000000000
0.013263000000000
0.016490000000000
0.013316000000000
0.015547000000000
0.012689000000000
0.014307000000000
0.011844000000000
0.013506000000000
0.012212000000000
0.013136000000000
0.013441000000000
0.012339000000000
0.015045000000000
0.013445000000000
0.013577000000000
0.011010000000000
0.033207000000000
0.031676000000000
0.028897000000000
0.031536000000000
0.032421000000000
0.033036000000000
0.031432000000000
0.033559000000000
0.031256000000000
0.030875000000000
0.033389000000000
0.032393000000000
0.032458000000000
0.030966000000000
0.027282000000000
0.033799000000000
0.031437000000000
0.038302000000000
0.031047000000000
0.033960000000000
0.030946000000000
0.032047000000000
0.032347000000000
0.034128000000000
0.031982000000000
0.141860000000000
0.033466000000000
0.032315000000000
0.032443000000000
0.033326000000000
0.031720000000000
0.032256000000000
0.031183000000000
0.030687000000000
0.032707000000000
0.030875000000000
0.033363000000000
0.031950000000000
0.028140000000000
0.033505000000000
0.032206000000000
0.031508000000000
0.028445000000000
0.030061000000000
0.029260000000000
0.031007000000000
0.028850000000000
0.031971000000000
0.031802000000000
0.030849000000000
0.033638000000000
0.031408000000000
0.142687000000000
0.033737000000000
0.031612000000000
0.030847000000000
0.034594000000000
0.031392000000000
0.031416000000000
0.031916000000000
0.031338000000000
0.034427000000000
0.027138000000000
0.033712000000000
0.032421000000000
0.143991000000000
0.034512000000000
0.031946000000000
0.032522000000000
0.031294000000000
0.032174000000000
0.029735000000000
0.030692000000000
0.029771000000000
0.028240000000000
0.032971000000000
0.032710000000000
0.032022000000000
0.032865000000000
0.031753000000000
0.031508000000000
0.034189000000000
0.032190000000000
0.034089000000000
0.030974000000000
0.030888000000000
0.034592000000000
0.031614000000000
0.032518000000000
0.031313000000000
0.027001000000000
0.029868000000000
0.031625000000000
0.145764000000000
0.030598000000000
0.032997000000000
0.029520000000000
0.032001000000000
0.032597000000000
0.031967000000000
0.027270000000000
0.032509000000000
0.027827000000000
0.033260000000000
0.031135000000000
0.050769000000000
0.051793000000000
0.012867000000000
0.012404000000000
0.013173000000000
0.012250000000000
0.012753000000000
0.013617000000000
0.015861000000000
0.011009000000000
0.012704000000000
0.013711000000000
0.014106000000000
0.013151000000000
0.011559000000000
0.013293000000000
0.014756000000000
0.013508000000000
0.011411000000000
0.012680000000000
0.016950000000000
0.013053000000000
0.011965000000000
0.013677000000000
0.015169000000000
0.012900000000000
0.014850000000000
0.013468000000000
0.012593000000000
0.013643000000000
0.012443000000000
0.012999000000000
0.012326000000000
0.012057000000000
0.013271000000000
0.014495000000000
0.015330000000000
0.013844000000000
0.016098000000000
0.012735000000000
0.014668000000000
0.014650000000000
0.012337000000000
0.016573000000000
0.013662000000000
0.012782000000000
0.012963000000000
0.013175000000000
0.014738000000000
0.013001000000000
0.013105000000000
0.014073000000000
0.012380000000000
0.013179000000000
0.012820000000000
0.013726000000000
0.014302000000000
0.013580000000000
0.013045000000000
0.012961000000000
0.012355000000000
0.013434000000000
0.013270000000000
0.014699000000000
0.013474000000000
0.013323000000000
0.013288000000000
0.012624000000000
0.013653000000000
0.012091000000000
0.020320000000000
0.013310000000000
0.014494000000000
0.011983000000000
0.012534000000000
0.013498000000000
0.016175000000000
0.014331000000000
0.013768000000000
0.013081000000000
0.014105000000000
0.067578000000000
0.014076000000000
0.012724000000000
0.013177000000000
0.013379000000000
0.014283000000000
0.013302000000000
0.012999000000000
0.012733000000000
0.014542000000000
0.012569000000000
0.017997000000000
0.012727000000000
0.066597000000000
0.014118000000000
0.013651000000000
0.013389000000000
0.012500000000000
0.012920000000000
0.014852000000000
0.013123000000000
0.013749000000000
0.016785000000000
0.011976000000000
0.011161000000000
0.016678000000000
0.012525000000000
0.012976000000000
0.013783000000000
0.012674000000000
0.013334000000000
0.014921000000000
0.010360000000000
0.013711000000000
0.013195000000000
0.013028000000000
0.014978000000000
0.102708000000000
0.013239000000000
0.012235000000000
0.012668000000000
0.013896000000000
0.012761000000000
0.013855000000000
0.013237000000000
0.012815000000000
0.015201000000000
0.013546000000000
0.013111000000000
0.010120000000000
0.013548000000000
0.012313000000000
0.065677000000000
0.013274000000000
0.012632000000000
0.012385000000000
0.014093000000000
0.012234000000000
0.013553000000000
0.013621000000000
0.012536000000000
0.014209000000000
0.013572000000000
0.012685000000000
0.012812000000000
0.012767000000000
0.013880000000000
0.012974000000000
0.013600000000000
0.012856000000000
0.013137000000000
0.013544000000000
0.012917000000000
0.011672000000000
0.013366000000000
0.011844000000000
0.014514000000000
0.012852000000000
0.012235000000000
0.011214000000000
0.013503000000000
0.012238000000000
0.013882000000000
0.014277000000000
0.013050000000000
0.012647000000000
0.066397000000000
0.013327000000000
0.014071000000000
0.013200000000000
0.012814000000000
0.013733000000000
0.014203000000000
0.012724000000000
0.015111000000000
0.014132000000000
0.014826000000000
0.013083000000000
0.014576000000000
0.012274000000000
0.013971000000000
0.014200000000000
0.013462000000000
0.013727000000000
0.013338000000000
0.011307000000000
0.012864000000000
0.013247000000000
0.013691000000000
0.012892000000000
0.013818000000000
0.014197000000000
0.012485000000000
0.013273000000000
0.013386000000000
0.013115000000000
0.013249000000000
0.012640000000000
0.011925000000000
0.013718000000000
0.017039000000000
0.014503000000000
0.010943000000000
0.013413000000000
0.011506000000000
0.066129000000000
0.013414000000000
0.012893000000000
0.013228000000000
0.013473000000000
0.013386000000000
0.013782000000000
0.010687000000000
0.014422000000000
0.012802000000000
0.013110000000000
0.013409000000000
0.066639000000000
0.013664000000000
0.012686000000000
0.012289000000000
0.014251000000000
0.012764000000000
0.014206000000000
0.012889000000000
0.013789000000000
0.013447000000000
0.405245000000000
0.016564000000000
0.012883000000000
0.014146000000000
0.014097000000000
0.011402000000000
0.012761000000000
0.013451000000000
0.013766000000000
0.013056000000000
0.014316000000000
0.014136000000000
0.013346000000000
0.012327000000000
0.062077000000000
0.017558000000000
0.011417000000000
0.012643000000000
0.013869000000000
0.013338000000000
0.017627000000000
0.013692000000000
0.012438000000000
0.014160000000000
0.013171000000000
0.013699000000000
0.012740000000000
0.010909000000000
0.011990000000000
0.012578000000000
0.013467000000000
0.012037000000000
0.016254000000000
0.015162000000000
0.012832000000000
0.014144000000000
0.013987000000000
0.013788000000000
0.014062000000000
0.013722000000000
0.011570000000000
0.062698000000000
0.014077000000000
0.012980000000000
0.014842000000000
0.013610000000000
0.013804000000000
0.014321000000000
0.013230000000000
0.012909000000000
0.012265000000000
0.010844000000000
0.011993000000000
0.013932000000000
0.012536000000000
0.012504000000000
0.013279000000000
0.013846000000000
0.010833000000000
0.014042000000000
0.013899000000000
0.013382000000000
0.013714000000000
0.012593000000000
0.015334000000000
0.012914000000000
0.012987000000000
0.012129000000000
0.014287000000000
0.014523000000000
0.013538000000000
0.013673000000000
0.013548000000000
0.013774000000000
0.013543000000000
0.012616000000000
0.013745000000000
0.013839000000000
0.010880000000000
0.014921000000000
0.011806000000000
0.011584000000000
0.013895000000000
0.012617000000000
0.013221000000000
0.014351000000000
0.013663000000000
0.011852000000000
0.013190000000000
0.012832000000000
0.014056000000000
0.014456000000000
0.013601000000000
0.013892000000000
0.015007000000000
0.010385000000000
0.011993000000000
0.011034000000000
0.016704000000000
0.014393000000000
0.014128000000000
0.013116000000000
0.014023000000000
0.012775000000000
0.013070000000000
0.013701000000000
0.012475000000000
0.015248000000000
0.010536000000000
0.013206000000000
0.013199000000000
0.010512000000000
0.013445000000000
0.012909000000000
0.014357000000000
0.012761000000000
0.012468000000000
0.017318000000000
0.012479000000000
0.014011000000000
0.014749000000000
0.012359000000000
0.012352000000000
0.012140000000000
0.013996000000000
0.012338000000000
0.010407000000000
0.013631000000000
0.017125000000000
0.014174000000000
0.013069000000000
0.016785000000000
0.013689000000000
0.013192000000000
0.011843000000000
0.013142000000000
0.011744000000000
0.014835000000000
0.016081000000000
0.014835000000000
0.010305000000000
0.012686000000000
0.014364000000000
0.012364000000000
0.015014000000000
0.013084000000000
0.013149000000000
0.015274000000000
0.016397000000000
0.012982000000000
0.012235000000000
0.062115000000000
0.014854000000000
0.013437000000000
0.014622000000000
0.013152000000000
0.011389000000000
0.014661000000000
0.019826000000000
0.013888000000000
0.015544000000000
0.013029000000000
0.064245000000000
0.014148000000000
0.013715000000000
0.011605000000000
0.013350000000000
0.013351000000000
0.014101000000000
0.013542000000000
0.014504000000000
0.013103000000000
0.016143000000000
0.015025000000000
0.014368000000000
0.015025000000000
0.015383000000000
0.011089000000000
0.014301000000000
0.012251000000000
0.013747000000000
0.012930000000000
0.013148000000000
0.013572000000000
0.012689000000000
0.014466000000000
0.012557000000000
0.013065000000000
0.014701000000000
0.012657000000000
0.012487000000000
0.014160000000000
0.011444000000000
0.011540000000000
0.017524000000000
0.013564000000000
0.014074000000000
0.012648000000000
0.013139000000000
0.012914000000000
0.012172000000000
0.012812000000000
0.013216000000000
0.013381000000000
0.012943000000000
0.014310000000000
0.011521000000000
0.014186000000000
0.014178000000000
0.011882000000000
0.013547000000000
0.013199000000000
0.013995000000000
0.015740000000000
0.014004000000000
0.014138000000000
0.013579000000000
0.014842000000000
0.013232000000000
0.012134000000000
0.013878000000000
0.012925000000000
0.014380000000000
0.013519000000000
0.011580000000000
0.061687000000000
0.011009000000000
0.016050000000000
0.012481000000000
0.013292000000000
0.014024000000000
0.013518000000000
0.013452000000000
0.013127000000000
0.016915000000000
0.013383000000000
0.013439000000000
0.013700000000000
0.065062000000000
0.013072000000000
0.014720000000000
0.012555000000000
0.013647000000000
0.013889000000000
0.011106000000000
0.014901000000000
0.014022000000000
0.011320000000000
0.014013000000000
0.012132000000000
0.063673000000000
0.011296000000000
0.013840000000000
0.013863000000000
0.013154000000000
0.017448000000000
0.013794000000000
0.013009000000000
0.012744000000000
0.014177000000000
0.014335000000000
0.013538000000000
0.013365000000000
0.012166000000000
0.013931000000000
0.013191000000000
0.014300000000000
0.013609000000000
0.012146000000000
0.013488000000000
0.014566000000000
0.012527000000000
0.012311000000000
0.012689000000000
0.015935000000000
0.013102000000000
0.013019000000000
0.013390000000000
0.010758000000000
0.012353000000000
0.013481000000000
0.016330000000000
0.014886000000000
0.012282000000000
0.012078000000000
0.014166000000000
0.012801000000000
0.012927000000000
0.012897000000000
0.012963000000000
0.014334000000000
0.012971000000000
0.014005000000000
0.013428000000000
0.013000000000000
0.017532000000000
0.013291000000000
0.013714000000000
0.012164000000000
0.011506000000000
0.014523000000000
0.012392000000000
0.012639000000000
0.011166000000000
0.012437000000000
0.011528000000000
0.012801000000000
0.013683000000000
0.012828000000000
0.063270000000000
0.014494000000000
0.013525000000000
0.013543000000000
0.014161000000000
0.010686000000000
0.027795000000000
0.013830000000000
0.012956000000000
0.014541000000000
0.013050000000000
0.013566000000000
0.012697000000000
0.012377000000000
0.014557000000000
0.013601000000000
0.014611000000000
0.012384000000000
0.010366000000000
0.014617000000000
0.015744000000000
0.013496000000000
0.062529000000000
0.012926000000000
0.017793000000000
0.011871000000000
0.014294000000000
0.012783000000000
0.013454000000000
0.013698000000000
0.013286000000000
0.013545000000000
0.013281000000000
0.012936000000000
0.064574000000000
0.012895000000000
0.017254000000000
0.012439000000000
0.012473000000000
0.014251000000000
0.017611000000000
0.011822000000000
0.012960000000000
0.013125000000000
0.013443000000000
0.013841000000000
0.065983000000000
0.013000000000000
0.013001000000000
0.012876000000000
0.011213000000000
0.011385000000000
0.012125000000000
0.013229000000000
0.015789000000000
0.012667000000000
0.013874000000000
0.012046000000000
0.066439000000000
0.012410000000000
0.013192000000000
0.013841000000000
0.013080000000000
0.013794000000000
0.013581000000000
0.011938000000000
0.013007000000000
0.012763000000000
0.013209000000000
0.012586000000000
0.012991000000000
0.014344000000000
0.011168000000000
0.013498000000000
0.012898000000000
0.013177000000000
0.013660000000000
0.013315000000000
0.014223000000000
0.013256000000000
0.011799000000000
0.014411000000000
0.010282000000000
0.068382000000000
0.012842000000000
0.013327000000000
0.014501000000000
0.010613000000000
0.014208000000000
0.016549000000000
0.012629000000000
0.013900000000000
0.013665000000000
0.012927000000000
0.013215000000000
0.065832000000000
0.017393000000000
0.013391000000000
0.013904000000000
0.013835000000000
0.013172000000000
0.014424000000000
0.012675000000000
0.013373000000000
0.011506000000000
0.013478000000000
0.013610000000000
0.017344000000000
0.013821000000000
0.011102000000000
0.012368000000000
0.015580000000000
0.012894000000000
0.013699000000000
0.012939000000000
0.012880000000000
0.014518000000000
0.013635000000000
0.013571000000000
0.013177000000000
0.013628000000000
0.012774000000000
0.016872000000000
0.014113000000000
0.013067000000000
0.012601000000000
0.013407000000000
0.012947000000000
0.013208000000000
0.014206000000000
0.012904000000000
0.013219000000000
0.012769000000000
0.013704000000000
0.011928000000000
0.013170000000000
0.012168000000000
0.012682000000000
0.012985000000000
0.010529000000000
0.013402000000000
0.015065000000000
0.062896000000000
0.013606000000000
0.012649000000000
0.012525000000000
0.012960000000000
0.012135000000000
0.012940000000000
0.012268000000000
0.013996000000000
0.013807000000000
0.013441000000000
0.013341000000000
0.064081000000000
0.013908000000000
0.012691000000000
0.012106000000000
0.013234000000000
0.012466000000000
0.012320000000000
0.013946000000000
0.012398000000000
0.024711000000000
0.061675000000000
0.012856000000000
0.018803000000000
0.016314000000000
0.013904000000000
0.012138000000000
0.011977000000000
0.013730000000000
0.010558000000000
0.013976000000000
0.013780000000000
0.012078000000000
0.062732000000000
0.013947000000000
0.014234000000000
0.012444000000000
0.013466000000000
0.011445000000000
0.012939000000000
0.012320000000000
0.012825000000000
0.013029000000000
0.015987000000000
0.012613000000000
0.014851000000000
0.013048000000000
0.012700000000000
0.014262000000000
0.012401000000000
0.014099000000000
0.014104000000000
0.012516000000000
0.010911000000000
0.014643000000000
0.063320000000000
0.012846000000000
0.013319000000000
0.013329000000000
0.010350000000000
0.013953000000000
0.012847000000000
0.013994000000000
0.013409000000000
0.013261000000000
0.014636000000000
0.013538000000000
0.013822000000000
0.062191000000000
0.013265000000000
0.013702000000000
0.013202000000000
0.013709000000000
0.012590000000000
0.013176000000000
0.013915000000000
0.013563000000000
0.014307000000000
0.015971000000000
0.013545000000000
0.013054000000000
0.011498000000000
0.013726000000000
0.012546000000000
0.013000000000000
0.014608000000000
0.013152000000000
0.012074000000000
0.013141000000000
0.013429000000000
0.014807000000000
0.012878000000000
0.015109000000000
0.013083000000000
0.013473000000000
0.011317000000000
0.012676000000000
0.013014000000000
0.012850000000000
0.012679000000000
0.011306000000000
0.012406000000000
0.017645000000000
0.012211000000000
0.014183000000000
0.014140000000000
0.013492000000000
0.012475000000000
0.013412000000000
0.013097000000000
0.014694000000000
0.012284000000000
0.012450000000000
0.012509000000000
0.013461000000000
0.014643000000000
0.012313000000000
0.012788000000000
0.065050000000000
0.012713000000000
0.013580000000000
0.012245000000000
0.016207000000000
0.013186000000000
0.012912000000000
0.016947000000000
0.012314000000000
0.017482000000000
0.013985000000000
0.014258000000000
0.014267000000000
0.013143000000000
0.015105000000000
0.012388000000000
0.012968000000000
0.014075000000000
0.015152000000000
0.013576000000000
0.012457000000000
0.015671000000000
0.013336000000000
0.013272000000000
0.014685000000000
0.010789000000000
0.062974000000000
0.015103000000000
0.012985000000000
0.015500000000000
0.012832000000000
0.012770000000000
0.012727000000000
0.013261000000000
0.014640000000000
0.012956000000000
0.012963000000000
0.014014000000000
0.016860000000000
0.013005000000000
0.011871000000000
0.011536000000000
0.014346000000000
0.015721000000000
0.013883000000000
0.014028000000000
0.012668000000000
0.013474000000000
0.013653000000000
0.016283000000000
0.068436000000000
0.012442000000000
0.014094000000000
0.012876000000000
0.014062000000000
0.013017000000000
0.013681000000000
0.013133000000000
0.012360000000000
0.024505000000000
0.012846000000000
0.013026000000000
0.015070000000000
0.012454000000000
0.014328000000000
0.013723000000000
0.011481000000000
0.015054000000000
0.013715000000000
0.014243000000000
0.013526000000000
0.012052000000000
0.013569000000000
0.012097000000000
0.014059000000000
0.013462000000000
0.013544000000000
0.013489000000000
0.012383000000000
0.017395000000000
0.013521000000000
0.012742000000000
0.014284000000000
0.012722000000000
0.013059000000000
0.012291000000000
0.010859000000000
0.015103000000000
0.013954000000000
0.014002000000000
0.012223000000000
0.014256000000000
0.014130000000000
0.013399000000000
0.012783000000000
0.012775000000000
0.011564000000000
0.013604000000000
0.014570000000000
0.015093000000000
0.011217000000000
0.014382000000000
0.013036000000000
0.013600000000000
0.012205000000000
0.010958000000000
0.013334000000000
0.013847000000000
0.013544000000000
0.014000000000000
0.013850000000000
0.013627000000000
0.066026000000000
0.013824000000000
0.013730000000000
0.013525000000000
0.013169000000000
0.013096000000000
0.015056000000000
0.012578000000000
0.012786000000000
0.014975000000000
0.013191000000000
0.011998000000000
0.011701000000000
0.013361000000000
0.014038000000000
0.013385000000000
0.012498000000000
0.014825000000000
0.013759000000000
0.013944000000000
0.014704000000000
0.014323000000000
0.012643000000000
0.012232000000000
0.014088000000000
0.012935000000000
0.011361000000000
0.014129000000000
0.012715000000000
0.014815000000000
0.013773000000000
0.013981000000000
0.016414000000000
0.013525000000000
0.013752000000000
0.013039000000000
0.013394000000000
0.012047000000000
0.012134000000000
0.014025000000000
0.013536000000000
0.012851000000000
0.012427000000000
0.013676000000000
0.014918000000000
0.010770000000000
0.016950000000000
0.013463000000000
0.012057000000000
0.017819000000000
0.010686000000000
0.010992000000000
0.013913000000000
0.010640000000000
0.014264000000000
0.013812000000000
0.013266000000000
0.015293000000000
0.012640000000000
0.017106000000000
0.013725000000000
0.012606000000000
0.013907000000000
0.014341000000000
0.013516000000000
0.015504000000000
0.013664000000000
0.014798000000000
0.064302000000000
0.013821000000000
0.012554000000000
0.012447000000000
0.014431000000000
0.012214000000000
0.014296000000000
0.010379000000000
0.012336000000000
0.014289000000000
0.013094000000000
0.013450000000000
0.062734000000000
0.013070000000000
0.013176000000000
0.012783000000000
0.013320000000000
0.013111000000000
0.012370000000000
0.015153000000000
0.012903000000000
0.011136000000000
0.010766000000000
0.013226000000000
0.014924000000000
0.012929000000000
0.017273000000000
0.013603000000000
0.013114000000000
0.013216000000000
0.014774000000000
0.013607000000000
0.013124000000000
0.063680000000000
0.013868000000000
0.017584000000000
0.014098000000000
0.014496000000000
0.014131000000000
0.013184000000000
0.013497000000000
0.014292000000000
0.012532000000000
0.014717000000000
0.062062000000000
0.012803000000000
0.013686000000000
0.012855000000000
0.013389000000000
0.013766000000000
0.012440000000000
0.014071000000000
0.012465000000000
0.011099000000000
0.012514000000000
0.063719000000000
0.017109000000000
0.013439000000000
0.013301000000000
0.012361000000000
0.011202000000000
0.013308000000000
0.012898000000000
0.012767000000000
0.012374000000000
0.014231000000000
0.014838000000000
0.013531000000000
0.012603000000000
0.012895000000000
0.012349000000000
0.013443000000000
0.015595000000000
0.012173000000000
0.013096000000000
0.014301000000000
0.014061000000000
0.011730000000000
0.013513000000000
0.063425000000000
0.013896000000000
0.012482000000000
0.016621000000000
0.012602000000000
0.013251000000000
0.014424000000000
0.012074000000000
0.011585000000000
0.011163000000000
0.013230000000000
0.014198000000000
0.010179000000000
0.016936000000000
0.013517000000000
0.013839000000000
0.015529000000000
0.012683000000000
0.014043000000000
0.014387000000000
0.012141000000000
0.011849000000000
0.062401000000000
0.013304000000000
