0.012886000000000
0.013219000000000
0.106574000000000
0.010433000000000
0.012770000000000
0.013303000000000
0.013007000000000
0.219466000000000
0.009600000000000
0.012400000000000
0.011364000000000
0.009897000000000
0.013604000000000
0.012788000000000
0.014998000000000
0.010966000000000
0.013275000000000
0.016876000000000
0.013400000000000
0.015157000000000
0.012806000000000
0.015728000000000
0.013008000000000
0.012420000000000
0.013506000000000
0.011935000000000
0.011699000000000
0.011725000000000
0.013084000000000
0.121167000000000
0.016026000000000
0.012373000000000
0.012417000000000
0.011631000000000
0.013918000000000
0.011452000000000
0.011562000000000
0.012097000000000
0.011225000000000
0.012566000000000
0.010720000000000
0.012842000000000
0.013159000000000
0.013081000000000
0.013007000000000
0.012574000000000
0.012757000000000
0.012003000000000
0.012951000000000
0.017531000000000
0.013374000000000
0.010871000000000
0.118879000000000
0.011653000000000
0.011749000000000
0.009898000000000
0.012875000000000
0.010896000000000
0.010699000000000
0.010885000000000
0.012302000000000
0.011485000000000
0.010235000000000
0.011594000000000
0.017232000000000
0.011712000000000
0.011043000000000
0.016625000000000
0.012162000000000
0.016958000000000
0.011154000000000
0.011445000000000
0.013155000000000
0.011015000000000
0.013780000000000
0.011514000000000
0.409105000000000
0.011593000000000
0.012582000000000
0.013779000000000
0.011415000000000
0.013628000000000
0.013311000000000
0.011176000000000
0.012077000000000
0.009941000000000
0.013545000000000
0.012593000000000
0.012749000000000
0.012173000000000
0.015687000000000
0.016148000000000
0.013376000000000
0.011637000000000
0.016930000000000
0.009922000000000
0.015668000000000
0.012735000000000
0.010572000000000
0.011043000000000
0.015630000000000
0.014540000000000
0.010973000000000
0.015980000000000
0.011506000000000
0.011416000000000
0.013903000000000
0.013082000000000
0.015472000000000
0.014160000000000
0.013284000000000
0.013714000000000
0.010699000000000
0.011037000000000
0.016885000000000
0.013322000000000
0.013307000000000
0.065417000000000
0.013189000000000
0.014221000000000
0.015764000000000
0.013440000000000
0.015615000000000
0.013950000000000
0.014657000000000
0.015683000000000
0.014419000000000
0.011801000000000
0.011494000000000
0.012765000000000
0.011971000000000
0.012327000000000
0.010694000000000
0.010144000000000
0.013986000000000
0.011702000000000
0.014904000000000
0.015858000000000
0.010223000000000
0.013792000000000
0.015878000000000
0.012148000000000
0.010436000000000
0.011347000000000
0.066497000000000
0.012979000000000
0.012937000000000
0.014995000000000
0.012837000000000
0.013456000000000
0.015641000000000
0.011902000000000
0.012623000000000
0.013891000000000
0.012545000000000
0.014079000000000
0.013917000000000
0.012902000000000
0.010338000000000
0.012826000000000
0.012226000000000
0.013539000000000
0.013224000000000
0.014192000000000
0.013210000000000
0.011721000000000
0.011570000000000
0.011361000000000
0.012642000000000
0.012814000000000
0.009987000000000
0.013759000000000
0.011517000000000
0.010133000000000
0.012328000000000
0.012048000000000
0.013582000000000
0.012797000000000
0.010694000000000
0.012830000000000
0.011203000000000
0.013460000000000
0.011003000000000
0.012102000000000
0.013753000000000
0.012073000000000
0.010603000000000
0.062738000000000
0.015141000000000
0.013369000000000
0.013419000000000
0.016192000000000
0.010546000000000
0.011890000000000
0.011320000000000
0.015655000000000
0.011690000000000
0.012038000000000
0.010936000000000
0.013752000000000
0.014300000000000
0.017208000000000
0.011251000000000
0.010253000000000
0.015361000000000
0.010243000000000
0.011254000000000
0.010175000000000
0.011734000000000
0.012993000000000
0.011361000000000
0.014021000000000
0.013052000000000
0.010300000000000
0.012277000000000
0.012285000000000
0.011466000000000
0.015322000000000
0.011794000000000
0.013931000000000
0.012326000000000
0.011581000000000
0.010560000000000
0.012674000000000
0.074704000000000
0.012755000000000
0.015077000000000
0.013618000000000
0.012773000000000
0.014492000000000
0.011620000000000
0.010509000000000
0.009619000000000
0.010881000000000
0.010645000000000
0.009985000000000
0.013398000000000
0.013164000000000
0.010998000000000
0.013820000000000
0.011627000000000
0.010736000000000
0.069449000000000
0.011450000000000
0.013551000000000
0.013512000000000
0.011652000000000
0.014125000000000
0.013386000000000
0.013739000000000
0.012532000000000
0.013373000000000
0.011844000000000
0.011615000000000
0.016297000000000
0.010486000000000
0.015706000000000
0.010944000000000
0.013052000000000
0.011176000000000
0.012809000000000
0.014530000000000
0.011175000000000
0.012555000000000
0.012616000000000
0.013402000000000
0.013856000000000
0.013601000000000
0.015119000000000
0.016888000000000
0.012082000000000
0.012177000000000
0.011935000000000
0.015904000000000
0.017009000000000
0.011270000000000
0.012259000000000
0.011979000000000
0.010757000000000
0.013237000000000
0.014318000000000
0.011725000000000
0.012404000000000
0.014403000000000
0.010949000000000
0.010942000000000
0.012605000000000
0.013227000000000
0.011709000000000
0.012606000000000
0.012295000000000
0.013659000000000
0.010579000000000
0.012007000000000
0.013556000000000
0.010664000000000
0.012407000000000
0.012055000000000
0.013192000000000
0.012664000000000
0.011295000000000
0.015799000000000
0.015901000000000
0.012091000000000
0.011179000000000
0.010700000000000
0.011753000000000
0.009988000000000
0.013602000000000
0.013624000000000
0.012770000000000
0.013009000000000
0.013357000000000
0.012576000000000
0.015414000000000
0.010755000000000
0.013678000000000
0.013224000000000
0.012780000000000
0.014150000000000
0.012115000000000
0.013325000000000
0.012185000000000
0.013377000000000
0.012715000000000
0.013272000000000
0.012797000000000
0.012572000000000
0.012104000000000
0.016660000000000
0.010544000000000
0.016100000000000
0.010640000000000
0.012799000000000
0.064394000000000
0.012564000000000
0.010595000000000
0.009956000000000
0.012773000000000
0.013209000000000
0.012445000000000
0.011863000000000
0.014465000000000
0.011706000000000
0.013462000000000
0.012267000000000
0.016479000000000
0.013187000000000
0.011323000000000
0.016074000000000
0.012518000000000
0.010759000000000
0.010978000000000
0.017017000000000
0.012607000000000
0.013691000000000
0.013753000000000
0.016440000000000
0.011797000000000
0.016975000000000
0.012568000000000
0.013810000000000
0.012905000000000
0.012150000000000
0.013498000000000
0.012617000000000
0.012422000000000
0.016371000000000
0.010695000000000
0.012116000000000
0.062708000000000
0.014055000000000
0.012515000000000
0.015542000000000
0.017368000000000
0.013458000000000
0.013387000000000
0.016886000000000
0.013282000000000
0.012617000000000
0.014222000000000
0.010483000000000
0.015969000000000
0.011734000000000
0.014080000000000
0.011044000000000
0.014132000000000
0.011821000000000
0.012960000000000
0.012372000000000
0.011659000000000
0.016545000000000
0.012717000000000
0.013177000000000
0.014155000000000
0.151126000000000
0.011876000000000
0.016662000000000
0.011051000000000
0.011980000000000
0.012760000000000
0.012790000000000
0.014927000000000
0.011928000000000
0.040295000000000
0.011734000000000
0.014896000000000
0.012765000000000
0.012725000000000
0.012602000000000
0.013248000000000
0.010736000000000
0.013976000000000
0.012811000000000
0.011830000000000
0.013997000000000
0.013382000000000
0.013075000000000
0.013537000000000
0.012932000000000
0.016751000000000
0.012992000000000
0.013795000000000
0.016234000000000
0.012529000000000
0.011452000000000
0.012548000000000
0.013635000000000
0.010741000000000
0.011371000000000
0.010786000000000
0.010794000000000
0.015692000000000
0.015236000000000
0.010393000000000
0.011815000000000
0.013254000000000
0.011877000000000
0.013865000000000
0.015056000000000
0.013370000000000
0.011118000000000
0.013790000000000
0.010786000000000
0.011117000000000
0.013756000000000
0.011976000000000
0.011469000000000
0.012008000000000
0.010761000000000
0.014213000000000
0.010432000000000
0.150967000000000
0.012628000000000
0.015034000000000
0.063819000000000
0.013244000000000
0.013835000000000
0.010011000000000
0.013260000000000
0.012912000000000
0.010346000000000
0.014657000000000
0.012012000000000
0.011962000000000
0.016341000000000
0.012734000000000
0.011187000000000
0.012816000000000
0.012553000000000
0.011717000000000
0.011746000000000
0.013585000000000
0.011529000000000
0.012841000000000
0.451648000000000
0.012399000000000
0.013449000000000
0.012445000000000
0.014241000000000
0.013612000000000
0.016396000000000
0.013140000000000
0.014336000000000
0.013607000000000
0.015271000000000
0.013234000000000
0.012628000000000
0.010497000000000
0.011290000000000
0.016617000000000
0.013997000000000
0.013573000000000
0.015745000000000
0.011655000000000
0.017092000000000
0.011830000000000
0.057247000000000
0.012520000000000
0.015514000000000
0.013878000000000
0.014650000000000
0.013097000000000
0.011403000000000
0.014167000000000
0.014610000000000
0.015977000000000
0.013088000000000
0.012806000000000
0.012954000000000
0.014167000000000
0.012540000000000
0.012409000000000
0.009970000000000
0.011206000000000
0.010927000000000
0.013025000000000
0.015039000000000
0.014433000000000
0.010753000000000
0.012100000000000
0.013082000000000
0.014156000000000
0.012005000000000
0.010095000000000
0.017170000000000
0.011619000000000
0.013828000000000
0.016180000000000
0.013234000000000
0.010693000000000
0.010646000000000
0.011676000000000
0.013478000000000
0.012295000000000
0.011726000000000
0.012452000000000
0.013728000000000
0.012796000000000
0.014539000000000
0.012419000000000
0.012184000000000
0.098348000000000
0.012909000000000
0.016359000000000
0.010773000000000
0.010398000000000
0.012892000000000
0.016313000000000
0.012030000000000
0.016391000000000
0.013135000000000
0.012727000000000
0.013913000000000
0.012766000000000
0.068601000000000
0.012991000000000
0.014190000000000
0.012888000000000
0.012911000000000
0.012941000000000
0.013225000000000
0.011569000000000
0.381701000000000
0.013208000000000
0.017444000000000
0.012488000000000
0.021779000000000
0.010654000000000
0.014274000000000
0.011819000000000
0.011442000000000
0.017335000000000
0.012109000000000
0.012751000000000
0.011609000000000
0.015832000000000
0.010092000000000
0.013287000000000
0.015610000000000
0.013229000000000
0.013156000000000
0.013257000000000
0.013423000000000
0.013564000000000
0.013867000000000
0.013257000000000
0.013689000000000
0.013509000000000
0.012906000000000
0.014451000000000
0.012193000000000
0.011463000000000
0.013284000000000
0.012694000000000
0.016853000000000
0.013202000000000
0.016145000000000
0.014098000000000
0.011875000000000
0.014743000000000
0.011958000000000
0.010071000000000
0.013647000000000
0.009952000000000
0.013047000000000
0.012905000000000
0.009845000000000
0.014308000000000
0.014223000000000
0.011423000000000
0.012803000000000
0.013478000000000
0.012193000000000
0.010865000000000
0.012454000000000
0.013709000000000
0.011960000000000
0.013339000000000
0.012910000000000
0.015873000000000
0.012174000000000
0.012428000000000
0.013088000000000
0.011198000000000
0.012884000000000
0.213669000000000
0.012710000000000
0.013414000000000
0.013087000000000
0.014250000000000
0.012996000000000
0.013503000000000
0.016359000000000
0.012824000000000
0.013349000000000
0.013381000000000
0.012521000000000
0.016468000000000
0.012688000000000
0.013687000000000
0.012860000000000
0.010737000000000
0.067509000000000
0.011957000000000
0.013316000000000
0.013450000000000
0.016793000000000
0.016379000000000
0.011698000000000
0.013404000000000
0.011393000000000
0.011948000000000
0.015857000000000
0.013030000000000
0.014199000000000
0.010962000000000
0.011817000000000
0.013788000000000
0.012455000000000
0.013100000000000
0.011682000000000
0.012465000000000
0.012630000000000
0.011127000000000
0.012056000000000
0.013117000000000
0.016075000000000
0.014280000000000
0.012425000000000
0.017001000000000
0.013345000000000
0.012726000000000
0.014120000000000
0.012829000000000
0.013543000000000
0.016073000000000
0.011068000000000
0.010686000000000
0.012728000000000
0.013316000000000
0.012944000000000
0.012374000000000
0.014125000000000
0.016446000000000
0.012993000000000
0.016345000000000
0.013497000000000
0.011380000000000
0.012424000000000
0.013659000000000
0.012252000000000
0.015018000000000
0.013962000000000
0.011722000000000
0.016312000000000
0.017146000000000
0.012809000000000
0.012798000000000
0.012274000000000
0.013323000000000
0.009748000000000
0.012218000000000
0.066055000000000
0.013671000000000
0.017952000000000
0.014868000000000
0.014650000000000
0.014214000000000
0.012321000000000
0.013403000000000
0.012669000000000
0.011746000000000
0.013786000000000
0.016616000000000
0.013759000000000
0.010727000000000
0.013582000000000
0.013906000000000
0.012828000000000
0.014097000000000
0.013343000000000
0.010859000000000
0.013671000000000
0.478715000000000
0.069749000000000
0.010923000000000
0.013036000000000
0.017103000000000
0.012706000000000
0.016400000000000
0.013100000000000
0.015591000000000
0.013992000000000
0.010296000000000
0.013197000000000
0.012211000000000
0.089429000000000
0.012382000000000
0.015810000000000
0.012526000000000
0.013575000000000
0.014048000000000
0.011528000000000
0.014385000000000
0.015494000000000
0.010894000000000
0.012093000000000
0.012625000000000
0.017061000000000
0.012072000000000
0.013527000000000
0.011222000000000
0.012553000000000
0.011668000000000
0.013508000000000
0.012382000000000
0.012171000000000
0.011658000000000
0.013047000000000
0.012762000000000
0.012437000000000
0.016657000000000
0.013189000000000
0.012637000000000
0.011085000000000
0.012575000000000
0.014852000000000
0.010809000000000
0.011710000000000
0.011814000000000
0.012994000000000
0.012668000000000
0.014116000000000
0.013977000000000
0.014323000000000
0.013038000000000
0.013199000000000
0.015780000000000
0.013908000000000
0.010988000000000
0.012569000000000
0.013410000000000
0.010461000000000
0.013235000000000
0.013423000000000
0.016347000000000
0.012428000000000
0.013000000000000
0.014343000000000
0.011895000000000
0.010840000000000
0.013882000000000
0.013173000000000
0.012374000000000
0.012865000000000
0.012801000000000
0.012941000000000
0.013852000000000
0.012172000000000
0.016987000000000
0.012810000000000
0.012820000000000
0.014128000000000
0.012056000000000
0.016447000000000
0.011012000000000
0.012137000000000
0.013539000000000
0.012716000000000
0.013445000000000
0.010804000000000
0.012584000000000
0.013649000000000
0.013180000000000
0.014246000000000
0.012557000000000
0.013371000000000
0.013820000000000
0.011858000000000
0.014020000000000
0.011939000000000
0.012327000000000
0.010431000000000
0.012703000000000
0.013452000000000
0.011859000000000
0.016246000000000
0.011562000000000
0.012323000000000
0.010825000000000
0.016149000000000
0.012748000000000
0.011251000000000
0.011122000000000
0.012409000000000
0.012647000000000
0.012353000000000
0.014097000000000
0.011346000000000
0.013360000000000
0.012727000000000
0.015514000000000
0.013983000000000
0.012669000000000
0.013976000000000
0.010276000000000
0.012399000000000
0.013150000000000
0.013006000000000
0.011816000000000
0.011632000000000
0.011547000000000
0.015934000000000
0.012342000000000
0.011371000000000
0.010897000000000
0.012575000000000
0.011474000000000
0.012118000000000
0.011625000000000
0.011248000000000
0.016173000000000
0.013776000000000
0.011118000000000
0.011788000000000
0.009925000000000
0.010391000000000
0.012484000000000
0.011225000000000
0.013282000000000
0.012519000000000
0.013973000000000
0.013521000000000
0.013556000000000
0.011745000000000
0.011297000000000
0.011841000000000
0.013060000000000
0.013438000000000
0.014164000000000
0.012665000000000
0.012951000000000
0.011708000000000
0.012846000000000
0.013951000000000
0.015568000000000
0.011089000000000
0.014279000000000
0.012985000000000
0.011749000000000
0.009957000000000
0.013782000000000
0.013855000000000
0.012418000000000
0.014292000000000
0.013122000000000
0.012741000000000
0.014053000000000
0.011074000000000
0.013770000000000
0.011006000000000
0.011065000000000
0.255993000000000
0.012263000000000
0.012680000000000
0.013897000000000
0.012173000000000
0.076913000000000
0.012481000000000
0.011494000000000
0.012898000000000
0.010706000000000
0.012459000000000
0.014174000000000
0.013509000000000
0.011242000000000
0.010530000000000
0.012825000000000
0.012941000000000
0.012654000000000
0.013636000000000
0.014878000000000
0.013667000000000
0.014155000000000
0.012899000000000
0.011360000000000
0.013982000000000
0.012879000000000
0.013207000000000
0.011569000000000
0.010294000000000
0.012379000000000
0.013502000000000
0.013963000000000
0.012949000000000
0.012631000000000
0.012486000000000
0.013282000000000
0.012919000000000
0.421666000000000
0.012955000000000
0.014840000000000
0.012010000000000
0.012672000000000
0.014931000000000
0.012532000000000
0.013961000000000
0.012300000000000
0.012784000000000
0.063935000000000
0.012010000000000
0.014067000000000
0.013303000000000
0.016118000000000
0.009897000000000
0.013152000000000
0.013491000000000
0.010686000000000
0.014302000000000
0.012699000000000
0.013692000000000
0.013721000000000
0.012863000000000
0.014131000000000
0.014922000000000
0.012927000000000
0.012793000000000
0.013881000000000
0.014166000000000
0.013064000000000
0.013059000000000
0.016032000000000
0.011969000000000
0.012757000000000
0.012195000000000
0.012514000000000
0.012343000000000
0.010737000000000
0.015477000000000
0.012040000000000
0.013238000000000
0.013581000000000
0.011440000000000
0.013678000000000
0.013367000000000
0.012534000000000
0.013631000000000
0.013564000000000
0.012356000000000
0.012624000000000
0.012406000000000
0.014160000000000
0.195538000000000
0.015058000000000
0.010686000000000
0.010656000000000
0.014314000000000
0.012196000000000
0.011859000000000
0.012747000000000
0.012760000000000
0.014202000000000
0.014002000000000
0.013150000000000
0.011528000000000
0.012322000000000
0.011238000000000
0.013795000000000
0.013916000000000
0.012754000000000
0.011826000000000
0.012073000000000
0.012530000000000
0.010644000000000
0.013603000000000
0.012547000000000
0.013595000000000
0.010757000000000
0.014617000000000
0.013046000000000
0.012745000000000
0.012761000000000
0.012079000000000
0.013020000000000
0.011775000000000
0.013506000000000
0.014049000000000
0.013388000000000
0.013700000000000
0.012316000000000
0.011116000000000
0.014135000000000
0.011833000000000
0.014925000000000
0.011223000000000
0.011679000000000
0.012683000000000
0.010983000000000
0.013234000000000
0.012234000000000
0.012416000000000
0.012722000000000
0.010777000000000
0.016444000000000
0.013755000000000
0.010129000000000
0.014186000000000
0.012583000000000
0.011639000000000
0.012170000000000
0.013296000000000
0.011588000000000
0.011104000000000
0.012584000000000
0.015355000000000
0.012991000000000
0.013695000000000
0.010442000000000
0.013474000000000
0.012482000000000
0.012935000000000
0.013743000000000
0.013554000000000
0.013273000000000
0.068352000000000
0.012383000000000
0.013402000000000
0.012087000000000
0.013687000000000
0.012851000000000
0.012349000000000
0.013822000000000
0.016693000000000
0.011928000000000
0.012946000000000
0.012597000000000
0.012875000000000
0.016143000000000
0.013083000000000
0.011803000000000
0.010830000000000
0.012775000000000
0.010799000000000
0.011875000000000
0.011098000000000
0.066812000000000
0.012722000000000
0.011558000000000
0.013402000000000
0.012759000000000
0.013268000000000
0.013139000000000
0.011093000000000
0.011638000000000
0.013181000000000
0.014154000000000
0.013465000000000
0.012717000000000
0.013767000000000
0.012595000000000
0.012868000000000
0.012491000000000
0.013647000000000
0.013370000000000
0.016802000000000
0.011638000000000
0.013488000000000
0.013533000000000
0.013562000000000
0.014045000000000
0.012412000000000
0.014101000000000
0.012606000000000
0.012967000000000
0.014036000000000
0.012796000000000
0.014201000000000
0.013304000000000
0.014414000000000
0.014203000000000
0.011891000000000
0.013652000000000
0.013556000000000
0.013062000000000
0.012661000000000
0.011934000000000
0.013628000000000
0.011649000000000
0.013270000000000
0.012415000000000
0.010892000000000
0.014417000000000
0.013907000000000
0.013054000000000
0.011957000000000
0.012773000000000
0.014591000000000
0.011038000000000
0.012226000000000
0.012742000000000
0.012486000000000
0.014547000000000
0.010683000000000
0.013126000000000
0.012851000000000
0.013826000000000
0.010938000000000
0.012707000000000
0.013178000000000
0.010700000000000
0.012403000000000
0.015446000000000
0.012454000000000
0.015557000000000
0.013020000000000
0.012835000000000
0.013193000000000
0.014383000000000
0.400834000000000
0.012027000000000
0.010314000000000
0.014328000000000
0.012271000000000
0.012901000000000
0.011164000000000
0.013680000000000
0.014119000000000
0.015687000000000
0.011985000000000
0.011915000000000
0.011603000000000
0.013809000000000
0.012703000000000
0.012060000000000
0.013597000000000
0.011455000000000
0.013129000000000
0.013156000000000
0.013208000000000
0.016890000000000
0.010578000000000
0.013841000000000
0.010864000000000
0.013696000000000
0.010927000000000
0.012491000000000
0.013671000000000
0.013126000000000
0.013322000000000
0.013375000000000
0.011169000000000
0.013949000000000
0.012188000000000
0.014995000000000
0.012427000000000
0.012714000000000
0.014575000000000
0.012487000000000
0.014824000000000
0.013354000000000
0.012845000000000
0.013671000000000
0.012823000000000
0.064059000000000
0.010195000000000
0.011975000000000
0.013480000000000
0.013410000000000
0.013468000000000
0.013977000000000
0.013353000000000
0.013936000000000
0.011895000000000
0.014375000000000
0.015228000000000
0.013729000000000
0.013514000000000
0.012275000000000
0.012831000000000
0.012620000000000
0.010876000000000
0.013674000000000
0.012453000000000
0.067546000000000
0.013865000000000
0.012497000000000
0.012562000000000
0.013891000000000
0.011401000000000
0.013554000000000
0.012533000000000
0.011943000000000
0.013305000000000
0.012132000000000
0.010631000000000
0.012142000000000
0.012296000000000
0.012926000000000
0.013065000000000
0.013432000000000
0.012823000000000
0.013435000000000
0.012375000000000
0.013993000000000
0.013555000000000
0.012957000000000
0.012604000000000
0.391035000000000
0.013005000000000
0.014632000000000
0.012127000000000
0.013979000000000
0.012672000000000
0.013154000000000
0.013051000000000
0.013776000000000
0.012564000000000
0.011281000000000
0.011273000000000
0.012662000000000
0.012009000000000
0.014032000000000
0.013021000000000
0.013201000000000
0.011186000000000
0.011772000000000
0.014162000000000
0.011888000000000
0.064529000000000
0.013150000000000
0.011712000000000
0.014129000000000
0.012746000000000
0.011815000000000
0.010412000000000
0.012962000000000
0.013289000000000
0.013759000000000
0.015621000000000
0.014312000000000
0.013713000000000
0.014287000000000
0.012455000000000
0.014535000000000
0.069041000000000
0.011708000000000
0.013941000000000
0.012810000000000
0.012593000000000
0.012892000000000
0.012854000000000
0.014025000000000
0.013833000000000
0.014616000000000
0.013565000000000
0.011619000000000
0.013573000000000
0.011729000000000
0.012919000000000
0.010796000000000
0.012188000000000
0.014120000000000
0.014508000000000
0.012805000000000
0.013824000000000
0.012490000000000
0.016751000000000
0.016331000000000
0.011752000000000
0.012650000000000
0.011131000000000
0.013185000000000
0.014729000000000
0.012943000000000
0.013636000000000
0.012931000000000
0.018664000000000
0.014394000000000
0.012543000000000
0.012828000000000
0.012648000000000
0.013399000000000
0.013398000000000
0.014816000000000
0.012585000000000
0.010574000000000
0.013964000000000
0.012236000000000
0.014150000000000
0.017312000000000
0.013325000000000
0.014044000000000
0.010809000000000
0.010780000000000
0.013802000000000
0.011521000000000
0.013946000000000
0.013484000000000
0.019148000000000
0.012753000000000
0.017799000000000
0.016747000000000
0.010157000000000
0.011957000000000
0.012558000000000
0.015798000000000
0.013132000000000
0.011740000000000
0.014241000000000
0.015875000000000
0.013573000000000
0.013725000000000
0.012108000000000
0.011132000000000
0.012904000000000
0.013390000000000
0.013358000000000
0.063147000000000
0.014133000000000
0.011951000000000
0.010878000000000
0.013387000000000
0.012486000000000
0.015770000000000
0.016411000000000
0.011833000000000
0.010779000000000
0.013702000000000
0.012564000000000
0.011949000000000
0.012970000000000
0.016110000000000
0.016375000000000
0.010103000000000
0.013085000000000
0.061540000000000
0.015662000000000
0.013660000000000
0.012396000000000
0.013541000000000
0.015246000000000
0.012666000000000
0.010965000000000
0.010511000000000
0.011405000000000
0.012694000000000
0.012385000000000
0.013467000000000
0.011912000000000
0.013365000000000
0.013056000000000
0.017834000000000
0.011457000000000
0.011276000000000
0.012427000000000
0.012839000000000
0.012433000000000
0.013721000000000
0.012064000000000
0.014941000000000
0.012472000000000
0.012347000000000
0.012995000000000
0.016274000000000
0.013067000000000
0.016802000000000
0.012574000000000
0.011340000000000
0.012581000000000
0.012832000000000
0.013875000000000
0.014483000000000
0.012938000000000
0.067501000000000
0.015564000000000
0.012659000000000
0.052412000000000
0.010287000000000
0.012583000000000
0.015499000000000
0.014411000000000
0.012952000000000
0.011304000000000
0.012322000000000
0.013468000000000
0.013027000000000
0.016936000000000
0.010810000000000
0.011213000000000
0.013259000000000
0.013253000000000
0.062722000000000
0.013239000000000
0.013417000000000
0.012746000000000
0.011729000000000
0.011908000000000
0.012337000000000
0.013310000000000
0.012649000000000
0.014088000000000
0.015685000000000
0.010569000000000
0.013432000000000
0.015735000000000
0.012460000000000
0.014118000000000
0.012090000000000
0.016840000000000
0.012943000000000
0.011312000000000
0.015650000000000
0.016500000000000
0.017182000000000
0.011073000000000
0.014353000000000
0.012338000000000
0.015913000000000
0.013649000000000
0.013314000000000
0.012720000000000
0.009787000000000
0.012095000000000
0.013572000000000
0.011081000000000
0.012584000000000
0.011913000000000
0.011351000000000
0.013322000000000
0.012461000000000
0.012930000000000
0.012530000000000
0.015489000000000
0.013657000000000
0.013420000000000
0.013548000000000
0.012591000000000
0.012748000000000
0.013942000000000
0.016231000000000
0.013049000000000
0.093003000000000
0.010013000000000
0.011308000000000
0.011805000000000
0.011814000000000
0.012994000000000
0.012822000000000
0.011673000000000
0.012580000000000
0.014040000000000
0.012800000000000
0.011506000000000
0.014122000000000
0.012483000000000
0.016097000000000
0.012401000000000
0.012245000000000
0.012528000000000
0.012698000000000
0.014530000000000
0.012494000000000
0.011719000000000
0.011992000000000
0.010546000000000
0.012707000000000
0.013702000000000
0.014030000000000
0.012228000000000
0.012138000000000
0.014722000000000
0.012517000000000
0.012692000000000
0.012855000000000
0.011634000000000
0.011238000000000
0.016098000000000
0.067549000000000
0.013051000000000
0.013006000000000
0.013764000000000
0.014383000000000
0.011252000000000
0.016145000000000
0.013128000000000
0.015944000000000
0.012324000000000
0.012773000000000
0.013972000000000
0.010927000000000
0.013630000000000
0.012452000000000
0.014065000000000
0.014431000000000
0.013245000000000
0.012518000000000
0.012465000000000
0.012774000000000
0.012022000000000
0.011893000000000
0.012361000000000
0.009908000000000
0.012120000000000
0.014311000000000
0.010172000000000
0.012595000000000
0.012323000000000
0.015572000000000
0.010857000000000
0.063746000000000
0.014675000000000
0.013171000000000
0.013275000000000
0.013408000000000
0.013117000000000
0.011398000000000
0.013446000000000
0.011285000000000
0.019072000000000
0.015854000000000
0.012251000000000
0.692867000000000
0.012502000000000
0.012606000000000
0.010218000000000
0.012994000000000
0.063144000000000
0.012124000000000
0.013965000000000
0.016243000000000
0.012448000000000
0.013074000000000
0.010853000000000
0.015508000000000
0.010998000000000
0.011879000000000
0.013139000000000
0.011431000000000
0.011792000000000
0.015910000000000
0.013364000000000
0.011652000000000
0.013132000000000
0.013490000000000
0.012236000000000
0.014354000000000
0.018965000000000
0.012842000000000
0.014691000000000
0.012658000000000
0.012473000000000
0.012420000000000
0.012055000000000
0.014300000000000
0.012937000000000
0.012906000000000
0.014462000000000
0.011014000000000
0.012428000000000
0.010918000000000
0.011200000000000
0.011846000000000
0.016868000000000
0.012493000000000
0.016048000000000
0.016260000000000
0.011442000000000
0.013325000000000
0.011520000000000
0.011514000000000
0.013211000000000
0.015870000000000
0.012934000000000
0.011905000000000
0.012551000000000
0.013281000000000
0.012484000000000
0.012269000000000
0.014601000000000
0.013571000000000
0.013742000000000
0.011545000000000
0.014400000000000
0.011919000000000
0.010842000000000
0.013164000000000
0.012303000000000
0.012970000000000
0.012728000000000
0.012597000000000
0.012770000000000
0.015966000000000
0.012869000000000
0.011782000000000
0.013499000000000
0.014249000000000
0.012466000000000
0.011528000000000
0.012517000000000
0.012922000000000
0.013988000000000
0.012830000000000
0.013620000000000
0.062267000000000
0.012990000000000
0.010662000000000
0.009713000000000
0.011884000000000
0.012065000000000
0.010777000000000
0.013541000000000
0.013168000000000
0.013347000000000
0.012325000000000
0.013235000000000
0.013595000000000
0.012385000000000
0.064094000000000
0.012787000000000
0.012906000000000
0.015030000000000
0.013102000000000
0.013539000000000
0.012953000000000
0.013259000000000
0.012636000000000
0.013374000000000
0.012265000000000
0.012994000000000
0.013143000000000
0.013463000000000
0.011819000000000
0.012205000000000
0.013168000000000
0.013726000000000
0.012922000000000
0.013183000000000
0.013195000000000
0.012756000000000
0.012385000000000
0.012226000000000
0.011798000000000
0.012881000000000
0.012034000000000
0.010171000000000
0.013101000000000
0.013993000000000
0.014260000000000
0.012712000000000
0.012487000000000
0.013119000000000
0.012656000000000
0.011585000000000
0.011736000000000
0.013186000000000
0.014182000000000
0.011357000000000
0.013232000000000
0.013520000000000
0.010856000000000
0.010749000000000
0.010215000000000
0.012438000000000
0.012575000000000
0.011533000000000
0.012783000000000
0.015631000000000
0.013804000000000
0.010687000000000
0.013008000000000
0.012566000000000
0.013045000000000
0.011809000000000
0.013135000000000
0.010849000000000
0.013549000000000
0.010457000000000
0.010621000000000
0.013221000000000
0.013049000000000
0.013898000000000
0.011990000000000
0.014434000000000
0.011681000000000
0.010839000000000
0.012092000000000
0.011086000000000
0.014181000000000
0.015656000000000
0.012979000000000
0.012747000000000
0.071073000000000
0.016196000000000
0.012406000000000
0.015904000000000
0.013521000000000
0.013646000000000
0.017744000000000
0.012634000000000
0.013491000000000
0.010854000000000
0.012860000000000
0.012685000000000
0.012706000000000
0.010699000000000
0.016261000000000
0.012278000000000
0.013395000000000
0.012988000000000
0.013023000000000
0.014086000000000
0.015872000000000
0.013230000000000
0.012424000000000
0.013170000000000
0.403901000000000
0.013170000000000
0.017741000000000
0.012594000000000
0.011766000000000
0.013185000000000
0.016359000000000
0.016449000000000
0.013148000000000
0.011610000000000
0.014088000000000
0.063937000000000
0.015330000000000
0.011942000000000
0.013730000000000
0.012876000000000
0.012384000000000
0.017278000000000
0.015680000000000
0.011041000000000
0.011986000000000
0.012755000000000
0.013005000000000
0.012250000000000
0.011374000000000
0.064920000000000
0.012169000000000
0.011256000000000
0.015937000000000
0.013528000000000
0.012469000000000
0.012846000000000
0.013730000000000
0.012830000000000
0.013875000000000
0.012356000000000
0.011919000000000
0.014264000000000
0.012851000000000
0.013817000000000
0.012742000000000
0.012854000000000
0.013015000000000
0.012503000000000
0.010564000000000
0.012467000000000
0.012699000000000
0.016346000000000
0.016039000000000
0.011153000000000
0.012269000000000
0.011720000000000
0.063946000000000
0.011729000000000
0.013613000000000
0.011930000000000
0.016090000000000
0.012556000000000
0.012038000000000
0.016651000000000
0.013079000000000
0.013357000000000
0.014265000000000
0.013166000000000
0.015125000000000
0.012126000000000
0.012148000000000
0.014345000000000
0.011951000000000
0.011948000000000
0.012933000000000
0.012525000000000
0.013896000000000
0.011219000000000
0.105137000000000
0.013666000000000
0.011575000000000
0.010657000000000
0.012320000000000
0.012888000000000
0.012216000000000
0.016186000000000
0.013093000000000
0.399475000000000
0.012584000000000
0.012962000000000
0.015759000000000
0.013751000000000
0.011868000000000
0.014083000000000
0.012753000000000
0.011856000000000
0.013558000000000
0.012569000000000
0.017111000000000
0.011576000000000
0.013080000000000
0.013469000000000
0.015492000000000
0.012971000000000
0.012634000000000
0.062327000000000
0.013513000000000
0.012583000000000
0.013226000000000
0.012004000000000
0.012474000000000
0.012816000000000
0.012053000000000
0.012656000000000
0.012495000000000
0.013481000000000
0.013909000000000
0.011398000000000
0.013531000000000
0.012687000000000
0.012562000000000
0.013854000000000
0.011740000000000
0.013886000000000
0.013130000000000
0.010291000000000
0.014135000000000
0.013952000000000
0.013052000000000
0.013455000000000
0.063317000000000
0.015749000000000
0.012292000000000
0.286945000000000
0.015874000000000
0.015753000000000
0.011366000000000
0.010348000000000
0.014149000000000
0.014553000000000
0.011454000000000
0.369725000000000
0.010623000000000
0.013750000000000
0.061874000000000
0.016708000000000
0.012881000000000
0.013004000000000
0.014823000000000
0.015804000000000
0.012802000000000
0.013717000000000
0.012957000000000
0.013417000000000
0.010861000000000
0.011799000000000
0.013812000000000
0.013710000000000
0.014360000000000
0.010180000000000
0.012481000000000
0.016248000000000
0.011658000000000
0.014019000000000
0.010305000000000
0.012866000000000
0.011499000000000
0.012729000000000
0.013297000000000
0.013978000000000
0.012617000000000
0.013683000000000
0.012747000000000
0.023673000000000
0.012920000000000
0.014695000000000
0.016607000000000
0.013210000000000
0.014724000000000
0.013446000000000
0.013364000000000
0.011729000000000
0.009916000000000
0.013052000000000
0.011708000000000
0.013658000000000
0.010905000000000
0.013208000000000
0.013026000000000
0.013157000000000
0.013156000000000
0.013476000000000
0.012765000000000
0.012341000000000
0.013250000000000
0.013399000000000
0.012891000000000
0.011675000000000
0.012872000000000
0.011458000000000
0.014159000000000
0.012759000000000
0.011252000000000
0.010068000000000
0.013055000000000
0.013522000000000
0.011921000000000
0.011900000000000
0.013645000000000
0.013653000000000
0.012793000000000
0.015624000000000
0.281844000000000
0.012536000000000
0.014108000000000
0.016142000000000
0.013468000000000
0.012510000000000
0.011802000000000
0.014117000000000
0.011895000000000
0.013039000000000
0.014921000000000
0.013324000000000
0.013592000000000
0.012303000000000
0.012082000000000
0.011820000000000
0.009997000000000
0.014954000000000
0.011727000000000
0.013185000000000
0.010382000000000
0.013933000000000
0.012987000000000
0.013379000000000
0.013141000000000
0.013857000000000
0.012911000000000
0.013735000000000
0.012263000000000
0.015723000000000
0.016681000000000
0.064188000000000
0.011791000000000
0.012769000000000
0.170740000000000
0.017425000000000
0.012490000000000
0.012818000000000
0.011978000000000
0.012598000000000
0.014040000000000
0.013465000000000
0.013637000000000
0.013409000000000
0.015946000000000
0.016138000000000
0.015876000000000
0.013929000000000
0.010488000000000
0.012729000000000
0.014300000000000
0.013601000000000
0.016077000000000
0.015982000000000
0.011871000000000
0.012705000000000
0.012233000000000
0.016454000000000
0.080470000000000
0.015429000000000
0.011545000000000
0.012737000000000
0.014880000000000
0.015651000000000
0.015215000000000
0.014612000000000
0.012294000000000
0.012860000000000
0.014172000000000
0.062763000000000
0.013427000000000
0.012327000000000
0.013133000000000
0.012795000000000
0.013477000000000
0.011847000000000
0.016037000000000
0.013240000000000
0.012305000000000
0.030524000000000
0.014422000000000
0.012991000000000
0.012362000000000
0.013037000000000
0.011655000000000
0.012910000000000
0.013063000000000
0.013754000000000
0.012900000000000
0.013377000000000
0.012970000000000
0.011659000000000
0.013676000000000
0.062205000000000
0.015659000000000
0.017317000000000
0.015263000000000
0.012174000000000
0.013273000000000
0.016122000000000
0.012986000000000
0.010996000000000
0.015803000000000
0.015744000000000
0.012324000000000
0.015367000000000
0.011800000000000
0.010582000000000
0.012888000000000
0.012865000000000
0.017198000000000
0.013774000000000
0.012639000000000
0.011797000000000
0.012081000000000
0.012387000000000
0.012840000000000
0.013367000000000
0.015907000000000
0.013002000000000
0.012913000000000
0.017587000000000
0.011074000000000
0.012191000000000
0.011235000000000
0.013500000000000
0.016380000000000
0.013627000000000
0.011676000000000
0.066217000000000
0.012461000000000
0.012998000000000
0.012543000000000
0.012173000000000
0.016643000000000
0.012206000000000
0.013229000000000
0.012050000000000
0.013580000000000
0.013555000000000
0.012968000000000
0.012474000000000
0.010655000000000
0.011579000000000
0.010236000000000
0.064009000000000
0.014444000000000
0.012340000000000
0.013216000000000
0.013946000000000
0.011172000000000
0.012967000000000
0.012744000000000
0.013966000000000
0.010951000000000
0.011747000000000
0.011728000000000
0.065514000000000
0.012422000000000
0.013249000000000
0.012753000000000
0.012828000000000
0.016080000000000
0.014094000000000
0.010460000000000
0.010020000000000
0.015905000000000
0.012349000000000
0.012925000000000
0.016792000000000
0.010075000000000
0.013002000000000
0.010701000000000
0.012523000000000
0.010803000000000
0.010382000000000
0.012593000000000
0.015529000000000
0.013668000000000
0.013087000000000
0.011730000000000
0.011816000000000
0.011931000000000
0.013527000000000
0.015193000000000
0.013127000000000
0.014900000000000
0.013371000000000
0.013192000000000
0.012695000000000
0.012114000000000
0.012220000000000
0.013679000000000
0.014125000000000
0.012130000000000
0.011405000000000
0.013009000000000
0.012941000000000
0.014204000000000
0.012343000000000
0.012382000000000
0.014067000000000
0.012866000000000
0.015105000000000
0.012846000000000
0.010643000000000
0.013354000000000
0.011023000000000
0.013267000000000
0.011879000000000
0.011105000000000
0.013692000000000
0.011864000000000
0.015592000000000
0.012928000000000
0.015739000000000
0.013272000000000
0.016087000000000
0.011026000000000
0.064104000000000
0.011945000000000
0.017463000000000
0.015616000000000
0.010987000000000
0.012130000000000
0.012742000000000
0.013895000000000
0.015678000000000
0.012379000000000
0.011182000000000
0.062664000000000
0.013385000000000
0.013809000000000
0.011468000000000
0.013527000000000
0.012624000000000
0.013001000000000
0.013871000000000
0.013825000000000
0.015949000000000
0.015853000000000
0.013215000000000
0.061317000000000
0.017368000000000
0.012689000000000
0.012712000000000
0.012965000000000
0.012452000000000
0.012431000000000
0.012833000000000
0.012865000000000
0.012730000000000
0.012413000000000
0.061851000000000
0.012308000000000
0.015812000000000
0.010718000000000
0.011770000000000
0.013040000000000
0.013391000000000
0.011863000000000
0.012364000000000
0.015813000000000
0.013377000000000
0.010323000000000
0.012834000000000
0.013757000000000
0.012969000000000
0.013708000000000
0.012419000000000
0.010782000000000
0.013647000000000
0.013093000000000
0.013228000000000
0.011854000000000
0.013606000000000
0.016312000000000
0.013157000000000
0.062463000000000
0.012496000000000
0.013296000000000
0.013016000000000
0.012889000000000
0.016960000000000
0.012623000000000
0.012918000000000
0.013513000000000
0.013278000000000
0.013109000000000
0.012466000000000
0.012274000000000
0.013951000000000
0.010924000000000
0.012987000000000
0.010832000000000
0.015466000000000
0.012543000000000
0.016510000000000
0.011910000000000
0.013111000000000
0.012088000000000
0.010573000000000
0.015642000000000
0.010046000000000
0.013931000000000
0.012680000000000
0.013002000000000
0.010902000000000
0.012621000000000
0.013230000000000
0.012799000000000
0.011691000000000
0.011101000000000
0.014071000000000
0.010066000000000
0.012638000000000
0.012792000000000
0.012714000000000
0.011009000000000
0.012908000000000
0.010003000000000
0.013312000000000
0.010144000000000
0.012075000000000
0.013286000000000
0.013245000000000
0.013514000000000
0.011937000000000
0.012952000000000
0.013383000000000
0.011836000000000
0.013088000000000
0.010807000000000
0.013537000000000
0.012062000000000
0.013077000000000
0.016638000000000
0.013025000000000
0.012627000000000
0.013486000000000
0.011942000000000
0.013384000000000
0.015751000000000
0.013632000000000
0.012833000000000
0.016349000000000
0.011481000000000
0.015292000000000
0.012163000000000
0.010031000000000
0.012934000000000
0.013357000000000
0.063795000000000
0.016201000000000
0.012347000000000
0.012799000000000
0.013412000000000
0.013748000000000
0.013721000000000
0.012985000000000
0.012271000000000
0.012691000000000
0.013266000000000
0.013852000000000
0.012815000000000
0.010873000000000
0.062870000000000
0.012781000000000
0.012715000000000
0.012576000000000
0.010142000000000
0.013304000000000
0.015046000000000
0.014154000000000
0.011192000000000
0.013881000000000
0.012933000000000
0.015373000000000
0.014691000000000
0.016330000000000
0.012938000000000
0.013782000000000
0.010850000000000
0.011796000000000
0.011932000000000
0.016429000000000
0.013106000000000
0.014049000000000
0.012572000000000
0.011023000000000
0.012672000000000
0.013593000000000
0.012934000000000
0.016973000000000
0.010497000000000
0.010863000000000
0.014205000000000
0.010612000000000
0.012426000000000
0.012419000000000
0.012942000000000
0.013786000000000
0.012696000000000
0.014147000000000
0.064521000000000
0.012991000000000
0.014421000000000
0.015840000000000
0.016298000000000
0.013660000000000
0.013356000000000
0.012418000000000
0.013195000000000
0.013091000000000
0.012601000000000
0.013114000000000
0.012215000000000
0.011986000000000
0.013362000000000
0.013073000000000
0.013049000000000
0.013261000000000
0.013004000000000
0.012834000000000
0.015322000000000
0.013044000000000
0.011936000000000
0.013602000000000
0.016105000000000
0.012714000000000
0.016061000000000
0.013203000000000
0.012870000000000
0.014645000000000
0.011481000000000
0.013251000000000
0.012776000000000
0.011949000000000
0.063801000000000
0.012037000000000
0.010918000000000
0.013174000000000
0.012424000000000
0.013424000000000
0.010016000000000
0.013702000000000
0.013972000000000
0.012818000000000
0.012655000000000
0.013820000000000
0.012150000000000
0.012670000000000
0.012238000000000
0.014089000000000
0.013019000000000
0.012789000000000
0.012570000000000
0.012625000000000
0.011417000000000
0.012898000000000
0.013214000000000
0.012921000000000
0.014466000000000
0.012500000000000
0.023586000000000
0.011622000000000
0.013393000000000
0.015430000000000
0.012780000000000
0.013796000000000
0.012723000000000
0.012322000000000
0.014197000000000
0.012117000000000
0.071380000000000
0.014616000000000
0.013250000000000
0.013451000000000
0.067590000000000
0.014016000000000
0.013027000000000
0.012673000000000
0.015872000000000
0.013853000000000
0.013605000000000
0.012069000000000
0.012870000000000
0.020223000000000
0.010757000000000
0.013777000000000
0.010838000000000
0.012154000000000
0.014321000000000
0.064893000000000
0.015912000000000
0.012589000000000
0.012239000000000
0.010423000000000
0.010359000000000
0.015471000000000
0.013067000000000
0.012712000000000
0.011831000000000
0.011388000000000
0.013255000000000
0.011147000000000
0.013052000000000
0.012053000000000
0.012040000000000
0.014031000000000
0.013428000000000
0.017839000000000
0.013509000000000
0.011886000000000
0.015012000000000
0.012035000000000
0.012270000000000
0.012941000000000
0.060986000000000
0.012644000000000
0.012560000000000
0.014397000000000
0.012973000000000
0.012939000000000
0.013601000000000
0.012608000000000
0.013258000000000
0.012353000000000
0.013740000000000
0.012065000000000
0.014073000000000
0.013128000000000
0.010648000000000
0.013392000000000
0.012297000000000
0.014253000000000
0.012543000000000
0.014567000000000
0.012566000000000
0.012697000000000
0.013777000000000
0.012260000000000
0.012289000000000
0.017096000000000
0.068243000000000
0.013088000000000
0.012614000000000
0.012839000000000
0.015265000000000
0.011989000000000
0.012849000000000
0.012769000000000
0.014993000000000
0.013613000000000
0.012765000000000
0.014162000000000
0.013883000000000
0.012512000000000
0.015972000000000
0.013374000000000
0.013183000000000
0.012903000000000
0.015244000000000
0.016980000000000
0.013572000000000
0.011821000000000
0.012616000000000
0.013344000000000
0.011800000000000
0.012257000000000
0.013286000000000
0.013207000000000
0.013057000000000
0.014067000000000
0.013672000000000
0.013246000000000
0.011023000000000
0.012380000000000
0.014058000000000
0.063982000000000
0.013833000000000
0.012451000000000
0.012854000000000
0.012935000000000
0.010889000000000
0.013602000000000
0.015391000000000
0.012833000000000
0.012896000000000
0.079492000000000
0.013076000000000
0.061252000000000
0.016206000000000
0.011562000000000
0.013522000000000
0.012368000000000
0.016177000000000
0.012372000000000
0.013596000000000
0.012492000000000
0.013192000000000
0.010461000000000
0.012214000000000
0.014899000000000
0.011907000000000
0.065503000000000
0.012187000000000
0.011692000000000
0.011410000000000
0.012583000000000
0.017272000000000
0.011455000000000
0.012204000000000
0.014226000000000
0.013484000000000
0.012801000000000
0.012335000000000
0.062496000000000
0.013794000000000
0.012843000000000
0.017334000000000
0.012808000000000
0.013809000000000
0.011374000000000
0.012179000000000
0.014053000000000
0.083916000000000
0.010770000000000
0.013508000000000
0.013736000000000
0.011689000000000
0.074183000000000
0.015415000000000
0.013030000000000
0.012669000000000
0.015997000000000
0.014062000000000
0.013334000000000
0.014978000000000
0.012896000000000
0.012852000000000
0.017686000000000
0.013537000000000
0.012117000000000
0.011542000000000
0.012284000000000
0.014317000000000
0.012885000000000
0.013077000000000
0.012598000000000
0.014115000000000
0.010311000000000
0.013186000000000
0.012344000000000
0.010924000000000
0.012713000000000
0.012034000000000
0.011598000000000
0.013860000000000
0.065992000000000
0.013794000000000
0.010527000000000
0.011617000000000
0.013183000000000
0.013259000000000
0.013282000000000
0.013800000000000
0.012608000000000
0.012131000000000
0.013557000000000
0.013257000000000
0.013751000000000
0.012152000000000
0.012186000000000
0.012526000000000
0.016085000000000
0.014722000000000
0.011512000000000
0.011654000000000
0.012275000000000
0.012316000000000
0.011948000000000
0.016392000000000
0.016948000000000
0.016206000000000
0.013311000000000
0.012079000000000
0.012118000000000
0.012483000000000
0.016275000000000
0.012382000000000
0.012541000000000
0.014290000000000
0.013429000000000
0.015398000000000
0.016282000000000
0.012340000000000
0.011049000000000
0.016935000000000
0.013211000000000
0.014796000000000
0.012535000000000
0.012500000000000
0.014299000000000
0.013490000000000
0.013439000000000
0.014129000000000
0.012853000000000
0.014411000000000
0.013106000000000
0.014979000000000
0.016459000000000
0.012109000000000
0.013548000000000
0.012332000000000
0.013176000000000
0.013175000000000
0.012615000000000
0.013085000000000
0.015279000000000
0.014372000000000
0.013497000000000
0.011806000000000
0.016859000000000
0.011133000000000
0.064159000000000
0.012072000000000
0.013635000000000
0.014622000000000
0.013595000000000
0.017426000000000
0.013298000000000
0.012801000000000
0.012852000000000
0.012068000000000
0.015194000000000
0.012721000000000
0.013356000000000
0.014902000000000
0.011782000000000
0.012125000000000
0.012959000000000
0.013730000000000
0.013721000000000
0.016991000000000
0.016157000000000
0.013926000000000
0.067904000000000
0.011685000000000
0.013218000000000
0.013871000000000
0.013186000000000
0.011825000000000
0.013365000000000
0.015773000000000
0.013217000000000
0.013926000000000
0.012898000000000
0.011268000000000
0.013211000000000
0.014881000000000
0.011947000000000
0.012534000000000
0.012462000000000
0.015521000000000
0.014351000000000
0.011260000000000
0.012481000000000
0.012616000000000
0.013094000000000
0.012634000000000
0.012801000000000
0.015931000000000
0.012716000000000
0.012511000000000
0.016017000000000
0.013045000000000
0.013271000000000
0.012857000000000
0.014707000000000
0.013933000000000
0.015700000000000
0.012695000000000
0.012838000000000
0.013830000000000
0.013373000000000
0.012951000000000
0.014186000000000
0.013074000000000
0.013776000000000
0.012172000000000
0.016544000000000
0.012524000000000
0.014045000000000
0.012955000000000
0.065141000000000
0.011806000000000
0.012522000000000
0.022323000000000
0.012730000000000
0.013330000000000
0.012910000000000
0.011854000000000
0.012933000000000
0.016294000000000
0.010906000000000
0.014555000000000
0.069655000000000
0.013690000000000
0.013122000000000
0.013865000000000
0.013252000000000
0.013761000000000
0.016717000000000
0.012017000000000
0.013557000000000
0.013631000000000
0.012577000000000
0.009896000000000
0.012889000000000
0.014525000000000
0.065573000000000
0.012710000000000
0.013575000000000
0.013521000000000
0.013756000000000
0.013303000000000
0.012845000000000
0.012117000000000
0.012521000000000
0.013076000000000
0.013988000000000
0.013625000000000
0.013154000000000
0.062099000000000
0.016264000000000
0.010672000000000
0.014369000000000
0.014375000000000
0.012440000000000
0.012934000000000
0.012764000000000
0.013869000000000
0.012645000000000
0.013613000000000
0.013111000000000
0.065686000000000
0.013195000000000
0.013129000000000
0.015608000000000
0.013569000000000
0.015804000000000
0.012877000000000
0.012909000000000
0.013403000000000
0.013323000000000
0.013464000000000
0.014698000000000
0.012566000000000
0.010131000000000
0.013684000000000
0.011872000000000
0.012342000000000
0.012466000000000
0.012507000000000
0.014058000000000
0.016121000000000
0.013774000000000
0.015627000000000
0.012559000000000
0.013371000000000
0.012130000000000
0.014177000000000
0.012065000000000
0.013344000000000
0.014496000000000
0.010972000000000
0.011381000000000
0.010248000000000
0.013367000000000
0.016603000000000
0.015816000000000
0.012599000000000
0.012042000000000
0.015639000000000
0.065549000000000
0.011739000000000
0.014363000000000
0.013117000000000
0.012084000000000
0.011318000000000
0.012808000000000
0.013757000000000
0.013704000000000
0.010735000000000
0.013077000000000
0.011442000000000
0.012245000000000
0.064872000000000
0.013876000000000
0.013322000000000
0.011504000000000
0.012894000000000
0.013578000000000
0.012431000000000
0.013924000000000
0.013012000000000
0.012323000000000
0.013404000000000
0.011901000000000
0.011873000000000
0.013928000000000
0.011679000000000
0.012448000000000
0.012815000000000
0.012884000000000
0.013475000000000
0.012813000000000
0.013999000000000
0.012561000000000
0.014353000000000
0.013355000000000
0.012772000000000
0.063441000000000
0.012589000000000
0.014175000000000
0.012034000000000
0.013811000000000
0.012599000000000
0.012428000000000
0.016753000000000
0.012205000000000
0.013681000000000
0.012508000000000
0.013836000000000
0.012273000000000
0.063042000000000
0.014052000000000
0.011855000000000
0.012725000000000
0.014490000000000
0.012973000000000
0.013522000000000
0.069619000000000
0.012400000000000
0.012530000000000
0.012220000000000
0.065513000000000
0.013152000000000
0.014711000000000
0.011571000000000
0.012549000000000
0.012621000000000
0.013582000000000
0.012535000000000
0.013419000000000
0.014978000000000
0.013461000000000
0.015708000000000
0.013382000000000
0.013119000000000
0.011763000000000
0.013390000000000
0.011469000000000
0.023636000000000
0.012630000000000
0.013038000000000
0.014078000000000
0.013033000000000
0.012833000000000
0.012192000000000
0.010941000000000
0.012945000000000
0.011581000000000
0.014523000000000
0.013173000000000
0.010212000000000
0.012538000000000
0.011828000000000
0.012208000000000
0.015466000000000
0.015907000000000
0.012665000000000
0.013329000000000
0.013237000000000
0.013974000000000
0.012895000000000
0.015322000000000
0.014029000000000
0.013246000000000
0.014767000000000
0.012722000000000
0.015516000000000
0.014497000000000
0.012852000000000
0.011831000000000
0.014318000000000
0.013308000000000
0.010786000000000
0.010240000000000
0.013334000000000
0.014733000000000
0.013846000000000
0.014212000000000
0.012020000000000
0.011682000000000
0.013066000000000
0.013057000000000
0.013319000000000
0.012138000000000
0.012781000000000
0.015787000000000
0.011820000000000
0.021709000000000
0.011905000000000
0.012636000000000
0.015272000000000
0.012514000000000
0.013166000000000
0.012718000000000
0.013807000000000
0.013211000000000
0.013394000000000
0.013880000000000
0.012732000000000
0.012975000000000
0.011669000000000
0.010813000000000
0.013172000000000
0.010936000000000
0.014003000000000
0.012743000000000
0.012251000000000
0.011925000000000
0.010534000000000
0.012350000000000
0.010704000000000
0.011847000000000
0.013410000000000
0.097824000000000
0.012803000000000
0.014207000000000
0.013580000000000
0.013624000000000
0.011993000000000
0.012469000000000
0.013228000000000
0.012597000000000
0.013738000000000
0.013542000000000
0.011885000000000
0.013172000000000
0.014976000000000
0.013337000000000
0.012753000000000
0.012887000000000
0.013247000000000
0.012080000000000
0.013398000000000
0.011982000000000
0.012956000000000
0.013928000000000
0.012401000000000
0.012109000000000
0.014355000000000
0.012978000000000
0.014439000000000
0.012217000000000
0.013590000000000
0.015810000000000
0.012187000000000
0.010438000000000
0.013304000000000
0.013752000000000
0.015823000000000
0.012820000000000
0.013541000000000
0.013282000000000
0.016095000000000
0.013306000000000
0.013391000000000
0.012967000000000
0.010279000000000
0.064537000000000
0.012840000000000
0.013510000000000
0.012858000000000
0.012543000000000
0.012862000000000
0.013249000000000
0.011693000000000
0.013522000000000
0.013844000000000
0.013847000000000
0.016144000000000
0.012825000000000
0.011731000000000
0.012616000000000
0.016928000000000
0.012745000000000
0.012522000000000
0.014892000000000
0.013542000000000
0.012649000000000
0.012726000000000
0.012518000000000
0.013769000000000
0.010818000000000
0.014274000000000
0.012016000000000
0.013012000000000
0.012587000000000
0.013161000000000
0.013972000000000
0.013364000000000
0.013819000000000
0.013399000000000
0.012662000000000
0.013495000000000
0.012161000000000
0.016273000000000
0.013578000000000
0.013312000000000
0.012549000000000
0.012763000000000
0.011516000000000
0.013555000000000
0.011735000000000
0.015136000000000
0.062727000000000
0.022662000000000
0.013415000000000
0.013462000000000
0.012918000000000
0.013508000000000
0.017170000000000
0.012565000000000
0.012324000000000
0.012630000000000
0.013254000000000
0.014177000000000
0.012961000000000
0.013394000000000
0.013649000000000
0.011098000000000
0.012149000000000
0.011811000000000
0.013761000000000
0.012367000000000
0.010903000000000
0.015616000000000
0.012072000000000
0.016418000000000
0.013444000000000
0.012900000000000
0.013824000000000
0.011957000000000
0.015674000000000
0.011084000000000
0.013632000000000
0.014322000000000
0.011940000000000
0.012600000000000
0.062492000000000
0.013553000000000
0.014046000000000
0.012734000000000
0.013605000000000
0.013089000000000
0.013069000000000
0.013925000000000
0.012882000000000
0.013837000000000
0.013587000000000
0.063952000000000
0.012757000000000
0.011285000000000
0.013001000000000
0.012760000000000
0.013813000000000
0.016796000000000
0.013901000000000
0.012429000000000
0.013425000000000
0.012170000000000
0.014347000000000
0.013090000000000
0.011140000000000
0.014389000000000
0.011995000000000
0.013436000000000
0.012652000000000
0.014218000000000
0.015722000000000
0.013109000000000
0.013425000000000
0.012139000000000
0.015249000000000
0.014472000000000
0.010302000000000
0.013722000000000
0.012141000000000
0.013303000000000
0.012505000000000
0.012968000000000
0.013385000000000
0.012503000000000
0.011563000000000
0.012581000000000
0.012356000000000
0.014181000000000
0.013038000000000
0.014011000000000
0.011971000000000
0.012836000000000
0.017040000000000
0.012161000000000
0.013059000000000
0.012353000000000
0.012876000000000
0.012873000000000
0.013224000000000
0.013890000000000
0.011129000000000
0.013262000000000
0.013430000000000
0.011927000000000
0.013448000000000
0.018036000000000
0.010645000000000
0.012061000000000
0.015054000000000
0.012992000000000
0.013879000000000
0.012423000000000
0.014023000000000
0.012937000000000
0.012692000000000
0.012391000000000
0.012575000000000
0.013562000000000
0.011925000000000
0.062799000000000
0.013826000000000
0.012302000000000
0.013320000000000
0.013446000000000
0.013581000000000
0.012989000000000
0.012355000000000
0.013307000000000
0.011652000000000
0.015059000000000
0.015146000000000
0.063149000000000
0.013693000000000
0.012916000000000
0.014628000000000
0.013792000000000
0.014205000000000
0.012896000000000
0.012597000000000
0.014082000000000
0.063749000000000
0.012723000000000
0.013826000000000
0.012983000000000
0.012979000000000
0.012146000000000
0.012949000000000
0.011331000000000
0.012450000000000
0.013118000000000
0.013300000000000
0.013357000000000
0.014860000000000
0.010293000000000
0.013878000000000
0.012229000000000
0.015283000000000
0.014575000000000
0.126029000000000
0.012913000000000
0.012979000000000
0.012295000000000
0.012772000000000
0.014056000000000
0.016335000000000
0.014295000000000
0.013072000000000
0.013507000000000
0.012285000000000
0.014261000000000
0.009979000000000
0.013416000000000
0.013081000000000
0.022979000000000
0.062355000000000
0.012897000000000
0.013257000000000
0.012607000000000
0.013554000000000
0.013039000000000
0.012417000000000
0.013149000000000
0.011126000000000
0.013228000000000
0.013107000000000
0.062815000000000
0.013881000000000
0.012529000000000
0.012381000000000
0.012184000000000
0.013325000000000
0.010918000000000
0.015435000000000
0.013259000000000
0.065507000000000
0.014885000000000
0.011778000000000
0.013644000000000
0.014352000000000
0.012957000000000
0.012740000000000
0.011284000000000
0.013218000000000
0.012078000000000
0.015733000000000
0.011308000000000
0.011365000000000
0.013025000000000
0.013350000000000
0.012673000000000
0.013177000000000
0.012047000000000
0.010122000000000
0.013065000000000
0.011922000000000
0.013016000000000
0.012654000000000
0.011297000000000
0.013832000000000
0.012779000000000
0.014649000000000
0.012460000000000
0.013599000000000
0.013398000000000
0.013299000000000
0.016895000000000
0.011733000000000
0.063117000000000
0.012413000000000
0.012335000000000
0.012876000000000
0.012621000000000
0.015428000000000
0.016915000000000
0.012856000000000
0.012844000000000
0.012460000000000
0.014707000000000
0.011627000000000
0.011819000000000
0.013211000000000
0.013521000000000
0.013476000000000
0.014680000000000
0.013622000000000
0.013833000000000
0.013159000000000
0.014007000000000
0.013950000000000
0.011953000000000
0.013562000000000
0.013323000000000
0.012496000000000
0.016239000000000
0.011560000000000
0.014207000000000
0.013066000000000
0.016503000000000
0.013449000000000
0.012976000000000
0.014324000000000
0.012325000000000
0.013531000000000
0.013134000000000
0.012469000000000
0.013257000000000
0.011582000000000
0.011654000000000
0.013247000000000
0.012049000000000
0.012023000000000
0.013330000000000
0.013372000000000
0.014370000000000
0.014550000000000
0.014585000000000
0.014131000000000
0.013683000000000
0.013827000000000
0.013280000000000
0.013793000000000
0.012528000000000
0.012457000000000
0.012378000000000
0.016431000000000
0.013158000000000
0.012980000000000
0.012662000000000
0.013304000000000
0.012554000000000
0.012631000000000
0.011745000000000
0.012342000000000
0.016481000000000
0.013184000000000
0.013272000000000
0.011480000000000
0.066554000000000
0.012160000000000
0.012569000000000
0.013186000000000
0.013540000000000
0.011085000000000
0.013727000000000
0.012769000000000
0.012465000000000
0.061828000000000
0.012595000000000
0.014241000000000
0.013195000000000
0.014526000000000
0.012402000000000
0.012084000000000
0.012868000000000
0.012262000000000
0.065566000000000
0.010492000000000
0.012038000000000
0.015617000000000
0.012442000000000
0.012990000000000
0.011932000000000
0.010070000000000
0.013293000000000
0.013823000000000
0.013458000000000
0.013059000000000
0.012122000000000
0.011843000000000
0.012783000000000
0.013034000000000
0.012482000000000
0.010898000000000
0.012653000000000
0.060641000000000
0.012651000000000
0.012009000000000
0.012474000000000
0.019393000000000
0.012668000000000
0.011444000000000
0.012990000000000
0.013212000000000
0.012802000000000
0.017507000000000
0.013498000000000
0.013316000000000
0.010433000000000
0.011980000000000
0.014157000000000
0.011862000000000
0.014400000000000
0.009953000000000
0.064801000000000
0.013353000000000
0.014495000000000
0.016531000000000
0.011070000000000
0.013214000000000
0.018012000000000
0.010526000000000
0.013264000000000
0.012208000000000
0.013622000000000
0.063023000000000
0.012051000000000
0.012761000000000
0.012621000000000
0.013223000000000
0.011696000000000
0.013405000000000
0.016592000000000
0.012759000000000
0.013877000000000
0.010411000000000
0.012849000000000
0.012913000000000
0.011810000000000
0.012632000000000
0.012017000000000
0.012995000000000
0.012955000000000
0.012708000000000
0.012249000000000
0.013434000000000
0.013500000000000
0.014678000000000
0.013425000000000
0.013103000000000
0.013173000000000
0.013485000000000
0.013356000000000
0.012919000000000
0.012926000000000
0.012162000000000
0.012766000000000
0.013999000000000
0.009940000000000
0.011964000000000
0.011999000000000
0.013043000000000
0.017231000000000
0.011930000000000
0.013263000000000
0.012697000000000
0.013448000000000
0.013952000000000
0.012864000000000
0.013434000000000
0.014038000000000
0.012147000000000
0.014191000000000
0.012072000000000
0.013943000000000
0.013057000000000
0.015169000000000
0.014359000000000
0.012559000000000
0.014045000000000
0.012828000000000
0.013607000000000
0.013348000000000
0.013340000000000
0.014774000000000
0.016058000000000
0.015943000000000
0.014029000000000
0.011862000000000
0.013595000000000
0.016604000000000
0.012544000000000
0.014384000000000
0.012371000000000
0.012806000000000
0.012782000000000
0.012034000000000
0.014688000000000
0.012201000000000
0.013160000000000
0.012338000000000
0.015875000000000
0.013048000000000
0.013137000000000
0.016961000000000
0.012398000000000
0.012007000000000
0.013847000000000
0.015822000000000
0.013476000000000
0.012559000000000
0.017744000000000
0.012965000000000
0.012695000000000
0.013075000000000
0.013233000000000
0.012598000000000
0.011959000000000
0.012387000000000
0.013500000000000
0.012909000000000
0.063817000000000
0.012491000000000
0.010368000000000
0.015436000000000
0.012454000000000
0.012648000000000
0.013409000000000
0.015651000000000
0.014146000000000
0.012758000000000
0.062629000000000
0.017191000000000
0.011742000000000
0.013257000000000
0.011969000000000
0.011794000000000
0.012610000000000
0.015662000000000
0.013108000000000
0.014996000000000
0.016652000000000
0.064521000000000
0.012500000000000
0.014002000000000
0.012959000000000
0.012884000000000
0.013508000000000
0.012261000000000
0.014717000000000
0.014999000000000
0.012017000000000
0.014299000000000
0.009919000000000
0.015324000000000
0.011915000000000
0.013116000000000
0.013747000000000
0.011746000000000
0.017300000000000
0.013856000000000
0.013919000000000
0.013351000000000
0.013427000000000
0.065595000000000
0.014831000000000
0.013816000000000
0.013007000000000
0.014044000000000
0.014135000000000
0.014159000000000
0.013683000000000
0.014072000000000
0.013858000000000
0.012500000000000
0.063503000000000
0.013235000000000
0.014961000000000
0.013783000000000
0.011124000000000
0.013972000000000
0.012357000000000
0.012902000000000
0.014193000000000
0.010296000000000
0.013341000000000
0.014072000000000
0.013548000000000
0.013484000000000
0.015691000000000
0.015056000000000
0.014368000000000
0.011438000000000
0.012987000000000
0.015053000000000
0.011502000000000
0.067656000000000
0.012197000000000
0.012503000000000
0.014135000000000
0.013632000000000
0.013683000000000
0.012929000000000
0.014386000000000
0.013581000000000
0.014831000000000
0.014196000000000
0.013087000000000
0.014198000000000
0.016838000000000
0.014221000000000
0.013783000000000
0.013290000000000
0.014074000000000
0.012835000000000
0.010936000000000
0.012000000000000
0.010324000000000
0.013735000000000
0.014483000000000
0.011352000000000
0.014494000000000
0.013415000000000
0.012987000000000
0.015754000000000
0.013602000000000
0.015481000000000
0.013030000000000
0.012828000000000
0.013799000000000
0.077813000000000
0.065946000000000
0.013334000000000
0.013342000000000
0.013302000000000
0.013027000000000
0.014110000000000
0.013114000000000
0.016666000000000
0.012150000000000
0.012183000000000
0.015265000000000
0.013159000000000
0.012950000000000
0.014295000000000
0.013712000000000
0.015386000000000
0.014161000000000
0.013691000000000
0.014124000000000
0.014589000000000
0.014109000000000
0.016417000000000
0.013788000000000
0.067724000000000
0.014166000000000
0.014234000000000
0.012525000000000
0.010687000000000
0.013708000000000
0.010844000000000
0.014326000000000
0.013467000000000
0.010812000000000
0.011294000000000
0.013171000000000
0.013781000000000
0.065493000000000
0.010572000000000
0.014276000000000
0.013562000000000
0.014211000000000
0.013463000000000
0.013682000000000
0.015521000000000
0.013831000000000
0.011578000000000
0.012228000000000
0.010826000000000
0.011012000000000
0.014067000000000
0.014614000000000
0.012859000000000
0.014531000000000
0.014473000000000
0.010944000000000
0.013729000000000
0.012112000000000
0.014089000000000
0.014045000000000
0.015674000000000
0.014443000000000
0.063712000000000
0.014273000000000
0.014007000000000
0.012981000000000
0.015467000000000
0.010451000000000
0.012751000000000
0.014428000000000
0.013701000000000
0.014794000000000
0.013481000000000
0.012532000000000
0.013542000000000
0.012609000000000
0.014295000000000
0.013118000000000
0.013136000000000
0.012487000000000
0.013374000000000
0.011087000000000
0.013728000000000
0.013713000000000
0.013836000000000
0.014032000000000
0.011419000000000
0.013150000000000
0.012615000000000
0.015014000000000
0.013595000000000
0.011618000000000
0.013351000000000
0.015437000000000
0.015684000000000
0.012815000000000
0.014588000000000
0.013182000000000
0.012859000000000
0.013350000000000
0.016048000000000
0.013998000000000
0.013459000000000
0.013647000000000
0.013893000000000
0.012249000000000
0.013068000000000
0.015536000000000
0.013322000000000
0.013517000000000
0.012142000000000
0.011080000000000
0.014222000000000
0.014271000000000
0.013055000000000
0.014902000000000
0.013248000000000
0.012196000000000
0.012112000000000
0.011773000000000
0.012362000000000
0.012954000000000
0.013674000000000
0.014179000000000
0.013700000000000
0.011985000000000
0.012601000000000
0.014385000000000
0.012038000000000
0.013524000000000
0.012343000000000
0.013935000000000
0.015376000000000
0.012904000000000
0.013193000000000
0.013084000000000
0.012202000000000
0.013927000000000
0.012820000000000
0.013206000000000
0.013007000000000
0.013127000000000
0.013280000000000
0.013159000000000
0.013859000000000
0.012543000000000
0.012232000000000
0.017043000000000
0.064699000000000
0.013786000000000
0.013764000000000
0.011102000000000
0.013794000000000
0.013733000000000
0.013006000000000
0.012062000000000
0.013356000000000
0.016671000000000
0.013420000000000
0.013688000000000
0.012266000000000
0.013309000000000
0.018786000000000
0.013279000000000
0.013440000000000
0.013229000000000
0.010582000000000
0.017299000000000
0.013325000000000
0.013409000000000
0.012918000000000
0.012590000000000
0.013674000000000
0.063565000000000
0.010763000000000
0.015658000000000
0.014453000000000
0.014776000000000
0.013393000000000
0.012648000000000
0.011902000000000
0.012920000000000
0.014227000000000
0.013650000000000
0.013286000000000
0.011845000000000
0.016361000000000
0.013944000000000
0.012612000000000
0.012949000000000
0.012772000000000
0.012863000000000
0.013464000000000
0.013881000000000
0.013587000000000
0.015229000000000
0.013183000000000
0.016264000000000
0.015290000000000
0.013550000000000
0.013189000000000
0.013003000000000
0.012955000000000
0.013364000000000
0.014032000000000
0.013491000000000
0.064719000000000
0.013385000000000
0.010445000000000
0.013443000000000
0.012052000000000
0.013287000000000
0.014311000000000
0.013028000000000
0.012972000000000
0.012481000000000
0.013426000000000
0.013928000000000
0.015522000000000
0.012675000000000
0.012479000000000
0.012658000000000
0.013726000000000
0.011582000000000
0.012613000000000
0.012119000000000
0.014777000000000
0.012969000000000
0.013188000000000
0.017251000000000
0.016358000000000
0.013276000000000
0.014574000000000
0.013540000000000
0.012816000000000
0.011935000000000
0.012979000000000
0.013442000000000
0.012639000000000
0.013483000000000
0.013811000000000
0.013216000000000
0.014135000000000
0.012567000000000
0.013964000000000
0.011799000000000
0.013651000000000
0.012055000000000
0.016358000000000
0.014054000000000
0.015474000000000
0.013940000000000
0.066431000000000
0.011765000000000
0.014276000000000
0.012146000000000
0.011949000000000
0.013092000000000
0.013129000000000
0.013415000000000
0.012969000000000
0.013079000000000
0.061887000000000
0.012712000000000
0.018938000000000
0.013561000000000
0.012015000000000
0.013415000000000
0.011814000000000
0.013091000000000
0.012685000000000
0.012732000000000
0.013531000000000
0.013002000000000
0.063030000000000
0.015583000000000
0.013179000000000
0.014309000000000
0.013058000000000
0.013362000000000
0.012487000000000
0.013222000000000
0.013258000000000
0.015143000000000
0.064000000000000
0.010999000000000
0.013295000000000
0.012049000000000
0.017194000000000
0.013067000000000
0.015513000000000
0.012368000000000
0.011984000000000
0.014248000000000
0.012802000000000
0.015639000000000
0.017143000000000
0.013080000000000
0.014107000000000
0.012684000000000
0.012281000000000
0.014429000000000
0.010240000000000
0.013532000000000
0.015511000000000
0.012842000000000
0.012842000000000
0.012200000000000
0.062649000000000
0.012741000000000
0.012878000000000
0.013958000000000
0.013404000000000
0.012871000000000
0.012109000000000
0.013500000000000
0.014412000000000
0.012231000000000
0.013767000000000
0.012447000000000
0.013009000000000
0.015861000000000
0.012837000000000
0.013760000000000
0.014217000000000
0.012772000000000
0.017682000000000
0.012019000000000
0.014105000000000
0.066837000000000
0.013462000000000
0.014542000000000
0.013125000000000
0.012412000000000
0.010262000000000
0.012131000000000
0.013844000000000
0.015982000000000
0.010978000000000
0.011180000000000
0.064669000000000
0.013150000000000
0.013250000000000
