0.008699000000000
0.008077000000000
0.008399000000000
0.007427000000000
0.007489000000000
0.010227000000000
0.007369000000000
0.007588000000000
0.009788000000000
0.006809000000000
0.006612000000000
0.009994000000000
0.007564000000000
0.006861000000000
0.006446000000000
0.006198000000000
0.006693000000000
0.006132000000000
0.006157000000000
0.007281000000000
0.005802000000000
0.005816000000000
0.005669000000000
0.005327000000000
0.005189000000000
0.004618000000000
0.004670000000000
0.005239000000000
0.004731000000000
0.004932000000000
0.005944000000000
0.004564000000000
0.005497000000000
0.008087000000000
0.004288000000000
0.004518000000000
0.006827000000000
0.004973000000000
0.004479000000000
0.004954000000000
0.004056000000000
0.004082000000000
0.004393000000000
0.005822000000000
0.004360000000000
0.005823000000000
0.004224000000000
0.007049000000000
0.005367000000000
0.004262000000000
0.004821000000000
0.006527000000000
0.004701000000000
0.004329000000000
0.004025000000000
0.007572000000000
0.004271000000000
0.004268000000000
0.004485000000000
0.004297000000000
0.004106000000000
0.003986000000000
0.004719000000000
0.004863000000000
0.004326000000000
0.006305000000000
0.004087000000000
0.004176000000000
0.007883000000000
0.006113000000000
0.004504000000000
0.004242000000000
0.005780000000000
0.004907000000000
0.004344000000000
0.006608000000000
0.005477000000000
0.004082000000000
0.005303000000000
0.005694000000000
0.004115000000000
0.005414000000000
0.004156000000000
0.003923000000000
0.005630000000000
0.005912000000000
0.004331000000000
0.004261000000000
0.006199000000000
0.004124000000000
0.003889000000000
0.005504000000000
0.004555000000000
0.004268000000000
0.004394000000000
0.004889000000000
0.003988000000000
0.003914000000000
0.005746000000000
