0.005325000000000
0.010230000000000
0.006202000000000
0.005150000000000
0.005046000000000
0.005012000000000
0.007790000000000
0.004932000000000
0.006434000000000
0.006793000000000
0.005522000000000
0.005113000000000
0.004893000000000
0.005144000000000
0.005041000000000
0.006925000000000
0.004830000000000
0.004990000000000
0.005927000000000
0.004810000000000
0.006029000000000
0.005407000000000
0.005568000000000
0.004590000000000
0.006865000000000
0.005042000000000
0.004855000000000
0.007224000000000
0.004459000000000
0.006038000000000
0.007414000000000
0.005208000000000
0.004621000000000
0.004867000000000
0.004785000000000
0.005177000000000
0.005267000000000
0.004714000000000
0.005198000000000
0.005907000000000
0.007267000000000
0.004664000000000
0.005542000000000
0.006627000000000
0.006402000000000
0.006328000000000
0.005065000000000
0.007601000000000
0.005398000000000
0.005262000000000
0.006947000000000
0.005603000000000
0.004715000000000
0.004951000000000
0.007275000000000
0.005311000000000
0.006848000000000
0.005394000000000
0.006759000000000
0.005423000000000
0.006380000000000
0.007797000000000
0.005810000000000
0.004653000000000
0.005249000000000
0.005305000000000
0.006505000000000
0.005503000000000
0.007489000000000
0.004981000000000
0.006158000000000
0.008156000000000
0.005366000000000
0.004739000000000
0.004519000000000
0.006746000000000
0.005036000000000
0.007238000000000
0.004966000000000
0.005290000000000
0.004872000000000
0.005193000000000
0.005008000000000
0.006991000000000
0.005458000000000
0.007005000000000
0.006589000000000
0.006596000000000
0.005362000000000
0.008039000000000
0.004719000000000
0.006584000000000
0.005606000000000
0.007111000000000
0.006180000000000
0.006881000000000
0.005478000000000
0.005132000000000
0.005258000000000
0.005289000000000
0.004807000000000
0.006129000000000
0.005498000000000
0.006016000000000
0.004969000000000
0.004951000000000
0.004698000000000
0.005978000000000
0.004836000000000
0.007031000000000
0.005308000000000
0.004981000000000
0.005671000000000
0.008480000000000
0.007143000000000
0.005182000000000
0.005323000000000
0.005298000000000
0.006777000000000
0.004601000000000
0.005236000000000
0.005269000000000
0.004896000000000
0.007939000000000
0.005293000000000
0.005131000000000
0.007146000000000
0.004717000000000
0.004553000000000
0.005147000000000
0.005295000000000
0.005288000000000
0.006829000000000
0.005099000000000
0.006181000000000
0.005200000000000
0.005332000000000
0.004975000000000
0.007135000000000
0.005106000000000
0.005063000000000
0.004667000000000
0.004840000000000
0.005140000000000
0.007587000000000
0.004559000000000
0.005151000000000
0.005638000000000
0.004873000000000
0.005285000000000
0.007390000000000
0.004887000000000
0.005138000000000
0.005508000000000
0.004906000000000
0.005600000000000
0.004884000000000
0.004824000000000
0.005086000000000
0.004941000000000
0.006534000000000
0.007087000000000
0.004894000000000
0.005410000000000
0.005858000000000
0.005727000000000
0.005251000000000
0.005319000000000
0.004961000000000
0.004588000000000
0.006933000000000
0.004756000000000
0.004925000000000
0.004791000000000
0.006860000000000
0.004399000000000
0.006432000000000
0.004925000000000
0.004833000000000
0.004912000000000
0.005633000000000
0.007006000000000
0.005471000000000
0.009556000000000
0.004771000000000
0.004834000000000
0.005722000000000
0.004725000000000
0.006953000000000
0.006423000000000
0.004621000000000
0.005017000000000
0.005807000000000
0.006905000000000
0.006689000000000
0.004720000000000
0.004808000000000
0.005632000000000
0.004609000000000
0.004523000000000
0.004787000000000
0.004717000000000
0.008113000000000
0.007216000000000
0.006904000000000
0.005465000000000
0.007099000000000
0.005777000000000
0.005675000000000
0.005150000000000
0.005872000000000
0.005503000000000
0.004832000000000
0.004575000000000
0.006529000000000
0.005450000000000
0.005553000000000
0.004777000000000
0.008345000000000
0.005545000000000
0.004683000000000
0.005040000000000
0.005092000000000
0.004483000000000
0.006854000000000
0.004972000000000
0.004514000000000
0.007567000000000
0.005805000000000
0.004740000000000
0.005142000000000
0.004905000000000
0.004841000000000
0.006922000000000
0.005072000000000
0.005874000000000
0.006804000000000
0.007411000000000
0.004775000000000
0.006372000000000
0.004868000000000
0.005165000000000
0.006972000000000
0.004520000000000
0.005001000000000
0.005206000000000
0.004777000000000
0.007747000000000
0.007068000000000
0.005456000000000
0.004987000000000
0.004430000000000
0.005526000000000
0.004665000000000
0.004922000000000
0.004393000000000
0.007390000000000
0.006739000000000
0.004508000000000
0.004694000000000
0.007217000000000
0.004895000000000
0.006702000000000
0.004762000000000
0.004432000000000
0.004619000000000
0.005543000000000
0.006616000000000
0.006429000000000
0.006823000000000
0.005490000000000
0.004449000000000
0.093092000000000
0.005122000000000
0.004438000000000
0.006168000000000
0.007367000000000
0.006660000000000
0.007281000000000
0.005485000000000
0.005359000000000
0.004507000000000
0.006817000000000
0.006542000000000
0.004734000000000
0.005324000000000
0.004861000000000
0.004659000000000
0.005633000000000
0.005916000000000
0.004779000000000
0.004745000000000
0.004616000000000
0.006919000000000
0.006608000000000
0.006118000000000
0.006141000000000
0.004365000000000
0.004365000000000
0.007209000000000
0.004519000000000
0.006773000000000
0.004751000000000
0.005035000000000
0.006555000000000
0.004426000000000
0.006511000000000
0.005012000000000
0.008825000000000
0.006657000000000
0.006084000000000
0.004802000000000
0.006841000000000
0.008145000000000
0.007066000000000
0.007019000000000
0.004821000000000
0.004550000000000
0.004476000000000
0.006551000000000
0.004408000000000
0.005641000000000
0.004962000000000
0.005817000000000
0.004473000000000
0.005460000000000
0.004658000000000
0.006466000000000
0.005736000000000
0.006511000000000
0.004603000000000
0.006399000000000
0.004818000000000
0.005968000000000
0.004674000000000
0.007842000000000
0.004542000000000
0.007215000000000
0.007522000000000
0.006633000000000
0.006787000000000
0.007345000000000
0.006867000000000
0.004687000000000
0.006616000000000
0.005130000000000
0.005206000000000
0.004902000000000
0.006100000000000
0.004507000000000
0.006033000000000
0.006254000000000
0.005642000000000
0.005131000000000
0.004858000000000
0.006665000000000
0.007863000000000
0.005613000000000
0.004596000000000
0.006514000000000
0.005490000000000
0.004712000000000
0.005642000000000
0.004726000000000
0.006035000000000
0.007510000000000
0.004738000000000
0.005577000000000
0.005452000000000
0.006115000000000
0.004728000000000
0.005943000000000
0.004909000000000
0.005341000000000
0.006328000000000
0.007397000000000
0.007434000000000
0.006172000000000
0.004963000000000
0.007059000000000
0.006814000000000
0.004490000000000
0.007372000000000
0.004411000000000
0.006468000000000
0.004934000000000
0.004474000000000
0.004678000000000
0.008199000000000
0.004694000000000
0.006507000000000
0.004555000000000
0.005488000000000
0.005332000000000
0.004661000000000
0.005757000000000
0.004630000000000
0.006344000000000
0.005560000000000
0.007368000000000
0.004427000000000
0.004779000000000
0.005601000000000
0.006855000000000
0.007584000000000
0.004403000000000
0.004419000000000
0.006421000000000
0.006169000000000
0.005631000000000
0.004391000000000
0.009447000000000
0.005543000000000
0.008497000000000
0.004409000000000
0.004372000000000
0.007364000000000
0.006628000000000
0.102253000000000
0.006247000000000
0.005347000000000
0.005233000000000
0.004616000000000
0.005982000000000
0.004793000000000
0.004918000000000
0.006140000000000
0.005677000000000
0.004404000000000
0.004493000000000
0.007378000000000
0.006503000000000
0.004400000000000
0.004510000000000
0.005964000000000
0.006368000000000
0.004886000000000
0.005346000000000
0.005674000000000
0.004423000000000
0.007537000000000
0.004483000000000
0.007707000000000
0.004879000000000
0.004622000000000
0.006454000000000
0.009056000000000
0.006645000000000
0.005312000000000
0.004975000000000
0.004705000000000
0.007968000000000
0.005678000000000
0.005148000000000
0.004730000000000
0.004575000000000
0.006854000000000
0.006153000000000
0.004513000000000
0.005564000000000
0.004589000000000
0.005789000000000
0.005430000000000
0.004861000000000
0.004685000000000
0.004643000000000
0.006439000000000
0.006507000000000
0.004350000000000
0.004531000000000
0.005012000000000
0.007306000000000
0.005644000000000
0.004984000000000
0.004864000000000
0.007027000000000
0.006523000000000
0.006983000000000
0.004918000000000
0.007146000000000
0.005680000000000
0.006176000000000
0.006473000000000
0.004786000000000
0.004719000000000
0.006809000000000
0.005930000000000
0.004615000000000
0.006719000000000
0.004880000000000
0.005193000000000
0.005457000000000
0.007230000000000
0.006224000000000
0.005726000000000
0.004550000000000
0.004536000000000
0.005514000000000
0.004558000000000
0.005405000000000
0.004958000000000
0.004829000000000
0.004778000000000
0.006238000000000
0.004879000000000
0.004982000000000
0.004752000000000
0.004899000000000
0.004913000000000
0.007037000000000
0.004515000000000
0.006302000000000
0.004541000000000
0.006905000000000
0.006577000000000
0.004883000000000
0.005085000000000
0.006658000000000
0.006140000000000
0.006586000000000
0.007138000000000
0.006513000000000
0.004759000000000
0.004726000000000
0.007716000000000
0.004538000000000
0.004669000000000
0.004397000000000
0.005561000000000
0.004781000000000
0.004804000000000
0.004611000000000
0.004660000000000
0.006846000000000
0.004845000000000
0.005486000000000
0.004585000000000
0.006028000000000
0.006757000000000
0.004579000000000
0.006571000000000
0.006595000000000
0.006758000000000
0.004779000000000
0.004477000000000
0.005967000000000
0.006368000000000
0.006669000000000
0.004822000000000
0.004713000000000
0.006021000000000
0.004601000000000
0.004654000000000
0.004885000000000
0.005207000000000
0.004743000000000
0.006047000000000
0.004500000000000
0.007260000000000
0.005272000000000
0.005636000000000
0.004766000000000
0.006753000000000
0.006550000000000
0.004790000000000
0.006223000000000
0.005839000000000
0.004756000000000
0.004787000000000
0.004643000000000
0.004777000000000
0.005882000000000
0.006661000000000
0.006736000000000
0.004921000000000
0.006740000000000
0.006744000000000
0.007720000000000
0.005611000000000
0.007440000000000
0.004814000000000
0.004686000000000
0.004525000000000
0.004517000000000
0.004695000000000
0.004634000000000
0.005893000000000
0.005445000000000
0.008314000000000
0.004957000000000
0.005024000000000
0.004679000000000
0.004813000000000
0.004575000000000
0.006784000000000
0.008477000000000
0.006164000000000
0.006898000000000
0.006418000000000
0.007009000000000
0.007062000000000
0.006633000000000
0.005046000000000
0.006870000000000
0.004873000000000
0.006053000000000
0.005483000000000
0.005104000000000
0.005879000000000
0.005061000000000
0.005307000000000
0.004996000000000
0.005129000000000
0.004745000000000
0.006396000000000
0.004856000000000
0.005417000000000
0.004969000000000
0.004506000000000
0.005963000000000
0.007044000000000
0.007180000000000
0.006542000000000
0.005298000000000
0.004594000000000
0.005114000000000
0.004621000000000
0.004646000000000
0.004713000000000
0.005764000000000
0.004877000000000
0.006931000000000
0.005112000000000
0.006802000000000
0.004717000000000
0.064329000000000
0.006470000000000
0.004637000000000
0.006739000000000
0.006428000000000
0.005666000000000
0.006034000000000
0.004792000000000
0.005965000000000
0.005999000000000
0.004581000000000
0.005355000000000
0.005106000000000
0.004929000000000
0.006558000000000
0.007352000000000
0.005105000000000
0.006182000000000
0.005826000000000
0.004801000000000
0.004947000000000
0.004860000000000
0.004878000000000
0.009110000000000
0.006662000000000
0.006875000000000
0.005251000000000
0.005325000000000
0.006964000000000
0.005161000000000
0.004587000000000
0.005003000000000
0.004658000000000
0.005231000000000
0.005855000000000
0.004500000000000
0.007532000000000
0.006889000000000
0.005519000000000
0.007384000000000
0.005652000000000
0.004545000000000
0.004964000000000
0.006777000000000
0.004871000000000
0.005268000000000
0.006201000000000
0.005529000000000
0.004563000000000
0.004939000000000
0.004764000000000
0.005842000000000
0.004503000000000
0.006777000000000
0.004759000000000
0.005989000000000
0.006540000000000
0.005661000000000
0.005170000000000
0.007543000000000
0.006713000000000
0.007701000000000
0.005474000000000
0.005359000000000
0.004800000000000
0.004876000000000
0.004900000000000
0.005714000000000
0.007767000000000
0.007292000000000
0.005194000000000
0.008211000000000
0.004571000000000
0.004821000000000
0.004941000000000
0.004936000000000
0.004915000000000
0.004370000000000
0.006040000000000
0.004711000000000
0.004676000000000
0.004501000000000
0.004537000000000
0.006474000000000
0.004643000000000
0.004886000000000
0.004724000000000
0.005023000000000
0.005453000000000
0.008283000000000
0.004785000000000
0.005156000000000
0.006908000000000
0.004439000000000
0.004623000000000
0.004359000000000
0.005491000000000
0.005099000000000
0.005062000000000
0.005930000000000
0.005260000000000
0.005972000000000
0.005681000000000
0.006628000000000
0.004954000000000
0.004738000000000
0.004502000000000
0.004368000000000
0.004878000000000
0.006468000000000
0.005666000000000
0.004842000000000
0.006669000000000
0.004672000000000
0.006582000000000
0.005987000000000
0.004558000000000
0.006937000000000
0.007062000000000
0.008478000000000
0.008635000000000
0.006488000000000
0.005490000000000
0.004878000000000
0.005004000000000
0.004607000000000
0.005159000000000
0.006771000000000
0.004846000000000
0.004865000000000
0.004907000000000
0.005832000000000
0.004401000000000
0.004971000000000
0.005150000000000
0.004839000000000
0.005451000000000
0.004442000000000
0.004713000000000
0.005757000000000
0.007376000000000
0.006562000000000
0.006928000000000
0.004402000000000
0.004686000000000
0.004710000000000
0.005253000000000
0.004684000000000
0.006654000000000
0.006899000000000
0.004709000000000
0.005791000000000
0.006738000000000
0.004979000000000
0.004428000000000
0.006421000000000
0.005300000000000
0.004522000000000
0.005193000000000
0.004677000000000
0.004470000000000
0.004847000000000
0.005678000000000
0.005328000000000
0.005095000000000
0.005781000000000
0.004373000000000
0.006192000000000
0.004729000000000
0.004776000000000
0.006472000000000
0.005941000000000
0.004472000000000
0.007730000000000
0.004921000000000
0.004698000000000
0.005557000000000
0.004486000000000
0.004931000000000
0.004828000000000
0.006488000000000
0.007484000000000
0.004556000000000
0.008040000000000
0.006238000000000
0.004498000000000
0.004994000000000
0.005043000000000
0.004589000000000
0.006870000000000
0.006210000000000
0.004564000000000
0.004717000000000
0.005333000000000
0.007119000000000
0.005967000000000
0.006948000000000
0.006577000000000
0.004416000000000
0.006462000000000
0.004613000000000
0.004870000000000
0.005177000000000
0.004583000000000
0.006808000000000
0.004498000000000
0.005224000000000
0.005942000000000
0.005236000000000
0.005781000000000
0.004653000000000
0.004952000000000
0.009077000000000
0.004524000000000
0.006331000000000
0.005920000000000
0.005602000000000
0.006719000000000
0.006803000000000
0.005249000000000
0.007210000000000
0.007034000000000
0.006445000000000
0.004603000000000
0.004946000000000
0.005741000000000
0.004395000000000
0.004955000000000
0.006516000000000
0.005291000000000
0.005702000000000
0.005062000000000
0.007014000000000
0.004563000000000
0.005045000000000
0.004650000000000
0.006429000000000
0.005224000000000
0.006142000000000
0.004600000000000
0.005870000000000
0.004924000000000
0.006366000000000
0.004891000000000
0.006052000000000
0.006041000000000
0.008018000000000
0.004906000000000
0.006929000000000
0.006282000000000
0.005467000000000
0.006726000000000
0.005000000000000
0.004846000000000
0.005108000000000
0.005614000000000
0.005246000000000
0.007951000000000
0.004667000000000
0.004502000000000
0.004810000000000
0.006613000000000
0.005383000000000
0.004715000000000
0.005414000000000
0.004872000000000
0.004629000000000
0.007513000000000
0.005970000000000
0.004566000000000
0.004833000000000
0.004490000000000
0.004369000000000
0.004706000000000
0.006503000000000
0.004781000000000
0.009824000000000
0.018943000000000
0.005970000000000
0.005054000000000
0.005886000000000
0.006815000000000
0.006890000000000
0.004816000000000
0.006942000000000
0.006285000000000
0.005005000000000
0.004784000000000
0.005099000000000
0.007178000000000
0.005128000000000
0.004992000000000
0.005440000000000
0.005000000000000
0.006070000000000
0.005571000000000
0.007233000000000
0.005567000000000
0.005574000000000
0.005196000000000
0.005209000000000
0.007303000000000
0.004933000000000
0.004721000000000
0.006913000000000
0.005647000000000
0.005958000000000
0.004975000000000
0.006987000000000
0.005461000000000
0.006789000000000
0.004775000000000
0.004782000000000
0.005025000000000
0.006492000000000
0.006165000000000
0.006232000000000
0.007852000000000
0.006192000000000
0.004919000000000
0.005549000000000
0.007078000000000
0.004713000000000
0.006543000000000
0.004634000000000
0.005210000000000
0.007841000000000
0.004982000000000
0.004876000000000
0.005243000000000
0.005317000000000
0.004858000000000
0.005091000000000
0.004834000000000
0.005107000000000
0.006494000000000
0.006813000000000
0.008317000000000
0.006364000000000
0.005512000000000
0.006279000000000
0.005033000000000
0.005100000000000
0.007074000000000
0.006247000000000
0.006598000000000
0.004925000000000
0.007000000000000
0.005080000000000
0.005054000000000
0.005862000000000
0.004972000000000
0.004893000000000
0.004861000000000
0.005831000000000
0.004722000000000
0.005892000000000
0.005977000000000
0.005940000000000
0.005102000000000
0.007627000000000
0.009477000000000
0.009470000000000
0.004908000000000
