0.009020000000000
0.008411000000000
0.007648000000000
0.007843000000000
0.007260000000000
0.009466000000000
0.007463000000000
0.008463000000000
0.009244000000000
0.006842000000000
0.010044000000000
0.010832000000000
0.007121000000000
0.006628000000000
0.006601000000000
0.006669000000000
0.006406000000000
0.005948000000000
0.006003000000000
0.006369000000000
0.009650000000000
0.006186000000000
0.006707000000000
0.006791000000000
0.005572000000000
0.005445000000000
0.005018000000000
0.004762000000000
0.004246000000000
0.004373000000000
0.004269000000000
0.005453000000000
0.004072000000000
0.004699000000000
0.004232000000000
0.004157000000000
0.004592000000000
0.004317000000000
0.006367000000000
0.005509000000000
0.004185000000000
0.004548000000000
0.005595000000000
0.004243000000000
0.004342000000000
0.005920000000000
0.005557000000000
0.007518000000000
0.004500000000000
0.004325000000000
0.006266000000000
0.005545000000000
0.005831000000000
0.004176000000000
0.004407000000000
0.005406000000000
0.004601000000000
0.005224000000000
0.004174000000000
0.005625000000000
0.004006000000000
0.005317000000000
0.004811000000000
0.003979000000000
0.004379000000000
0.006073000000000
0.004302000000000
0.008052000000000
0.004216000000000
0.004392000000000
0.004469000000000
0.004643000000000
0.004019000000000
0.004004000000000
0.003925000000000
0.005460000000000
0.004318000000000
0.004152000000000
0.004294000000000
0.003995000000000
0.006053000000000
0.005189000000000
0.007095000000000
0.008682000000000
0.004099000000000
0.005482000000000
0.004006000000000
0.006421000000000
0.004098000000000
0.003975000000000
0.005202000000000
0.006684000000000
0.003969000000000
0.005589000000000
0.005344000000000
0.004454000000000
0.004851000000000
0.003887000000000
0.005625000000000
