0.007608000000000
0.007575000000000
0.009327000000000
0.008303000000000
0.011703000000000
0.008410000000000
0.007660000000000
0.007540000000000
0.007337000000000
0.007313000000000
0.006868000000000
0.006964000000000
0.006369000000000
0.007931000000000
0.006147000000000
0.007477000000000
0.008086000000000
0.006861000000000
0.006013000000000
0.006560000000000
0.005783000000000
0.006589000000000
0.005222000000000
0.004866000000000
0.004891000000000
0.004680000000000
0.004282000000000
0.004408000000000
0.004493000000000
0.004878000000000
0.004546000000000
0.004164000000000
0.004438000000000
0.005506000000000
0.007176000000000
0.004317000000000
0.004844000000000
0.006484000000000
0.004462000000000
0.004477000000000
0.004385000000000
0.004311000000000
0.006775000000000
0.005734000000000
0.004311000000000
0.004577000000000
0.004350000000000
0.007620000000000
0.005007000000000
0.004514000000000
0.005059000000000
0.004426000000000
0.004353000000000
0.004579000000000
0.004135000000000
0.004082000000000
0.004292000000000
0.004246000000000
0.004177000000000
0.003984000000000
0.007239000000000
0.004379000000000
0.004434000000000
0.004622000000000
0.004115000000000
0.004293000000000
0.006227000000000
0.005678000000000
0.005528000000000
0.003988000000000
0.004209000000000
0.005559000000000
0.003993000000000
0.004608000000000
0.004054000000000
0.003885000000000
0.005442000000000
0.003931000000000
0.004027000000000
0.004135000000000
0.004137000000000
0.005930000000000
0.004482000000000
0.005099000000000
0.005799000000000
0.005113000000000
0.003963000000000
0.005519000000000
0.003915000000000
0.005626000000000
0.003929000000000
0.003928000000000
0.004060000000000
0.005772000000000
0.004898000000000
0.004417000000000
0.004219000000000
0.004989000000000
0.004024000000000
