0.012846000000000
0.010248000000000
0.011544000000000
0.012363000000000
0.011416000000000
0.012046000000000
0.017252000000000
0.013115000000000
0.013503000000000
0.013259000000000
0.010560000000000
0.011395000000000
0.015845000000000
0.013629000000000
0.011779000000000
0.011809000000000
0.011566000000000
0.011559000000000
0.012308000000000
0.011448000000000
0.011154000000000
0.010244000000000
0.014001000000000
0.012000000000000
0.010913000000000
0.011888000000000
0.010744000000000
0.016511000000000
0.012319000000000
0.011201000000000
0.010715000000000
0.013008000000000
0.012654000000000
0.010930000000000
0.011282000000000
0.011468000000000
0.011795000000000
0.011815000000000
0.012611000000000
0.013930000000000
0.010111000000000
0.013096000000000
0.014016000000000
0.010377000000000
0.011367000000000
0.010600000000000
0.010028000000000
0.012961000000000
0.014359000000000
0.012320000000000
0.014014000000000
0.013721000000000
0.148918000000000
0.013172000000000
0.012364000000000
0.012469000000000
0.011397000000000
0.012568000000000
0.014417000000000
0.011828000000000
0.011460000000000
0.012298000000000
0.010656000000000
0.011013000000000
0.011155000000000
0.011203000000000
0.013230000000000
0.010331000000000
0.009833000000000
0.011497000000000
0.012745000000000
0.012748000000000
0.013132000000000
0.012954000000000
0.012642000000000
0.011639000000000
0.010971000000000
0.012620000000000
0.011810000000000
0.012989000000000
0.012041000000000
0.014316000000000
0.010920000000000
0.012336000000000
0.013759000000000
0.012658000000000
0.012189000000000
0.013389000000000
0.012451000000000
0.012968000000000
0.010834000000000
0.013417000000000
0.014214000000000
0.012922000000000
0.011031000000000
0.012257000000000
0.014397000000000
0.013348000000000
0.012203000000000
0.013863000000000
0.012310000000000
0.013593000000000
0.013344000000000
0.012636000000000
0.014976000000000
0.011912000000000
0.011508000000000
0.012371000000000
0.014065000000000
0.011567000000000
0.012705000000000
0.013008000000000
0.011918000000000
0.012988000000000
0.011660000000000
0.012719000000000
0.011482000000000
0.010717000000000
0.012807000000000
0.013747000000000
0.010404000000000
0.010843000000000
0.011954000000000
0.010967000000000
0.066904000000000
0.011308000000000
0.014140000000000
0.012508000000000
0.010969000000000
0.013438000000000
0.012672000000000
0.016951000000000
0.012819000000000
0.010203000000000
0.013081000000000
0.011333000000000
0.012044000000000
0.010887000000000
0.011045000000000
0.013226000000000
0.010705000000000
0.011565000000000
0.011474000000000
0.013401000000000
0.014069000000000
0.012763000000000
0.011477000000000
0.010830000000000
0.012216000000000
0.064768000000000
0.012374000000000
0.013488000000000
0.012827000000000
0.012310000000000
0.011421000000000
0.012534000000000
0.011264000000000
0.012325000000000
0.013126000000000
0.013571000000000
0.013825000000000
0.012077000000000
0.010530000000000
0.011488000000000
0.011366000000000
0.012393000000000
0.014631000000000
0.011366000000000
0.013039000000000
0.016698000000000
0.012131000000000
0.013666000000000
0.011966000000000
0.010245000000000
0.014088000000000
0.012969000000000
0.012986000000000
0.012487000000000
0.011490000000000
0.012119000000000
0.012839000000000
0.014069000000000
0.010603000000000
0.013496000000000
0.011211000000000
0.014007000000000
0.010932000000000
0.010817000000000
0.012391000000000
0.010981000000000
0.066425000000000
0.011645000000000
0.013719000000000
0.010892000000000
0.013846000000000
0.011510000000000
0.012680000000000
0.011315000000000
0.012436000000000
0.011621000000000
0.013246000000000
0.013406000000000
0.012416000000000
0.011184000000000
0.013230000000000
0.012712000000000
0.013456000000000
0.011983000000000
0.011091000000000
0.013458000000000
0.012804000000000
0.011412000000000
0.010098000000000
0.012642000000000
0.013926000000000
0.010024000000000
0.013723000000000
0.013127000000000
0.013084000000000
0.011677000000000
0.013095000000000
0.011952000000000
0.012540000000000
0.057641000000000
0.019718000000000
0.014396000000000
0.013873000000000
0.013792000000000
0.013633000000000
0.017149000000000
0.016457000000000
0.010694000000000
0.010455000000000
0.011834000000000
0.012448000000000
0.012221000000000
0.012945000000000
0.012265000000000
0.011822000000000
0.011467000000000
0.013025000000000
0.011951000000000
0.010941000000000
0.012533000000000
0.010764000000000
0.013099000000000
0.012668000000000
0.012913000000000
0.012083000000000
0.023720000000000
0.013127000000000
0.012165000000000
0.013529000000000
0.013234000000000
0.012366000000000
0.012351000000000
0.011136000000000
0.010536000000000
0.013373000000000
0.011052000000000
0.012082000000000
0.016547000000000
0.012353000000000
0.012416000000000
0.013614000000000
0.012311000000000
0.013724000000000
0.012742000000000
0.012428000000000
0.013345000000000
0.011327000000000
0.011152000000000
0.010641000000000
0.010780000000000
0.013654000000000
0.010883000000000
0.012702000000000
0.012586000000000
0.011132000000000
0.011072000000000
0.013360000000000
0.012945000000000
0.010386000000000
0.013005000000000
0.011385000000000
0.013496000000000
0.014342000000000
0.011816000000000
0.009505000000000
0.012621000000000
0.012037000000000
0.013269000000000
0.010607000000000
0.011311000000000
0.013221000000000
0.013609000000000
0.011293000000000
0.010887000000000
0.011071000000000
0.014946000000000
0.011203000000000
0.012969000000000
0.010887000000000
0.012874000000000
0.012060000000000
0.011440000000000
0.014655000000000
0.013069000000000
0.010886000000000
0.013116000000000
0.010625000000000
0.014230000000000
0.012500000000000
0.011785000000000
0.011845000000000
0.012759000000000
0.014988000000000
0.012666000000000
0.011486000000000
0.015657000000000
0.013370000000000
0.013133000000000
0.012638000000000
0.013630000000000
0.014382000000000
0.010181000000000
0.013242000000000
0.012134000000000
0.010512000000000
0.010619000000000
0.012383000000000
0.013818000000000
0.011103000000000
0.013017000000000
0.011493000000000
0.010594000000000
0.013546000000000
0.010163000000000
0.013344000000000
0.013102000000000
0.010347000000000
0.010623000000000
0.012447000000000
0.011133000000000
0.011727000000000
0.012968000000000
0.013655000000000
0.012834000000000
0.010924000000000
0.011890000000000
0.012158000000000
0.014960000000000
0.013012000000000
0.012492000000000
0.012988000000000
0.009822000000000
0.011361000000000
0.011729000000000
0.154722000000000
0.014104000000000
0.011176000000000
0.013707000000000
0.012588000000000
0.011033000000000
0.013523000000000
0.010894000000000
0.013709000000000
0.014341000000000
0.012095000000000
0.013794000000000
0.012026000000000
0.013645000000000
0.012880000000000
0.011941000000000
0.011154000000000
0.013753000000000
0.012157000000000
0.011845000000000
0.011662000000000
0.013971000000000
0.013108000000000
0.011672000000000
0.011293000000000
0.012922000000000
0.013593000000000
0.016039000000000
0.014006000000000
0.012373000000000
0.012311000000000
0.013419000000000
0.012973000000000
0.013309000000000
0.012642000000000
0.011767000000000
0.014023000000000
0.057826000000000
0.014195000000000
0.011400000000000
0.012229000000000
0.012341000000000
0.013583000000000
0.009912000000000
0.012863000000000
0.012983000000000
0.010582000000000
0.011883000000000
0.065857000000000
0.013450000000000
0.012503000000000
0.010759000000000
0.011111000000000
0.013043000000000
0.013320000000000
0.012711000000000
0.011668000000000
0.010957000000000
0.013264000000000
0.079643000000000
0.013190000000000
0.013042000000000
0.013813000000000
0.011909000000000
0.012365000000000
0.011320000000000
0.012725000000000
0.012649000000000
0.013824000000000
0.012479000000000
0.012783000000000
0.012601000000000
0.013313000000000
0.013166000000000
0.013142000000000
0.012890000000000
0.010458000000000
0.013584000000000
0.010415000000000
0.011671000000000
0.010644000000000
0.010429000000000
0.010877000000000
0.009902000000000
0.013709000000000
0.012996000000000
0.010439000000000
0.013306000000000
0.011337000000000
0.013614000000000
0.012180000000000
0.010220000000000
0.011830000000000
0.011125000000000
0.011316000000000
0.012036000000000
0.064521000000000
0.011822000000000
0.010053000000000
0.011884000000000
0.013722000000000
0.011118000000000
0.014859000000000
0.012510000000000
0.013695000000000
0.010577000000000
0.013053000000000
0.011145000000000
0.010616000000000
0.013107000000000
0.012871000000000
0.011616000000000
0.015036000000000
0.012844000000000
0.290796000000000
0.013305000000000
0.013095000000000
0.012174000000000
0.013841000000000
0.014266000000000
0.013979000000000
0.012400000000000
0.011332000000000
0.013362000000000
0.013773000000000
0.012973000000000
0.013340000000000
0.012978000000000
0.013648000000000
0.013789000000000
0.013150000000000
0.013453000000000
0.012336000000000
0.014104000000000
0.010507000000000
0.013427000000000
0.011572000000000
0.012258000000000
0.013252000000000
0.013426000000000
0.063579000000000
0.010454000000000
0.016717000000000
0.012164000000000
0.014109000000000
0.016610000000000
0.012181000000000
0.011720000000000
0.013287000000000
0.012711000000000
0.013120000000000
0.011083000000000
0.013796000000000
0.012440000000000
0.012904000000000
0.010505000000000
0.013094000000000
0.012488000000000
0.013648000000000
0.010668000000000
0.013000000000000
0.013139000000000
0.013621000000000
0.011635000000000
0.015725000000000
0.012600000000000
0.012729000000000
0.010979000000000
0.013302000000000
0.013537000000000
0.012811000000000
0.013355000000000
0.013384000000000
0.013884000000000
0.013903000000000
0.013605000000000
0.013314000000000
0.012509000000000
0.010303000000000
0.013865000000000
0.012059000000000
0.013341000000000
0.013357000000000
0.066983000000000
0.011372000000000
0.012557000000000
0.010462000000000
0.014049000000000
0.012965000000000
0.013388000000000
0.016232000000000
0.012459000000000
0.012825000000000
0.013502000000000
0.013301000000000
0.010216000000000
0.009770000000000
0.012147000000000
0.013652000000000
0.013491000000000
0.012891000000000
0.014963000000000
0.013434000000000
0.013145000000000
0.013932000000000
0.012871000000000
0.010084000000000
0.012620000000000
0.010401000000000
0.024624000000000
0.012928000000000
0.014267000000000
0.013085000000000
0.013459000000000
0.014490000000000
0.014322000000000
0.010830000000000
0.012225000000000
0.013623000000000
0.010110000000000
0.012187000000000
0.010939000000000
0.012617000000000
0.012781000000000
0.015418000000000
0.012848000000000
0.014296000000000
0.011048000000000
0.011447000000000
0.012389000000000
0.012815000000000
0.010814000000000
0.011444000000000
0.012784000000000
0.013797000000000
0.015435000000000
0.012967000000000
0.013117000000000
0.012210000000000
0.011038000000000
0.013478000000000
0.011212000000000
0.013319000000000
0.011278000000000
0.012775000000000
0.012060000000000
0.013138000000000
0.014341000000000
0.012565000000000
0.013536000000000
0.014875000000000
0.012279000000000
0.016720000000000
0.013870000000000
0.013664000000000
0.010559000000000
0.012216000000000
0.013916000000000
0.012901000000000
0.011595000000000
0.012085000000000
0.011056000000000
0.011528000000000
0.011125000000000
0.009919000000000
0.012803000000000
0.013434000000000
0.014510000000000
0.012560000000000
0.012669000000000
0.480140000000000
0.012306000000000
0.014268000000000
0.017030000000000
0.012170000000000
0.010698000000000
0.011008000000000
0.014005000000000
0.015018000000000
0.012781000000000
0.011939000000000
0.011159000000000
0.017059000000000
0.013389000000000
0.013302000000000
0.013734000000000
0.011811000000000
0.012881000000000
0.013161000000000
0.013696000000000
0.016034000000000
0.011760000000000
0.013795000000000
0.013508000000000
0.010204000000000
0.013783000000000
0.064190000000000
0.014064000000000
0.012647000000000
0.011084000000000
0.014318000000000
0.013306000000000
0.014206000000000
0.012927000000000
0.013446000000000
0.013685000000000
0.010273000000000
0.014846000000000
0.010284000000000
0.012100000000000
0.012871000000000
0.015765000000000
0.014440000000000
0.009905000000000
0.016563000000000
0.016889000000000
0.016366000000000
0.014091000000000
0.012669000000000
0.013714000000000
0.013576000000000
0.011623000000000
0.011267000000000
0.010479000000000
0.010147000000000
0.013706000000000
0.012703000000000
0.013789000000000
0.016708000000000
0.013032000000000
0.011810000000000
0.012579000000000
0.014337000000000
0.012855000000000
0.012382000000000
0.012089000000000
0.013945000000000
0.013430000000000
0.012541000000000
0.012985000000000
0.016212000000000
0.016599000000000
0.016726000000000
0.013491000000000
0.013190000000000
0.013744000000000
0.013730000000000
0.012164000000000
0.067811000000000
0.015726000000000
0.016417000000000
0.011085000000000
0.011869000000000
0.012726000000000
0.012929000000000
0.013518000000000
0.013479000000000
0.012986000000000
0.013830000000000
0.012330000000000
0.014150000000000
0.012703000000000
0.014191000000000
0.013316000000000
0.010540000000000
0.013131000000000
0.013275000000000
0.013335000000000
0.013182000000000
0.011324000000000
0.011734000000000
0.010430000000000
0.013165000000000
0.013267000000000
0.012662000000000
0.013127000000000
0.010740000000000
0.017127000000000
0.067269000000000
0.081364000000000
0.013097000000000
0.011722000000000
0.014452000000000
0.012430000000000
0.014383000000000
0.012189000000000
0.012723000000000
0.013329000000000
0.013293000000000
0.015241000000000
0.014719000000000
0.013686000000000
0.012470000000000
0.013293000000000
0.014595000000000
0.012887000000000
0.012582000000000
0.016433000000000
0.012539000000000
0.014060000000000
0.012157000000000
0.013471000000000
0.012678000000000
0.011446000000000
0.012852000000000
0.013854000000000
0.017136000000000
0.012721000000000
0.063453000000000
0.012254000000000
0.012767000000000
0.013836000000000
0.010843000000000
0.013359000000000
0.016693000000000
0.010655000000000
0.014216000000000
0.015041000000000
0.015900000000000
0.014083000000000
0.013948000000000
0.013834000000000
0.012214000000000
0.012506000000000
0.011709000000000
0.010811000000000
0.013503000000000
0.013199000000000
0.012568000000000
0.013802000000000
0.010471000000000
0.013587000000000
0.012851000000000
0.016739000000000
0.012969000000000
0.012705000000000
0.011489000000000
0.012844000000000
0.010606000000000
0.013963000000000
0.012086000000000
0.016585000000000
0.013809000000000
0.063544000000000
0.013260000000000
0.011916000000000
0.012503000000000
0.011077000000000
0.012218000000000
0.013218000000000
0.013125000000000
0.011391000000000
0.013489000000000
0.013599000000000
0.012686000000000
0.014001000000000
0.012755000000000
0.013746000000000
0.013452000000000
0.013672000000000
0.012855000000000
0.010912000000000
0.018106000000000
0.012334000000000
0.015895000000000
0.013157000000000
0.010960000000000
0.012059000000000
0.010057000000000
0.011453000000000
0.011514000000000
0.010926000000000
0.012799000000000
0.067174000000000
0.013280000000000
0.013423000000000
0.016279000000000
0.014477000000000
0.012082000000000
0.013783000000000
0.016065000000000
0.015175000000000
0.014355000000000
0.013351000000000
0.012547000000000
0.011684000000000
0.012589000000000
0.013990000000000
0.013067000000000
0.011694000000000
0.011723000000000
0.015883000000000
0.013844000000000
0.012371000000000
0.014290000000000
0.014230000000000
0.013618000000000
0.014668000000000
0.014050000000000
0.013546000000000
0.013650000000000
0.012981000000000
0.014819000000000
0.012341000000000
0.012685000000000
0.011155000000000
0.012966000000000
0.013582000000000
0.012254000000000
0.013165000000000
0.014001000000000
0.016674000000000
0.012855000000000
0.012873000000000
0.012367000000000
0.014056000000000
0.012963000000000
0.013707000000000
0.013727000000000
0.013388000000000
0.013486000000000
0.012661000000000
0.012098000000000
0.015561000000000
0.011073000000000
0.013661000000000
0.012449000000000
0.012182000000000
0.011077000000000
0.010800000000000
0.013412000000000
0.012282000000000
0.013664000000000
0.012657000000000
0.012327000000000
0.012495000000000
0.012120000000000
0.012996000000000
0.013966000000000
0.013211000000000
0.013481000000000
0.010484000000000
0.013728000000000
0.010135000000000
0.010129000000000
0.014145000000000
0.010536000000000
0.012394000000000
0.010148000000000
0.010594000000000
0.102458000000000
0.012416000000000
0.014359000000000
0.010816000000000
0.013239000000000
0.010843000000000
0.012261000000000
0.014770000000000
0.012949000000000
0.014196000000000
0.014025000000000
0.012766000000000
0.012593000000000
0.012996000000000
0.014440000000000
0.012547000000000
0.012476000000000
0.009920000000000
0.012392000000000
0.013196000000000
0.016441000000000
0.011403000000000
0.010654000000000
0.012590000000000
0.011173000000000
0.010282000000000
0.011108000000000
0.012776000000000
0.011281000000000
0.017555000000000
0.010920000000000
0.012781000000000
0.011750000000000
0.012659000000000
0.013204000000000
0.010333000000000
0.014862000000000
0.011408000000000
0.010026000000000
0.014020000000000
0.067172000000000
0.012961000000000
0.010891000000000
0.012831000000000
0.014798000000000
0.012734000000000
0.013866000000000
0.014450000000000
0.012825000000000
0.012468000000000
0.013116000000000
0.010852000000000
0.013958000000000
0.012628000000000
0.010572000000000
0.013146000000000
0.014619000000000
0.012228000000000
0.013324000000000
0.013455000000000
0.012829000000000
0.013789000000000
0.012315000000000
0.011704000000000
0.011184000000000
0.010866000000000
0.012900000000000
0.012090000000000
0.010477000000000
0.014313000000000
0.013352000000000
0.013361000000000
0.010441000000000
0.012374000000000
0.011184000000000
0.013498000000000
0.011022000000000
0.011720000000000
0.011731000000000
0.014926000000000
0.012535000000000
0.013703000000000
0.010665000000000
0.010851000000000
0.013028000000000
0.009992000000000
0.013724000000000
0.013419000000000
0.013275000000000
0.011841000000000
0.010835000000000
0.017671000000000
0.014492000000000
0.013312000000000
0.013259000000000
0.013970000000000
0.013317000000000
0.012957000000000
0.013596000000000
0.013449000000000
0.013569000000000
0.014046000000000
0.010408000000000
0.013170000000000
0.012478000000000
0.011817000000000
0.011550000000000
0.013131000000000
0.012336000000000
0.010955000000000
0.010965000000000
0.013661000000000
0.011072000000000
0.012330000000000
0.016191000000000
0.013843000000000
0.012783000000000
0.013351000000000
0.012905000000000
0.010470000000000
0.011223000000000
0.013158000000000
0.013536000000000
0.012563000000000
0.011231000000000
0.012018000000000
0.013257000000000
0.012645000000000
0.013536000000000
0.013380000000000
0.015680000000000
0.013743000000000
0.012065000000000
0.013585000000000
0.010674000000000
0.013659000000000
0.013062000000000
0.010622000000000
0.012964000000000
0.012007000000000
0.013410000000000
0.011950000000000
0.010862000000000
0.013663000000000
0.013949000000000
0.065272000000000
0.013182000000000
0.013231000000000
0.016363000000000
0.014364000000000
0.012528000000000
0.010792000000000
0.013543000000000
0.012860000000000
0.011036000000000
0.010959000000000
0.014634000000000
0.012601000000000
0.013063000000000
0.014782000000000
0.013569000000000
0.013095000000000
0.013405000000000
0.012827000000000
0.014006000000000
0.012584000000000
0.013492000000000
0.012076000000000
0.012901000000000
0.014025000000000
0.411556000000000
0.012502000000000
0.014152000000000
0.013681000000000
0.012911000000000
0.013578000000000
0.010432000000000
0.017152000000000
0.010523000000000
0.011335000000000
0.011424000000000
0.012805000000000
0.012698000000000
0.013497000000000
0.016819000000000
0.013746000000000
0.012787000000000
0.010804000000000
0.010635000000000
0.014677000000000
0.013109000000000
0.012863000000000
0.011354000000000
0.013566000000000
0.014073000000000
0.012794000000000
0.013630000000000
0.012519000000000
0.013767000000000
0.014071000000000
0.013499000000000
0.013815000000000
0.013072000000000
0.012426000000000
0.013487000000000
0.013444000000000
0.010800000000000
0.012887000000000
0.012881000000000
0.014509000000000
0.012358000000000
0.072180000000000
0.010621000000000
0.015399000000000
0.012032000000000
0.010850000000000
0.016138000000000
0.011111000000000
0.010095000000000
0.013593000000000
0.013318000000000
0.013731000000000
0.013227000000000
0.011097000000000
0.010533000000000
0.013617000000000
0.013103000000000
0.012078000000000
0.012895000000000
0.016934000000000
0.012108000000000
0.010649000000000
0.011129000000000
0.013001000000000
0.013678000000000
0.064063000000000
0.012769000000000
0.012364000000000
0.012451000000000
0.011237000000000
0.010325000000000
0.010629000000000
0.013082000000000
0.012973000000000
0.013910000000000
0.011431000000000
0.013910000000000
0.013282000000000
0.012169000000000
0.011731000000000
0.013394000000000
0.013550000000000
0.016416000000000
0.012857000000000
0.014086000000000
0.010391000000000
0.010652000000000
0.012283000000000
0.064923000000000
0.013100000000000
0.012800000000000
0.012417000000000
0.011327000000000
0.013000000000000
0.012468000000000
0.010341000000000
0.013613000000000
0.013212000000000
0.013572000000000
0.015001000000000
0.012827000000000
0.011829000000000
0.013497000000000
0.010338000000000
0.013746000000000
0.013141000000000
0.012282000000000
0.014141000000000
0.013028000000000
0.242537000000000
0.013914000000000
0.014159000000000
0.011247000000000
0.013585000000000
0.011584000000000
0.013104000000000
0.013615000000000
0.013791000000000
0.013439000000000
0.014753000000000
0.013440000000000
0.011574000000000
0.013137000000000
0.011834000000000
0.013686000000000
0.012127000000000
0.012903000000000
0.013397000000000
0.013072000000000
0.012940000000000
0.011968000000000
0.012922000000000
0.012740000000000
0.010994000000000
0.013404000000000
0.011626000000000
0.013931000000000
0.010450000000000
0.011996000000000
0.011178000000000
0.013414000000000
0.013607000000000
0.011875000000000
0.010432000000000
0.014832000000000
0.013144000000000
0.013907000000000
0.013581000000000
0.013357000000000
0.013272000000000
0.013293000000000
0.014552000000000
0.016175000000000
0.013303000000000
0.011959000000000
0.013198000000000
0.013112000000000
0.013362000000000
0.012246000000000
0.013971000000000
0.010533000000000
0.012467000000000
0.010261000000000
0.012161000000000
0.016131000000000
0.010847000000000
0.011526000000000
0.013061000000000
0.010623000000000
0.013490000000000
0.134279000000000
0.010649000000000
0.016308000000000
0.011125000000000
0.010703000000000
0.068485000000000
0.012047000000000
0.013280000000000
0.012220000000000
0.012366000000000
0.009877000000000
0.013099000000000
0.012798000000000
0.011697000000000
0.011020000000000
0.013198000000000
0.020605000000000
0.012893000000000
0.012835000000000
0.013650000000000
0.010777000000000
0.022617000000000
0.012449000000000
0.012759000000000
0.012993000000000
0.012442000000000
0.013894000000000
0.013584000000000
0.010937000000000
0.013974000000000
0.012919000000000
0.011469000000000
0.012251000000000
0.012057000000000
0.013234000000000
0.012297000000000
0.012560000000000
0.013114000000000
0.012174000000000
0.014581000000000
0.012640000000000
0.011242000000000
0.012059000000000
0.012173000000000
0.014330000000000
0.012006000000000
0.014195000000000
0.012684000000000
0.011755000000000
0.014727000000000
0.012010000000000
0.014197000000000
0.011226000000000
0.013555000000000
0.014733000000000
0.011161000000000
0.012921000000000
0.013233000000000
0.013563000000000
0.014964000000000
0.013129000000000
0.013649000000000
0.013438000000000
0.014601000000000
0.013258000000000
0.012754000000000
0.013688000000000
0.012582000000000
0.012900000000000
0.013534000000000
0.012825000000000
0.012415000000000
0.013625000000000
0.010956000000000
0.012800000000000
0.012795000000000
0.013137000000000
0.012695000000000
0.010971000000000
0.013991000000000
0.010008000000000
0.011498000000000
0.012797000000000
0.013721000000000
0.014252000000000
0.012926000000000
0.014013000000000
0.011942000000000
0.012425000000000
0.011749000000000
0.012104000000000
0.013170000000000
0.014450000000000
0.010783000000000
0.013214000000000
0.013048000000000
0.014398000000000
0.012310000000000
0.012475000000000
0.011585000000000
0.011518000000000
0.011617000000000
0.011963000000000
0.016629000000000
0.013930000000000
0.013068000000000
0.016839000000000
0.072435000000000
0.013693000000000
0.020841000000000
0.012578000000000
0.016448000000000
0.013132000000000
0.012341000000000
0.013344000000000
0.012849000000000
0.011313000000000
0.013518000000000
0.012271000000000
0.012062000000000
0.014645000000000
0.012324000000000
0.013784000000000
0.013277000000000
0.013313000000000
0.014911000000000
0.013760000000000
0.013003000000000
0.010164000000000
0.065921000000000
0.041754000000000
0.011234000000000
0.013199000000000
0.013710000000000
0.015817000000000
0.014360000000000
0.012446000000000
0.013158000000000
0.012786000000000
0.010397000000000
0.013999000000000
0.013659000000000
0.013289000000000
0.011530000000000
0.010169000000000
0.010890000000000
0.013484000000000
0.013103000000000
0.013059000000000
0.013560000000000
0.013672000000000
0.013310000000000
0.065595000000000
0.015653000000000
0.013294000000000
0.013935000000000
0.013655000000000
0.013929000000000
0.013471000000000
0.013583000000000
0.013588000000000
0.013364000000000
0.014198000000000
0.012712000000000
0.013511000000000
0.013559000000000
0.012922000000000
0.014158000000000
0.012075000000000
0.446429000000000
0.015701000000000
0.014822000000000
0.014395000000000
0.012705000000000
0.014976000000000
0.013153000000000
0.013416000000000
0.011478000000000
0.013717000000000
0.013848000000000
0.012985000000000
0.012918000000000
0.010787000000000
0.011237000000000
0.011019000000000
0.016419000000000
0.013955000000000
0.012670000000000
0.013554000000000
0.013043000000000
0.011471000000000
0.012943000000000
0.013362000000000
0.014116000000000
0.011992000000000
0.014997000000000
0.011096000000000
0.011889000000000
0.013846000000000
0.012983000000000
0.010532000000000
0.013495000000000
0.010755000000000
0.016684000000000
0.013469000000000
0.012742000000000
0.013437000000000
0.013449000000000
0.014256000000000
0.012092000000000
0.013256000000000
0.013352000000000
0.011577000000000
0.014480000000000
0.013505000000000
0.013239000000000
0.013551000000000
0.013088000000000
0.013427000000000
0.012188000000000
0.011834000000000
0.015624000000000
0.012417000000000
0.014795000000000
0.016469000000000
0.013007000000000
0.012929000000000
0.010260000000000
0.014225000000000
0.012879000000000
0.012924000000000
0.013746000000000
0.010490000000000
0.013650000000000
0.013273000000000
0.013460000000000
0.014888000000000
0.012436000000000
0.013733000000000
0.013143000000000
0.010644000000000
0.012005000000000
0.011949000000000
0.011041000000000
0.012409000000000
0.011471000000000
0.013656000000000
0.014153000000000
0.012294000000000
0.012813000000000
0.011835000000000
0.011796000000000
0.011839000000000
0.012933000000000
0.010769000000000
0.012288000000000
0.012871000000000
0.012482000000000
0.014528000000000
0.013689000000000
0.012306000000000
0.014640000000000
0.010202000000000
0.011654000000000
0.012586000000000
0.013432000000000
0.014168000000000
0.012976000000000
0.016835000000000
0.011731000000000
0.012734000000000
0.014371000000000
0.012774000000000
0.013141000000000
0.010006000000000
0.012494000000000
0.010772000000000
0.013020000000000
0.011290000000000
0.013177000000000
0.013254000000000
0.014124000000000
0.015590000000000
0.013606000000000
0.013586000000000
0.013693000000000
0.010522000000000
0.013154000000000
0.011390000000000
0.011759000000000
0.013003000000000
0.014620000000000
0.013428000000000
0.014890000000000
0.013053000000000
0.014794000000000
0.017006000000000
0.013567000000000
0.013024000000000
0.012570000000000
0.012347000000000
0.010583000000000
0.012790000000000
0.013545000000000
0.010822000000000
0.013365000000000
0.013381000000000
0.013456000000000
0.010580000000000
0.012247000000000
0.013206000000000
0.013002000000000
0.012887000000000
0.013569000000000
0.063327000000000
0.011024000000000
0.013935000000000
0.012909000000000
0.013045000000000
0.010985000000000
0.010648000000000
0.014026000000000
0.013339000000000
0.011449000000000
0.012623000000000
0.014329000000000
0.013817000000000
0.012787000000000
0.014421000000000
0.016001000000000
0.012653000000000
0.013688000000000
0.012945000000000
0.011439000000000
0.014224000000000
0.012428000000000
0.012976000000000
0.013040000000000
0.017019000000000
0.076830000000000
0.012694000000000
0.014344000000000
0.012475000000000
0.013538000000000
0.013350000000000
0.013010000000000
0.013523000000000
0.011691000000000
0.013292000000000
0.013660000000000
0.013938000000000
0.012914000000000
0.012607000000000
0.014171000000000
0.013151000000000
0.011530000000000
0.012721000000000
0.011109000000000
0.013433000000000
0.012272000000000
0.013412000000000
0.013898000000000
0.013311000000000
0.011127000000000
0.013148000000000
0.014242000000000
0.010375000000000
0.013516000000000
0.013460000000000
0.016568000000000
0.013720000000000
0.013239000000000
0.013303000000000
0.012910000000000
0.013533000000000
0.011961000000000
0.013180000000000
0.012867000000000
0.011686000000000
0.012643000000000
0.013208000000000
0.013372000000000
0.013372000000000
0.014148000000000
0.011049000000000
0.013472000000000
0.012749000000000
0.013305000000000
0.014179000000000
0.013334000000000
0.012525000000000
0.012810000000000
0.013399000000000
0.011441000000000
0.009786000000000
0.014192000000000
0.013250000000000
0.013707000000000
0.014147000000000
0.012864000000000
0.010919000000000
0.013769000000000
0.013769000000000
0.012951000000000
0.013767000000000
0.014257000000000
0.013487000000000
0.012175000000000
0.013165000000000
0.012602000000000
0.011551000000000
0.013367000000000
0.012664000000000
0.014377000000000
0.012818000000000
0.013796000000000
0.010998000000000
0.013565000000000
0.012389000000000
0.415117000000000
0.036553000000000
0.010706000000000
0.011519000000000
0.014797000000000
0.012486000000000
0.011584000000000
0.010246000000000
0.013922000000000
0.013859000000000
0.015166000000000
0.014499000000000
0.011887000000000
0.013992000000000
0.013806000000000
0.012295000000000
0.013271000000000
0.013914000000000
0.014210000000000
0.013020000000000
0.013614000000000
0.013706000000000
0.015101000000000
0.011039000000000
0.017472000000000
0.013195000000000
0.013791000000000
0.013174000000000
0.012738000000000
0.012898000000000
0.015748000000000
0.013147000000000
0.016246000000000
0.012846000000000
0.011293000000000
0.012790000000000
0.043418000000000
0.013303000000000
0.012164000000000
0.011208000000000
0.012608000000000
0.011765000000000
0.010745000000000
0.013257000000000
0.013714000000000
0.009957000000000
0.013718000000000
0.014008000000000
0.013706000000000
0.012973000000000
0.014280000000000
0.013296000000000
0.014651000000000
0.012900000000000
0.011653000000000
0.010865000000000
0.013560000000000
0.011417000000000
0.013315000000000
0.065159000000000
0.013863000000000
0.011514000000000
0.011342000000000
0.010535000000000
0.014872000000000
0.010986000000000
0.014340000000000
0.010823000000000
0.011317000000000
0.013163000000000
0.013459000000000
0.014532000000000
0.013689000000000
0.013513000000000
0.014931000000000
0.013883000000000
0.014127000000000
0.065173000000000
0.010693000000000
0.013438000000000
0.013733000000000
0.013571000000000
0.012615000000000
0.013773000000000
0.013817000000000
0.013126000000000
0.012540000000000
0.012735000000000
0.011169000000000
0.030707000000000
0.012382000000000
0.013763000000000
0.013136000000000
0.013303000000000
0.065013000000000
0.013173000000000
0.013153000000000
0.011132000000000
0.017493000000000
0.013329000000000
0.013115000000000
0.011286000000000
0.012949000000000
0.013594000000000
0.009790000000000
0.011572000000000
0.011730000000000
0.012532000000000
0.012563000000000
0.016592000000000
0.013555000000000
0.016213000000000
0.012070000000000
0.014720000000000
0.013844000000000
0.012302000000000
0.016901000000000
0.013518000000000
0.013422000000000
0.012184000000000
0.011550000000000
0.013329000000000
0.012784000000000
0.014020000000000
0.012519000000000
0.013018000000000
0.013776000000000
0.065781000000000
0.013086000000000
0.010871000000000
0.012613000000000
0.013597000000000
0.012928000000000
0.013154000000000
0.013843000000000
0.013335000000000
0.015365000000000
0.013796000000000
0.010694000000000
0.013496000000000
0.013500000000000
0.012730000000000
0.012995000000000
0.012981000000000
0.013793000000000
0.012291000000000
0.014871000000000
0.013196000000000
0.013756000000000
0.013322000000000
0.012734000000000
0.013772000000000
0.013052000000000
0.013738000000000
0.013258000000000
0.012796000000000
0.013852000000000
0.012352000000000
0.012948000000000
0.012455000000000
0.013176000000000
0.010522000000000
0.012355000000000
0.013645000000000
0.013041000000000
0.014054000000000
0.013250000000000
0.012154000000000
0.013305000000000
0.012949000000000
0.011132000000000
0.014370000000000
0.012878000000000
0.014227000000000
0.010962000000000
0.010620000000000
0.011886000000000
0.012217000000000
0.011374000000000
0.013696000000000
0.011978000000000
0.062345000000000
0.013237000000000
0.013761000000000
0.013653000000000
0.010945000000000
0.012404000000000
0.013332000000000
0.016088000000000
0.013029000000000
0.012945000000000
0.013071000000000
0.013486000000000
0.010960000000000
0.011407000000000
0.013148000000000
0.013334000000000
0.012398000000000
0.389267000000000
0.012652000000000
0.012998000000000
0.014206000000000
0.013738000000000
0.014357000000000
0.012354000000000
0.012109000000000
0.011649000000000
0.013090000000000
0.014200000000000
0.010786000000000
0.012484000000000
0.013644000000000
0.013301000000000
0.014891000000000
0.013094000000000
0.012935000000000
0.013101000000000
0.013941000000000
0.013904000000000
0.013205000000000
0.013074000000000
0.013998000000000
0.009956000000000
0.013395000000000
0.012236000000000
0.013080000000000
0.016448000000000
0.013942000000000
0.013724000000000
0.012765000000000
0.012737000000000
0.013029000000000
0.012586000000000
0.013511000000000
0.012580000000000
0.012390000000000
0.014665000000000
0.013093000000000
0.015345000000000
0.012646000000000
0.015599000000000
0.014288000000000
0.014613000000000
0.064291000000000
0.011850000000000
0.013043000000000
0.014511000000000
0.012544000000000
0.016866000000000
0.013168000000000
0.012847000000000
0.013330000000000
0.012962000000000
0.014707000000000
0.013526000000000
0.013104000000000
0.012975000000000
0.065076000000000
0.065537000000000
0.012042000000000
0.051263000000000
0.012515000000000
0.010594000000000
0.013312000000000
0.013091000000000
0.014558000000000
0.012372000000000
0.012578000000000
0.012626000000000
0.013036000000000
0.014938000000000
0.010021000000000
0.014263000000000
0.062331000000000
0.014661000000000
0.013271000000000
0.012880000000000
0.013915000000000
0.009934000000000
0.013981000000000
0.012388000000000
0.012590000000000
0.015163000000000
0.014655000000000
0.011778000000000
0.013478000000000
0.011649000000000
0.017241000000000
0.063374000000000
0.012917000000000
0.387646000000000
0.013761000000000
0.011992000000000
0.011838000000000
0.011284000000000
0.013847000000000
0.011097000000000
0.013492000000000
0.013438000000000
0.013792000000000
0.013138000000000
0.013619000000000
0.014118000000000
0.011259000000000
0.012447000000000
0.010430000000000
0.062775000000000
0.015178000000000
0.013510000000000
0.013228000000000
0.014068000000000
0.013270000000000
0.012106000000000
0.012737000000000
0.013583000000000
0.012472000000000
0.016406000000000
0.014631000000000
0.013044000000000
0.013799000000000
0.012161000000000
0.012838000000000
0.065872000000000
0.014015000000000
0.010859000000000
0.012562000000000
0.012924000000000
0.013795000000000
0.012165000000000
0.013076000000000
0.013353000000000
0.012820000000000
0.011274000000000
0.012750000000000
0.014736000000000
0.010727000000000
0.013924000000000
0.013538000000000
0.013468000000000
0.014396000000000
0.012873000000000
0.013785000000000
0.014980000000000
0.013401000000000
0.010668000000000
0.016755000000000
0.013260000000000
0.013934000000000
0.012891000000000
0.014300000000000
0.013448000000000
0.013916000000000
0.014256000000000
0.014459000000000
0.010897000000000
0.011959000000000
0.012638000000000
0.014366000000000
0.013341000000000
0.015481000000000
0.014398000000000
0.012001000000000
0.013301000000000
0.013980000000000
0.013902000000000
0.013626000000000
0.012864000000000
0.013974000000000
0.013100000000000
0.013409000000000
0.012500000000000
0.010704000000000
0.010919000000000
0.013817000000000
0.014033000000000
0.012594000000000
0.012372000000000
0.013824000000000
0.013044000000000
0.014771000000000
0.016226000000000
0.014455000000000
0.014088000000000
0.013667000000000
0.011928000000000
0.014068000000000
0.014133000000000
0.014161000000000
0.012410000000000
0.014529000000000
0.010654000000000
0.011470000000000
0.013075000000000
0.012575000000000
0.016496000000000
0.013452000000000
0.012742000000000
0.017480000000000
0.063765000000000
0.012524000000000
0.013167000000000
0.013156000000000
0.013667000000000
0.014032000000000
0.013975000000000
0.013136000000000
0.013428000000000
0.010874000000000
0.011445000000000
0.014523000000000
0.012641000000000
0.013647000000000
0.013381000000000
0.014800000000000
0.040418000000000
0.009942000000000
0.013065000000000
0.013992000000000
0.014060000000000
0.013589000000000
0.012790000000000
0.013871000000000
0.016422000000000
0.013526000000000
0.011939000000000
0.012882000000000
0.019357000000000
0.010379000000000
0.011895000000000
0.012440000000000
0.012409000000000
0.013934000000000
0.010923000000000
0.014326000000000
0.012541000000000
0.013670000000000
0.014127000000000
0.013776000000000
0.015043000000000
0.012272000000000
0.011224000000000
0.011315000000000
0.013495000000000
0.013390000000000
0.015600000000000
0.014448000000000
0.013446000000000
0.012592000000000
0.013963000000000
0.015343000000000
0.011037000000000
0.012791000000000
0.012000000000000
0.013673000000000
0.012766000000000
0.013987000000000
0.013332000000000
0.011891000000000
0.011114000000000
0.015662000000000
0.018958000000000
0.013811000000000
0.013709000000000
0.013421000000000
0.013388000000000
0.013123000000000
0.012366000000000
0.012953000000000
0.013538000000000
0.034756000000000
0.013673000000000
0.013429000000000
0.064355000000000
0.014189000000000
0.016669000000000
0.013837000000000
0.011842000000000
0.013024000000000
0.060289000000000
0.011022000000000
0.012274000000000
0.010499000000000
0.009997000000000
0.014269000000000
0.012470000000000
0.013851000000000
0.010371000000000
0.016656000000000
0.012215000000000
0.013767000000000
0.011878000000000
0.010062000000000
0.012688000000000
0.012931000000000
0.013378000000000
0.013106000000000
0.012569000000000
0.012652000000000
0.012455000000000
0.011992000000000
0.013599000000000
0.011710000000000
0.065343000000000
0.011314000000000
0.013408000000000
0.013705000000000
0.011075000000000
0.011939000000000
0.014099000000000
0.012152000000000
0.012803000000000
0.012407000000000
0.012807000000000
0.013389000000000
0.012713000000000
0.014644000000000
0.013870000000000
0.012794000000000
0.064868000000000
0.013662000000000
0.013723000000000
0.013070000000000
0.013174000000000
0.015630000000000
0.013094000000000
0.014025000000000
0.013374000000000
0.012582000000000
0.012717000000000
0.013888000000000
0.013411000000000
0.013536000000000
0.012852000000000
0.014309000000000
0.012632000000000
0.014086000000000
0.010408000000000
0.011837000000000
0.012384000000000
0.013754000000000
0.013009000000000
0.013173000000000
0.013144000000000
0.012472000000000
0.010021000000000
0.014819000000000
0.010623000000000
0.011238000000000
0.012493000000000
0.013818000000000
0.016353000000000
0.014079000000000
0.012966000000000
0.013501000000000
0.012755000000000
0.013987000000000
0.011976000000000
0.010150000000000
0.013236000000000
0.012865000000000
0.013562000000000
0.013157000000000
0.010399000000000
0.014492000000000
0.011098000000000
0.013420000000000
0.013834000000000
0.012366000000000
0.015750000000000
0.012830000000000
0.014092000000000
0.013490000000000
0.010709000000000
0.013509000000000
0.013342000000000
0.014862000000000
0.012778000000000
0.013969000000000
0.014385000000000
0.016337000000000
0.013322000000000
0.012900000000000
0.013133000000000
0.013499000000000
0.016220000000000
0.013574000000000
0.013331000000000
0.016079000000000
0.013655000000000
0.012478000000000
0.014368000000000
0.013139000000000
0.016328000000000
0.120428000000000
0.020079000000000
0.012013000000000
0.014639000000000
0.012764000000000
0.012718000000000
0.013852000000000
0.013297000000000
0.013874000000000
0.012739000000000
0.012252000000000
0.016528000000000
0.015223000000000
0.013196000000000
0.013656000000000
0.010732000000000
0.011243000000000
0.013509000000000
0.011168000000000
0.012673000000000
0.011476000000000
0.011864000000000
0.013514000000000
0.012803000000000
0.012207000000000
0.012945000000000
0.010643000000000
0.013594000000000
0.013224000000000
0.012514000000000
0.013263000000000
0.013504000000000
0.014105000000000
0.014899000000000
0.010195000000000
0.014108000000000
0.013386000000000
0.012999000000000
0.012925000000000
0.013050000000000
0.013515000000000
0.012359000000000
0.013534000000000
0.012993000000000
0.011991000000000
0.013503000000000
0.012212000000000
0.014959000000000
0.012390000000000
0.012466000000000
0.012929000000000
0.014012000000000
0.014839000000000
0.013966000000000
0.010192000000000
0.013994000000000
0.013007000000000
0.013376000000000
0.013680000000000
0.013568000000000
0.014112000000000
0.013512000000000
0.014261000000000
0.012919000000000
0.016348000000000
0.013376000000000
0.013791000000000
0.014388000000000
0.010432000000000
0.012704000000000
0.014378000000000
0.016268000000000
0.013285000000000
0.013275000000000
0.013267000000000
0.012586000000000
0.013788000000000
0.066413000000000
0.013253000000000
0.011235000000000
0.013190000000000
0.016735000000000
0.014397000000000
0.013610000000000
0.010334000000000
0.012886000000000
0.011035000000000
0.013428000000000
0.013347000000000
0.011863000000000
0.011995000000000
0.013006000000000
0.012082000000000
0.012357000000000
0.011603000000000
0.014386000000000
0.012735000000000
0.013985000000000
0.013015000000000
0.012532000000000
0.013577000000000
0.012888000000000
0.012593000000000
0.010445000000000
0.012531000000000
0.066792000000000
0.012815000000000
0.011109000000000
0.012613000000000
0.012440000000000
0.013785000000000
0.012323000000000
0.013351000000000
0.013163000000000
0.013268000000000
0.014668000000000
0.012585000000000
0.012991000000000
0.013026000000000
0.012143000000000
0.012092000000000
0.012498000000000
0.013728000000000
0.012376000000000
0.013340000000000
0.011761000000000
0.014438000000000
0.014467000000000
0.013323000000000
0.012665000000000
0.016611000000000
0.012175000000000
0.013423000000000
0.012224000000000
0.012389000000000
0.014599000000000
0.013407000000000
0.013613000000000
0.012878000000000
0.012127000000000
0.014464000000000
0.012644000000000
0.015185000000000
0.012587000000000
0.012899000000000
0.012760000000000
0.012815000000000
0.011716000000000
0.012216000000000
0.013533000000000
0.014766000000000
0.012058000000000
0.013820000000000
0.012181000000000
0.011823000000000
0.013758000000000
0.012958000000000
0.013528000000000
0.012550000000000
0.012688000000000
0.013909000000000
0.013216000000000
0.013637000000000
0.012344000000000
0.012101000000000
0.012993000000000
0.015564000000000
0.013721000000000
0.074417000000000
0.012926000000000
0.013373000000000
0.014929000000000
0.010407000000000
0.013603000000000
0.015454000000000
0.013313000000000
0.014675000000000
0.012346000000000
0.014554000000000
0.010298000000000
0.013671000000000
0.013910000000000
0.013076000000000
0.012111000000000
0.013676000000000
0.011218000000000
0.013211000000000
0.011330000000000
0.015933000000000
0.013029000000000
0.015882000000000
0.013492000000000
0.012426000000000
0.013318000000000
0.012496000000000
0.013968000000000
0.016069000000000
0.012747000000000
0.014173000000000
0.013421000000000
0.013275000000000
0.012539000000000
0.013528000000000
0.013581000000000
0.012623000000000
0.013524000000000
0.013883000000000
0.063400000000000
0.011948000000000
0.011499000000000
0.011681000000000
0.013734000000000
0.012056000000000
0.011079000000000
0.010470000000000
0.013426000000000
0.012351000000000
0.013192000000000
0.013216000000000
0.012940000000000
0.013435000000000
0.011368000000000
0.010828000000000
0.013590000000000
0.012313000000000
0.014156000000000
0.011593000000000
0.013703000000000
0.012702000000000
0.012999000000000
0.010113000000000
0.012235000000000
0.014203000000000
0.013776000000000
0.013396000000000
0.063950000000000
0.013446000000000
0.014411000000000
0.014547000000000
0.011819000000000
0.012670000000000
0.013043000000000
0.015208000000000
0.012694000000000
0.014682000000000
0.013791000000000
0.012803000000000
0.014992000000000
0.014332000000000
0.013414000000000
0.014533000000000
0.011217000000000
0.010723000000000
0.012909000000000
0.016874000000000
0.013681000000000
0.012097000000000
0.014127000000000
0.012870000000000
0.014233000000000
0.015982000000000
0.064222000000000
0.013367000000000
0.013026000000000
0.011583000000000
0.013676000000000
0.012563000000000
0.013653000000000
0.013491000000000
0.014384000000000
0.013325000000000
0.013228000000000
0.013716000000000
0.012655000000000
0.013033000000000
0.013247000000000
0.013068000000000
0.014694000000000
0.012281000000000
0.014082000000000
0.012770000000000
0.012859000000000
0.014131000000000
0.014035000000000
0.012916000000000
0.011011000000000
0.016137000000000
0.014135000000000
0.013101000000000
0.013526000000000
0.012820000000000
0.014005000000000
0.013772000000000
0.012505000000000
0.012930000000000
0.010285000000000
0.010308000000000
0.013789000000000
0.012153000000000
0.013020000000000
0.014055000000000
0.015403000000000
0.014128000000000
0.013800000000000
0.013321000000000
0.010060000000000
0.013500000000000
0.013161000000000
0.012289000000000
0.013692000000000
0.012253000000000
0.012882000000000
0.016118000000000
0.013952000000000
0.013269000000000
0.066240000000000
0.012283000000000
0.014119000000000
0.012053000000000
0.015557000000000
0.012323000000000
0.013867000000000
0.010983000000000
0.013219000000000
0.013922000000000
0.279098000000000
0.012272000000000
0.012681000000000
0.010785000000000
0.016579000000000
0.013093000000000
0.011208000000000
0.012286000000000
0.012440000000000
0.013986000000000
0.021656000000000
0.010783000000000
0.013565000000000
0.014053000000000
0.014541000000000
0.014548000000000
0.013006000000000
0.012115000000000
0.011073000000000
0.064498000000000
0.013677000000000
0.013627000000000
0.012748000000000
0.014271000000000
0.012342000000000
0.012335000000000
0.014616000000000
0.013222000000000
0.013722000000000
0.012939000000000
0.013476000000000
0.013266000000000
0.013686000000000
0.012933000000000
0.014252000000000
0.013544000000000
0.013469000000000
0.014261000000000
0.012974000000000
0.013714000000000
0.013136000000000
0.012124000000000
0.013616000000000
0.061455000000000
0.013102000000000
0.013199000000000
0.013962000000000
0.014064000000000
0.012560000000000
0.012381000000000
0.012854000000000
0.013556000000000
0.013537000000000
0.012357000000000
0.013946000000000
0.012601000000000
0.065347000000000
0.013951000000000
0.012834000000000
0.013616000000000
0.011485000000000
0.012788000000000
0.014101000000000
0.011158000000000
0.013975000000000
0.012237000000000
0.012728000000000
0.013667000000000
0.012389000000000
0.014835000000000
0.010328000000000
0.012801000000000
0.013837000000000
0.012777000000000
0.013607000000000
0.017123000000000
0.012381000000000
0.013568000000000
0.012862000000000
0.012745000000000
0.010073000000000
0.012937000000000
0.013618000000000
0.064620000000000
0.013926000000000
0.012457000000000
0.013124000000000
0.013802000000000
0.013381000000000
0.012427000000000
0.013018000000000
0.015820000000000
0.012907000000000
0.012576000000000
0.013322000000000
0.012303000000000
0.012497000000000
0.010691000000000
0.063462000000000
0.013676000000000
0.010988000000000
0.013410000000000
0.013787000000000
0.013029000000000
0.013668000000000
0.238488000000000
0.012182000000000
0.014337000000000
0.012889000000000
0.012769000000000
0.013808000000000
0.012975000000000
0.065133000000000
0.012252000000000
0.014043000000000
0.012849000000000
0.013242000000000
0.014435000000000
0.013761000000000
0.014107000000000
0.012900000000000
0.010783000000000
0.014639000000000
0.012408000000000
0.017090000000000
0.013248000000000
0.013077000000000
0.013549000000000
0.012422000000000
0.013784000000000
0.010449000000000
0.013413000000000
0.012920000000000
0.013612000000000
0.013668000000000
0.012783000000000
0.012055000000000
0.013418000000000
0.010772000000000
0.016986000000000
0.013465000000000
0.012196000000000
0.013423000000000
0.014289000000000
0.017533000000000
0.011341000000000
0.010902000000000
0.014137000000000
0.012562000000000
0.013568000000000
0.012142000000000
0.012313000000000
0.013338000000000
0.012868000000000
0.016322000000000
0.011935000000000
0.016332000000000
0.013531000000000
0.013813000000000
0.012869000000000
0.013326000000000
0.013722000000000
0.015860000000000
0.013121000000000
0.014325000000000
0.014931000000000
0.012941000000000
0.013595000000000
0.010069000000000
0.012927000000000
0.013082000000000
0.012584000000000
0.014947000000000
0.011617000000000
0.014790000000000
0.010857000000000
0.012382000000000
0.067584000000000
0.012331000000000
0.015001000000000
0.013250000000000
0.013415000000000
0.065858000000000
0.013430000000000
0.014700000000000
0.013201000000000
0.010172000000000
0.013962000000000
0.016419000000000
0.013748000000000
0.013586000000000
0.012165000000000
0.012492000000000
0.012592000000000
0.014418000000000
0.010772000000000
0.011799000000000
0.064844000000000
0.011346000000000
0.011782000000000
0.012696000000000
0.015229000000000
0.012145000000000
0.013552000000000
0.013559000000000
0.013054000000000
0.014557000000000
0.013636000000000
0.013723000000000
0.012206000000000
0.013714000000000
0.013718000000000
0.013450000000000
0.010328000000000
0.014025000000000
0.011447000000000
0.013462000000000
0.014623000000000
0.010084000000000
0.013806000000000
0.014075000000000
0.014478000000000
0.181866000000000
0.013734000000000
0.013801000000000
0.013225000000000
0.014187000000000
0.013163000000000
0.012051000000000
0.011188000000000
0.012341000000000
0.014538000000000
0.012615000000000
0.015338000000000
0.014051000000000
0.012173000000000
0.013118000000000
0.013263000000000
0.010919000000000
0.014546000000000
0.013582000000000
0.014423000000000
0.013927000000000
0.012614000000000
0.013179000000000
0.011350000000000
0.012523000000000
0.013316000000000
0.013634000000000
0.012764000000000
0.012405000000000
0.015655000000000
0.013230000000000
0.062423000000000
0.013030000000000
0.013376000000000
0.013693000000000
0.012794000000000
0.010177000000000
0.015273000000000
0.012571000000000
0.016152000000000
0.010095000000000
0.012879000000000
0.014580000000000
0.013573000000000
0.012835000000000
0.012570000000000
0.011966000000000
0.064603000000000
0.013538000000000
0.014506000000000
0.014002000000000
0.013139000000000
0.011996000000000
0.012748000000000
0.013668000000000
0.012375000000000
0.012183000000000
0.014089000000000
0.010336000000000
0.011518000000000
0.012399000000000
0.012022000000000
0.014654000000000
0.013291000000000
0.014201000000000
0.013372000000000
0.010110000000000
0.010785000000000
0.012916000000000
0.013022000000000
0.014856000000000
0.013635000000000
0.014176000000000
0.012657000000000
0.012682000000000
0.013083000000000
0.012990000000000
0.012668000000000
0.013138000000000
0.016487000000000
0.010331000000000
0.013788000000000
0.013860000000000
0.016754000000000
0.010708000000000
0.015303000000000
0.013198000000000
0.014282000000000
0.015773000000000
0.014040000000000
0.010084000000000
0.010210000000000
0.013306000000000
0.013120000000000
0.014487000000000
0.011088000000000
0.012400000000000
0.013941000000000
0.016054000000000
0.015128000000000
0.012956000000000
0.014086000000000
0.036293000000000
0.015615000000000
0.013443000000000
0.015401000000000
0.013484000000000
0.014133000000000
0.012537000000000
0.013379000000000
0.013934000000000
0.013763000000000
0.014284000000000
0.013107000000000
0.014200000000000
0.014137000000000
0.012894000000000
0.017264000000000
0.013237000000000
0.013997000000000
0.012681000000000
0.022010000000000
0.013329000000000
0.011010000000000
0.012374000000000
0.012849000000000
0.014524000000000
0.012681000000000
0.013378000000000
0.013972000000000
0.013963000000000
0.016655000000000
0.012491000000000
0.013939000000000
0.013498000000000
0.011142000000000
0.012477000000000
0.012963000000000
0.012202000000000
0.013671000000000
0.012940000000000
0.012695000000000
0.012509000000000
0.064662000000000
0.012852000000000
0.013274000000000
0.012898000000000
0.012286000000000
0.013871000000000
0.011826000000000
0.011840000000000
0.012745000000000
0.013785000000000
0.013686000000000
0.011502000000000
0.013594000000000
0.010285000000000
0.012514000000000
0.013679000000000
0.010376000000000
0.014032000000000
0.012347000000000
0.013025000000000
0.012944000000000
0.012542000000000
0.012230000000000
0.014133000000000
0.013394000000000
0.012977000000000
0.013600000000000
0.067384000000000
0.012275000000000
0.016282000000000
0.014059000000000
0.013222000000000
0.017499000000000
0.012074000000000
0.012870000000000
0.015529000000000
0.013259000000000
0.011696000000000
0.012109000000000
0.012699000000000
0.012091000000000
0.012733000000000
0.064185000000000
0.013444000000000
0.013467000000000
0.012698000000000
0.012438000000000
0.016534000000000
0.016010000000000
0.013784000000000
0.012809000000000
0.012144000000000
0.014121000000000
0.012794000000000
0.013162000000000
0.013120000000000
0.015448000000000
0.013127000000000
0.013676000000000
0.012858000000000
0.014486000000000
0.013035000000000
0.014331000000000
0.013234000000000
0.012884000000000
0.013197000000000
0.012999000000000
0.066177000000000
0.013052000000000
0.013919000000000
0.012999000000000
0.016714000000000
0.013671000000000
0.013582000000000
0.013373000000000
0.013924000000000
0.013351000000000
0.014637000000000
0.012606000000000
0.061845000000000
0.013507000000000
0.013653000000000
0.013300000000000
0.013406000000000
0.012786000000000
0.017221000000000
0.012658000000000
0.010969000000000
0.012343000000000
0.016042000000000
0.012854000000000
0.012142000000000
0.014732000000000
0.012717000000000
0.010892000000000
0.014333000000000
0.013583000000000
0.013667000000000
0.012159000000000
0.011285000000000
0.013782000000000
0.013433000000000
0.012901000000000
0.010363000000000
0.011919000000000
0.017276000000000
0.010664000000000
0.066067000000000
0.012937000000000
0.013759000000000
0.012969000000000
0.012742000000000
0.014158000000000
0.012843000000000
0.012835000000000
0.013992000000000
0.012734000000000
0.013568000000000
0.012626000000000
0.062709000000000
0.012141000000000
0.014461000000000
0.014707000000000
0.013516000000000
0.013869000000000
0.014226000000000
0.012556000000000
0.015334000000000
0.011124000000000
0.012772000000000
0.014176000000000
0.015426000000000
0.013356000000000
0.012611000000000
0.011139000000000
0.014268000000000
0.012222000000000
0.014445000000000
0.013446000000000
0.014112000000000
0.013973000000000
0.013047000000000
0.011343000000000
0.014474000000000
0.385365000000000
0.012326000000000
0.012333000000000
0.014633000000000
0.011970000000000
0.013488000000000
0.011013000000000
0.014241000000000
0.012837000000000
0.012753000000000
0.012476000000000
0.066040000000000
0.013188000000000
0.014384000000000
0.010861000000000
0.013727000000000
0.013365000000000
0.013833000000000
0.010572000000000
0.013024000000000
0.014442000000000
0.014329000000000
0.014338000000000
0.012982000000000
0.015629000000000
0.012850000000000
0.012888000000000
0.013152000000000
0.012341000000000
0.012481000000000
0.013444000000000
0.012532000000000
0.013411000000000
0.012950000000000
0.065493000000000
0.012622000000000
0.012946000000000
0.014591000000000
0.013653000000000
0.013227000000000
0.012966000000000
0.012059000000000
0.011503000000000
0.010299000000000
0.012713000000000
0.013024000000000
0.010315000000000
0.013274000000000
0.011096000000000
0.010855000000000
0.013246000000000
0.013475000000000
0.013404000000000
0.012122000000000
0.012470000000000
0.012226000000000
0.010176000000000
0.013493000000000
0.016392000000000
0.010785000000000
0.016796000000000
0.011959000000000
0.012935000000000
0.012616000000000
0.013150000000000
0.013611000000000
0.013326000000000
0.013066000000000
0.012572000000000
0.013423000000000
0.014269000000000
0.013099000000000
0.012922000000000
0.010603000000000
0.013629000000000
0.014433000000000
0.016320000000000
0.013211000000000
0.010019000000000
0.063024000000000
0.017587000000000
0.013250000000000
0.013198000000000
0.012752000000000
0.011338000000000
0.014003000000000
0.013373000000000
0.016931000000000
0.012564000000000
0.013399000000000
0.065531000000000
0.012505000000000
0.014382000000000
0.013530000000000
0.013020000000000
0.013796000000000
0.013107000000000
0.013400000000000
0.014673000000000
0.015922000000000
0.013672000000000
0.012176000000000
0.013465000000000
0.012655000000000
0.013316000000000
0.013196000000000
0.012965000000000
0.012986000000000
0.013571000000000
0.013524000000000
0.012942000000000
0.012683000000000
0.013329000000000
0.013108000000000
0.013338000000000
0.014192000000000
0.014042000000000
0.013809000000000
0.015309000000000
0.014332000000000
0.014822000000000
0.011723000000000
0.015143000000000
0.012424000000000
0.011139000000000
0.011224000000000
0.012261000000000
0.013107000000000
0.013027000000000
0.012136000000000
0.013732000000000
0.013563000000000
0.014470000000000
0.010012000000000
0.012480000000000
0.013727000000000
0.010307000000000
0.010969000000000
0.012892000000000
0.012528000000000
0.012876000000000
0.012990000000000
0.063905000000000
0.013074000000000
0.015807000000000
0.013668000000000
0.012653000000000
0.014904000000000
0.012384000000000
0.010987000000000
0.013828000000000
0.063090000000000
0.013578000000000
0.012355000000000
0.013921000000000
0.013597000000000
0.013083000000000
0.013937000000000
0.010016000000000
0.013219000000000
0.013954000000000
0.013001000000000
0.013957000000000
0.012115000000000
0.013520000000000
0.012936000000000
0.406792000000000
0.013451000000000
0.012953000000000
0.014558000000000
0.013733000000000
0.065918000000000
0.012987000000000
0.013869000000000
0.014833000000000
0.012133000000000
0.016335000000000
0.015102000000000
0.012835000000000
0.017659000000000
0.012429000000000
0.013862000000000
0.011121000000000
0.016475000000000
0.011400000000000
0.013679000000000
0.013384000000000
0.012805000000000
0.014900000000000
0.014189000000000
0.013339000000000
0.013821000000000
0.010882000000000
0.013303000000000
0.010154000000000
0.012927000000000
0.014320000000000
0.014008000000000
0.014581000000000
0.014222000000000
0.013830000000000
0.011018000000000
0.013970000000000
0.065141000000000
0.010758000000000
0.012690000000000
0.013821000000000
0.014392000000000
0.013851000000000
0.010679000000000
0.012725000000000
0.013907000000000
0.013219000000000
0.013173000000000
0.015797000000000
0.013761000000000
0.063075000000000
0.013531000000000
0.013919000000000
0.013308000000000
0.010482000000000
0.013514000000000
0.012740000000000
0.013740000000000
0.012360000000000
0.013036000000000
0.064273000000000
0.013608000000000
0.013359000000000
0.013052000000000
0.013240000000000
0.011694000000000
0.011892000000000
0.016482000000000
0.014224000000000
0.013247000000000
0.064605000000000
0.013980000000000
0.013006000000000
0.012199000000000
0.012392000000000
0.014670000000000
0.013558000000000
0.013311000000000
0.013340000000000
0.012782000000000
0.014049000000000
0.010508000000000
0.011685000000000
0.013152000000000
0.012460000000000
0.012652000000000
0.013192000000000
0.014103000000000
0.013428000000000
0.013503000000000
0.013826000000000
0.012752000000000
0.017188000000000
0.012387000000000
0.012449000000000
0.013956000000000
0.011309000000000
0.017120000000000
0.012986000000000
0.015507000000000
0.013186000000000
0.012627000000000
0.013120000000000
0.013092000000000
0.013828000000000
0.014714000000000
0.012627000000000
0.013589000000000
0.012486000000000
0.012275000000000
0.012469000000000
0.013002000000000
0.011086000000000
0.012172000000000
0.064441000000000
0.013891000000000
0.013069000000000
0.015209000000000
0.010719000000000
0.013341000000000
0.011309000000000
0.013236000000000
0.013222000000000
0.012644000000000
0.010375000000000
0.062773000000000
0.012788000000000
0.014345000000000
0.013844000000000
0.013007000000000
0.013707000000000
0.012996000000000
0.011154000000000
0.013149000000000
0.013670000000000
0.014486000000000
0.012223000000000
0.013712000000000
0.014969000000000
0.013514000000000
0.013772000000000
0.012967000000000
0.014255000000000
0.012699000000000
0.012987000000000
0.011864000000000
0.010241000000000
0.013907000000000
0.062743000000000
0.010367000000000
0.013302000000000
0.010688000000000
0.012789000000000
0.015596000000000
0.011066000000000
0.013150000000000
0.016006000000000
0.013747000000000
0.011189000000000
0.013316000000000
0.063814000000000
0.013709000000000
0.010728000000000
0.014749000000000
0.013430000000000
0.021191000000000
0.013554000000000
0.012665000000000
0.014482000000000
0.012369000000000
0.010789000000000
0.014122000000000
0.013467000000000
0.014499000000000
0.013401000000000
0.012195000000000
0.013009000000000
0.013231000000000
0.014645000000000
0.012218000000000
0.013442000000000
0.063820000000000
0.013607000000000
0.014095000000000
0.013393000000000
0.014777000000000
0.010305000000000
0.010642000000000
0.013156000000000
0.013294000000000
0.013744000000000
0.013244000000000
0.015170000000000
0.014138000000000
0.013627000000000
0.014593000000000
0.012944000000000
0.012671000000000
0.014021000000000
0.012504000000000
0.014141000000000
0.012907000000000
0.013678000000000
0.012117000000000
0.013472000000000
0.013247000000000
0.012970000000000
0.013483000000000
0.013782000000000
0.016084000000000
0.014243000000000
0.011912000000000
0.012542000000000
0.014027000000000
0.013504000000000
0.013719000000000
0.065550000000000
0.015957000000000
0.013739000000000
0.013643000000000
0.013476000000000
0.012950000000000
0.016203000000000
0.013595000000000
0.013690000000000
0.013533000000000
0.013011000000000
0.015899000000000
0.066251000000000
0.011965000000000
0.013434000000000
0.012969000000000
0.012970000000000
0.013840000000000
0.012113000000000
0.012259000000000
0.013521000000000
0.013837000000000
0.013032000000000
0.013652000000000
0.013615000000000
0.012645000000000
0.012643000000000
0.011730000000000
0.012978000000000
0.013536000000000
0.010507000000000
0.012189000000000
0.014401000000000
0.013530000000000
0.013118000000000
0.013349000000000
0.011376000000000
0.062215000000000
0.012758000000000
0.011446000000000
0.013132000000000
0.013641000000000
0.013054000000000
0.012587000000000
0.014124000000000
0.012441000000000
0.012195000000000
0.012924000000000
0.013511000000000
0.014093000000000
0.014212000000000
0.012979000000000
0.013958000000000
0.013499000000000
0.012218000000000
0.012566000000000
0.016220000000000
0.012641000000000
0.017201000000000
0.013355000000000
0.015495000000000
0.012091000000000
0.013717000000000
0.013241000000000
0.013338000000000
0.016030000000000
0.011377000000000
0.014408000000000
0.012352000000000
0.010854000000000
0.012735000000000
0.015388000000000
0.015126000000000
0.013078000000000
0.064597000000000
0.013947000000000
0.013092000000000
0.013577000000000
0.013473000000000
0.013426000000000
0.012631000000000
0.013739000000000
0.010924000000000
0.012933000000000
0.014899000000000
0.012493000000000
0.013127000000000
0.013775000000000
0.012631000000000
0.012946000000000
0.013200000000000
0.012442000000000
0.011873000000000
0.013307000000000
0.014770000000000
0.011819000000000
0.012374000000000
0.013182000000000
0.013260000000000
0.013752000000000
0.013616000000000
0.011461000000000
0.013342000000000
0.013840000000000
0.011714000000000
0.013218000000000
0.012729000000000
0.014239000000000
0.013697000000000
0.013545000000000
0.010686000000000
0.013225000000000
0.014518000000000
0.013492000000000
0.013080000000000
0.024583000000000
0.016800000000000
0.010960000000000
0.014440000000000
0.013668000000000
0.013211000000000
0.010772000000000
0.011741000000000
0.010514000000000
0.012940000000000
0.013259000000000
0.011958000000000
0.013775000000000
0.010617000000000
0.017346000000000
0.012420000000000
0.012930000000000
0.015513000000000
0.065278000000000
0.011966000000000
0.016377000000000
0.014213000000000
0.013483000000000
0.013637000000000
0.013294000000000
0.012765000000000
0.010870000000000
0.013866000000000
0.013059000000000
0.013532000000000
0.011006000000000
0.013601000000000
0.012486000000000
0.011395000000000
0.017545000000000
0.013015000000000
0.016970000000000
0.012489000000000
0.013520000000000
0.014523000000000
0.061964000000000
0.012270000000000
0.010603000000000
0.012973000000000
0.013717000000000
0.012307000000000
0.013896000000000
0.010578000000000
0.014215000000000
0.012783000000000
0.013729000000000
0.065223000000000
0.013608000000000
0.011938000000000
0.011571000000000
0.015595000000000
0.010866000000000
0.013448000000000
0.013076000000000
0.014851000000000
0.012689000000000
0.016743000000000
0.011008000000000
0.013450000000000
0.012893000000000
0.012318000000000
0.013845000000000
0.015393000000000
0.014039000000000
0.015174000000000
0.011125000000000
0.013545000000000
0.013135000000000
0.013171000000000
0.015127000000000
0.066475000000000
0.013415000000000
0.012366000000000
0.012457000000000
0.010713000000000
0.013114000000000
0.014298000000000
0.012599000000000
0.010285000000000
0.013420000000000
0.012852000000000
0.014358000000000
0.012174000000000
0.013081000000000
0.011327000000000
0.013557000000000
0.013401000000000
0.012533000000000
0.010907000000000
0.013661000000000
0.011839000000000
0.012857000000000
0.012226000000000
0.012369000000000
0.015831000000000
0.013307000000000
0.015384000000000
0.015637000000000
0.013939000000000
0.013637000000000
0.013312000000000
0.013617000000000
0.012665000000000
0.013138000000000
0.062422000000000
0.012662000000000
0.013505000000000
0.012695000000000
0.012486000000000
0.013597000000000
0.012350000000000
0.014703000000000
0.012090000000000
0.013394000000000
0.013088000000000
0.013274000000000
0.013781000000000
0.013162000000000
0.011172000000000
0.010879000000000
0.012946000000000
0.012919000000000
0.010905000000000
0.012855000000000
0.013415000000000
0.013459000000000
0.014839000000000
0.012933000000000
0.012875000000000
0.010941000000000
0.013956000000000
0.012686000000000
0.013145000000000
0.013554000000000
0.013964000000000
0.013049000000000
0.011306000000000
0.013285000000000
0.013283000000000
0.063474000000000
0.012666000000000
0.012904000000000
0.016778000000000
0.012872000000000
0.012647000000000
0.012800000000000
0.013430000000000
0.013778000000000
0.013865000000000
0.016835000000000
0.010734000000000
0.068178000000000
0.012565000000000
0.012297000000000
0.012887000000000
0.013785000000000
0.014319000000000
0.012399000000000
0.012668000000000
0.013392000000000
0.015426000000000
0.012591000000000
0.014712000000000
0.015706000000000
0.012205000000000
0.014758000000000
0.011908000000000
0.012627000000000
0.010749000000000
0.012594000000000
0.014967000000000
0.013023000000000
0.014090000000000
0.013432000000000
0.012062000000000
0.013908000000000
0.012819000000000
0.013402000000000
0.011681000000000
0.010675000000000
0.013421000000000
0.013903000000000
0.013599000000000
0.012283000000000
0.013047000000000
0.013405000000000
0.012386000000000
0.012609000000000
0.013022000000000
0.013850000000000
0.013462000000000
0.012872000000000
0.013878000000000
0.012354000000000
0.013668000000000
0.010187000000000
0.014012000000000
0.014543000000000
0.012672000000000
0.015008000000000
0.012516000000000
0.012419000000000
0.018324000000000
0.013854000000000
0.013702000000000
0.063787000000000
0.012108000000000
0.012291000000000
0.015947000000000
0.014276000000000
0.012532000000000
0.010605000000000
0.013213000000000
0.012409000000000
0.014072000000000
0.014269000000000
0.012371000000000
0.064102000000000
0.010229000000000
0.013559000000000
0.012743000000000
0.011040000000000
0.012810000000000
0.013469000000000
0.013698000000000
0.011015000000000
0.012557000000000
0.013525000000000
0.064314000000000
0.013766000000000
0.013501000000000
0.013582000000000
0.011953000000000
0.015176000000000
0.014106000000000
0.012642000000000
0.013055000000000
0.013927000000000
0.012545000000000
0.015202000000000
0.013040000000000
0.009982000000000
0.014262000000000
0.012742000000000
0.014088000000000
0.010919000000000
0.012080000000000
0.013708000000000
0.013517000000000
0.064603000000000
0.013181000000000
0.011445000000000
0.015917000000000
0.013617000000000
0.013951000000000
0.012623000000000
0.012951000000000
0.013572000000000
0.012597000000000
0.013358000000000
0.013224000000000
0.012197000000000
0.017147000000000
0.013190000000000
0.010763000000000
0.010513000000000
0.013301000000000
0.013751000000000
0.013244000000000
0.013510000000000
0.012597000000000
0.013347000000000
0.016975000000000
0.012197000000000
0.014010000000000
0.012242000000000
0.011272000000000
0.013624000000000
0.013685000000000
0.013270000000000
0.012133000000000
0.013261000000000
0.011564000000000
0.015724000000000
0.013788000000000
0.010310000000000
0.012953000000000
0.011510000000000
0.010925000000000
0.011866000000000
0.013576000000000
0.010112000000000
0.014585000000000
0.012955000000000
0.013305000000000
0.068701000000000
0.012903000000000
0.013853000000000
0.013607000000000
0.013546000000000
0.013749000000000
0.012849000000000
0.013508000000000
0.010454000000000
0.014779000000000
0.013405000000000
0.013169000000000
0.013268000000000
0.013514000000000
0.013359000000000
0.013581000000000
0.015885000000000
0.015439000000000
0.011812000000000
0.014353000000000
0.012792000000000
0.012845000000000
0.012643000000000
0.012365000000000
0.011342000000000
0.012221000000000
0.012376000000000
0.013723000000000
0.011365000000000
0.018432000000000
0.012482000000000
0.013023000000000
0.014946000000000
0.063270000000000
0.014918000000000
0.012167000000000
0.013939000000000
0.013289000000000
0.010467000000000
0.013865000000000
0.014098000000000
0.012914000000000
0.013241000000000
0.016213000000000
0.013590000000000
0.011007000000000
0.013332000000000
0.013609000000000
0.012439000000000
0.015372000000000
0.010296000000000
0.013316000000000
0.012356000000000
0.012235000000000
0.012229000000000
0.013675000000000
0.014504000000000
0.012709000000000
0.013833000000000
0.012585000000000
0.014210000000000
0.013563000000000
0.012625000000000
0.013418000000000
0.014579000000000
0.012647000000000
0.015316000000000
0.013105000000000
0.014338000000000
0.011883000000000
0.011102000000000
0.012701000000000
0.012793000000000
0.012935000000000
0.014817000000000
0.013435000000000
0.011469000000000
0.014515000000000
0.013790000000000
0.013628000000000
0.012607000000000
0.013706000000000
0.013853000000000
0.013904000000000
0.012701000000000
0.013131000000000
0.011735000000000
0.013246000000000
0.014182000000000
0.012549000000000
0.013613000000000
0.014576000000000
0.013003000000000
0.015029000000000
0.015010000000000
0.013473000000000
0.014382000000000
0.013244000000000
0.015199000000000
0.012320000000000
0.012568000000000
0.012788000000000
0.013566000000000
0.013292000000000
0.013319000000000
0.012734000000000
0.013852000000000
0.013876000000000
