0.008227000000000
0.008796000000000
0.006783000000000
0.005780000000000
0.005050000000000
0.005843000000000
0.005215000000000
0.007600000000000
0.006471000000000
0.006756000000000
0.004916000000000
0.004580000000000
0.004706000000000
0.004836000000000
0.005072000000000
0.004996000000000
0.006508000000000
0.006666000000000
0.005573000000000
0.004902000000000
0.007146000000000
0.005425000000000
0.004550000000000
0.004852000000000
0.004906000000000
0.004820000000000
0.004762000000000
0.004937000000000
0.006652000000000
0.005984000000000
0.004987000000000
0.007359000000000
0.005161000000000
0.005158000000000
0.005139000000000
0.004778000000000
0.006463000000000
0.004805000000000
0.004609000000000
0.005736000000000
0.007057000000000
0.004628000000000
0.004745000000000
0.005381000000000
0.007356000000000
0.005084000000000
0.005141000000000
0.004801000000000
0.006548000000000
0.004641000000000
0.005900000000000
0.004639000000000
0.004951000000000
0.004878000000000
0.006884000000000
0.004745000000000
0.004645000000000
0.007011000000000
0.004562000000000
0.006691000000000
0.005896000000000
0.006325000000000
0.006202000000000
0.005426000000000
0.005271000000000
0.004888000000000
0.006742000000000
0.004619000000000
0.005487000000000
0.006573000000000
0.004750000000000
0.006298000000000
0.004536000000000
0.004948000000000
0.005557000000000
0.004586000000000
0.005072000000000
0.005715000000000
0.006461000000000
0.004579000000000
0.005062000000000
0.005931000000000
0.004637000000000
0.006590000000000
0.004960000000000
0.005062000000000
0.006799000000000
0.004482000000000
0.006456000000000
0.004758000000000
0.004802000000000
0.004758000000000
0.005821000000000
0.004557000000000
0.005320000000000
0.006498000000000
0.005000000000000
0.005008000000000
0.007000000000000
0.004637000000000
0.004832000000000
0.004843000000000
0.005751000000000
0.004420000000000
0.005675000000000
0.004863000000000
0.004518000000000
0.004923000000000
0.006194000000000
0.004652000000000
0.005066000000000
0.004749000000000
0.004533000000000
0.008525000000000
0.007167000000000
0.004815000000000
0.005375000000000
0.005710000000000
0.004510000000000
0.004484000000000
0.004874000000000
0.004919000000000
0.006946000000000
0.006151000000000
0.004411000000000
0.004650000000000
0.004718000000000
0.006597000000000
0.007098000000000
0.004845000000000
0.004911000000000
0.005606000000000
0.006362000000000
0.006399000000000
0.006865000000000
0.005270000000000
0.004638000000000
0.007378000000000
0.006085000000000
0.005175000000000
0.004442000000000
0.004608000000000
0.005598000000000
0.004568000000000
0.005601000000000
0.004938000000000
0.004601000000000
0.004549000000000
0.004484000000000
0.004638000000000
0.004811000000000
0.004973000000000
0.004865000000000
0.004514000000000
0.006179000000000
0.007174000000000
0.004911000000000
0.004349000000000
0.005895000000000
0.006315000000000
0.005166000000000
0.008089000000000
0.004844000000000
0.005782000000000
0.004586000000000
0.005914000000000
0.004614000000000
0.005341000000000
0.004617000000000
0.005042000000000
0.006390000000000
0.004925000000000
0.006316000000000
0.004550000000000
0.004708000000000
0.005089000000000
0.005945000000000
0.004459000000000
0.004703000000000
0.006385000000000
0.006228000000000
0.006929000000000
0.004722000000000
0.005560000000000
0.004601000000000
0.004975000000000
0.006598000000000
0.006210000000000
0.004654000000000
0.004874000000000
0.005866000000000
0.004762000000000
0.004817000000000
0.006437000000000
0.004989000000000
0.005109000000000
0.004789000000000
0.005814000000000
0.004545000000000
0.005091000000000
0.005208000000000
0.004338000000000
0.006703000000000
0.006911000000000
0.004860000000000
0.005086000000000
0.004814000000000
0.007476000000000
0.006952000000000
0.006905000000000
0.005977000000000
0.004898000000000
0.004536000000000
0.004545000000000
0.004578000000000
0.006859000000000
0.006637000000000
0.004479000000000
0.006523000000000
0.004644000000000
0.004724000000000
0.006090000000000
0.004616000000000
0.005238000000000
0.004421000000000
0.005378000000000
0.004840000000000
0.006412000000000
0.006308000000000
0.004528000000000
0.004769000000000
0.006365000000000
0.006467000000000
0.004847000000000
0.006373000000000
0.006111000000000
0.005439000000000
0.004435000000000
0.007465000000000
0.006017000000000
0.005563000000000
0.004734000000000
0.004731000000000
0.005331000000000
0.006464000000000
0.005474000000000
0.004858000000000
0.004901000000000
0.006836000000000
0.005840000000000
0.005130000000000
0.005573000000000
0.004752000000000
0.004455000000000
0.006174000000000
0.005724000000000
0.004677000000000
0.004581000000000
0.004630000000000
0.005019000000000
0.006093000000000
0.004787000000000
0.007262000000000
0.004369000000000
0.006491000000000
0.004624000000000
0.004828000000000
0.004729000000000
0.004765000000000
0.004772000000000
0.005845000000000
0.004757000000000
0.015078000000000
0.005036000000000
0.004758000000000
0.006134000000000
0.006325000000000
0.006463000000000
0.006870000000000
0.004737000000000
0.004422000000000
0.004961000000000
0.004436000000000
0.008416000000000
0.004568000000000
0.006295000000000
0.005259000000000
0.005670000000000
0.004928000000000
0.005019000000000
0.005166000000000
0.006798000000000
0.004915000000000
0.005452000000000
0.005407000000000
0.004641000000000
0.004894000000000
0.004997000000000
0.006033000000000
0.004686000000000
0.004858000000000
0.004517000000000
0.006139000000000
0.005275000000000
0.005597000000000
0.004511000000000
0.006299000000000
0.004962000000000
0.006897000000000
0.005384000000000
0.005690000000000
0.006910000000000
0.004430000000000
0.006090000000000
0.008118000000000
0.006723000000000
0.004751000000000
0.007495000000000
0.004608000000000
0.006664000000000
0.004559000000000
0.005835000000000
0.004992000000000
0.005066000000000
0.005109000000000
0.005500000000000
0.004776000000000
0.006753000000000
0.004806000000000
0.004833000000000
0.004397000000000
0.004586000000000
0.006950000000000
0.004457000000000
0.004695000000000
0.005218000000000
0.004606000000000
0.004704000000000
0.004525000000000
0.005166000000000
0.004938000000000
0.005014000000000
0.004716000000000
0.006508000000000
0.004783000000000
0.005610000000000
0.009263000000000
0.004756000000000
0.004906000000000
0.004725000000000
0.004878000000000
0.005060000000000
0.004682000000000
0.004530000000000
0.004613000000000
0.004877000000000
0.006141000000000
0.005691000000000
0.004598000000000
0.006707000000000
0.004722000000000
0.005112000000000
0.004988000000000
0.004283000000000
0.004815000000000
0.006777000000000
0.004899000000000
0.005539000000000
0.004898000000000
0.006817000000000
0.004427000000000
0.004919000000000
0.006368000000000
0.006388000000000
0.004758000000000
0.006805000000000
0.006260000000000
0.006161000000000
0.004350000000000
0.005060000000000
0.005070000000000
0.005905000000000
0.008858000000000
0.004510000000000
0.006915000000000
0.004929000000000
0.006479000000000
0.004687000000000
0.005691000000000
0.005535000000000
0.004969000000000
0.004552000000000
0.004441000000000
0.006823000000000
0.004877000000000
0.006459000000000
0.006938000000000
0.005799000000000
0.005514000000000
0.004634000000000
0.006164000000000
0.006662000000000
0.004581000000000
0.005922000000000
0.005467000000000
0.007595000000000
0.004582000000000
0.004685000000000
0.004809000000000
0.005669000000000
0.007142000000000
0.005235000000000
0.006805000000000
0.004566000000000
0.004497000000000
0.004532000000000
0.004634000000000
0.006653000000000
0.004579000000000
0.005401000000000
0.004650000000000
0.005716000000000
0.005388000000000
0.005694000000000
0.004716000000000
0.006620000000000
0.004788000000000
0.005308000000000
0.004877000000000
0.004231000000000
0.007859000000000
0.005618000000000
0.004880000000000
0.004931000000000
0.004775000000000
0.006604000000000
0.006567000000000
0.007029000000000
0.004765000000000
0.004493000000000
0.005251000000000
0.005497000000000
0.005303000000000
0.005361000000000
0.004921000000000
0.004569000000000
0.004776000000000
0.004486000000000
0.006505000000000
0.006899000000000
0.004651000000000
0.007230000000000
0.005001000000000
0.004467000000000
0.007132000000000
0.004474000000000
0.004680000000000
0.007324000000000
0.005994000000000
0.005262000000000
0.008946000000000
0.005935000000000
0.004897000000000
0.004756000000000
0.006045000000000
0.005459000000000
0.004874000000000
0.005334000000000
0.004838000000000
0.004981000000000
0.004611000000000
0.007726000000000
0.007668000000000
0.006686000000000
0.005125000000000
0.004909000000000
0.005249000000000
0.004922000000000
0.383584000000000
0.005516000000000
0.006473000000000
0.004884000000000
0.007239000000000
0.005571000000000
0.005393000000000
0.004586000000000
0.004934000000000
0.004431000000000
0.004711000000000
0.004534000000000
0.004833000000000
0.004430000000000
0.004636000000000
0.007160000000000
0.006571000000000
0.004956000000000
0.006869000000000
0.004682000000000
0.004871000000000
0.004585000000000
0.006778000000000
0.004342000000000
0.006779000000000
0.007550000000000
0.004849000000000
0.004792000000000
0.004671000000000
0.005148000000000
0.005548000000000
0.005007000000000
0.004809000000000
0.004844000000000
0.006931000000000
0.008080000000000
0.007889000000000
0.004584000000000
0.004563000000000
0.004751000000000
0.006901000000000
0.006322000000000
0.004706000000000
0.007338000000000
0.006550000000000
0.005260000000000
0.006467000000000
0.006414000000000
0.004575000000000
0.005393000000000
0.004828000000000
0.006153000000000
0.004747000000000
0.006315000000000
0.005518000000000
0.006180000000000
0.004687000000000
0.005529000000000
0.005813000000000
0.004810000000000
0.005059000000000
0.006617000000000
0.005523000000000
0.005255000000000
0.004708000000000
0.004587000000000
0.005323000000000
0.005345000000000
0.004402000000000
0.004790000000000
0.004723000000000
0.004860000000000
0.004558000000000
0.006419000000000
0.005047000000000
0.004592000000000
0.004508000000000
0.006468000000000
0.005747000000000
0.007037000000000
0.005128000000000
0.006900000000000
0.004907000000000
0.007210000000000
0.004842000000000
0.004921000000000
0.004547000000000
0.005078000000000
0.009159000000000
0.005356000000000
0.004578000000000
0.004840000000000
0.004942000000000
0.005288000000000
0.006645000000000
0.004875000000000
0.004731000000000
0.005697000000000
0.004676000000000
0.005749000000000
0.004796000000000
0.004570000000000
0.004841000000000
0.005582000000000
0.004685000000000
0.006774000000000
0.004534000000000
0.008571000000000
0.005251000000000
0.005660000000000
0.004775000000000
0.004831000000000
0.005223000000000
0.004567000000000
0.004778000000000
0.004609000000000
0.005265000000000
0.004928000000000
0.004681000000000
0.004725000000000
0.009823000000000
0.004840000000000
0.005272000000000
0.005084000000000
0.004825000000000
0.007323000000000
0.006203000000000
0.004469000000000
0.005173000000000
0.005489000000000
0.005361000000000
0.004555000000000
0.004859000000000
0.004756000000000
0.005501000000000
0.005736000000000
0.004521000000000
0.007276000000000
0.004752000000000
0.005036000000000
0.005040000000000
0.006021000000000
0.005324000000000
0.005495000000000
0.006630000000000
0.006739000000000
0.006350000000000
0.004813000000000
0.004750000000000
0.004622000000000
0.004541000000000
0.005920000000000
0.006680000000000
0.007780000000000
0.004565000000000
0.005164000000000
0.004773000000000
0.004738000000000
0.006671000000000
0.006599000000000
0.005470000000000
0.004500000000000
0.005542000000000
0.004648000000000
0.006484000000000
0.004930000000000
0.004807000000000
0.015839000000000
0.006225000000000
0.004512000000000
0.004873000000000
0.004961000000000
0.005548000000000
0.006049000000000
0.004615000000000
0.006835000000000
0.004432000000000
0.004763000000000
0.006438000000000
0.004516000000000
0.005323000000000
0.004418000000000
0.004689000000000
0.005461000000000
0.004470000000000
0.006523000000000
0.006791000000000
0.004990000000000
0.004432000000000
0.004873000000000
0.004848000000000
0.004906000000000
0.004906000000000
0.005757000000000
0.004903000000000
0.006174000000000
0.004754000000000
0.005339000000000
0.004593000000000
0.005874000000000
0.004567000000000
0.004622000000000
0.005050000000000
0.004608000000000
0.005991000000000
0.004954000000000
0.005119000000000
0.004780000000000
0.005031000000000
0.004893000000000
0.007066000000000
0.004696000000000
0.005321000000000
0.004517000000000
0.005429000000000
0.007165000000000
0.004847000000000
0.006725000000000
0.008527000000000
0.004497000000000
0.004519000000000
0.004679000000000
0.005018000000000
0.004378000000000
0.005300000000000
0.007649000000000
0.004879000000000
0.005643000000000
0.004901000000000
0.004540000000000
0.004758000000000
0.004616000000000
0.004937000000000
0.005070000000000
0.004851000000000
0.007643000000000
0.006742000000000
0.004882000000000
0.004976000000000
0.004708000000000
0.004823000000000
0.005012000000000
0.007038000000000
0.004940000000000
0.007553000000000
0.004875000000000
0.005545000000000
0.005010000000000
0.005250000000000
0.004768000000000
0.004561000000000
0.004690000000000
0.006725000000000
0.004922000000000
0.004884000000000
0.004820000000000
0.005603000000000
0.004683000000000
0.005011000000000
0.004663000000000
0.004935000000000
0.004900000000000
0.004825000000000
0.004978000000000
0.005069000000000
0.004608000000000
0.006661000000000
0.006305000000000
0.004825000000000
0.004986000000000
0.004728000000000
0.004788000000000
0.006843000000000
0.004748000000000
0.004836000000000
0.004576000000000
0.004601000000000
0.005898000000000
0.004814000000000
0.004819000000000
0.004929000000000
0.004506000000000
0.004871000000000
0.004964000000000
0.004991000000000
0.004664000000000
0.004883000000000
0.006838000000000
0.005459000000000
0.004927000000000
0.007030000000000
0.006710000000000
0.005015000000000
0.004960000000000
0.004790000000000
0.004586000000000
0.005009000000000
0.006640000000000
0.005778000000000
0.007093000000000
0.004816000000000
0.006954000000000
0.007147000000000
0.005065000000000
0.007094000000000
0.004607000000000
0.004680000000000
0.005021000000000
0.004668000000000
0.006224000000000
0.004845000000000
0.005063000000000
0.004904000000000
0.004748000000000
0.004668000000000
0.032454000000000
0.005060000000000
0.005121000000000
0.004897000000000
0.006156000000000
0.004825000000000
0.004635000000000
0.005171000000000
0.005174000000000
0.005082000000000
0.004534000000000
0.005111000000000
0.007311000000000
0.004826000000000
0.004832000000000
0.007962000000000
0.007534000000000
0.004794000000000
0.004744000000000
0.004642000000000
0.004958000000000
0.004546000000000
0.004535000000000
0.006619000000000
0.006616000000000
0.007464000000000
0.006482000000000
0.004650000000000
0.004853000000000
0.006694000000000
0.004547000000000
0.004593000000000
0.004981000000000
0.005374000000000
0.004948000000000
0.168203000000000
0.005986000000000
0.004948000000000
0.004646000000000
0.004989000000000
0.004916000000000
0.004858000000000
0.004844000000000
0.004752000000000
0.005122000000000
0.007347000000000
0.007767000000000
0.004685000000000
0.004930000000000
0.004877000000000
0.004975000000000
0.006816000000000
0.005046000000000
0.005128000000000
0.006798000000000
0.004471000000000
0.004975000000000
0.005649000000000
0.004938000000000
0.004756000000000
0.004970000000000
0.004613000000000
0.004622000000000
0.005103000000000
0.004994000000000
0.006868000000000
0.005082000000000
0.005964000000000
0.005233000000000
0.004851000000000
0.005017000000000
0.004768000000000
0.005668000000000
0.005022000000000
0.004925000000000
0.004820000000000
0.004782000000000
0.004624000000000
0.006010000000000
0.005048000000000
0.005205000000000
0.004453000000000
0.004515000000000
0.004607000000000
0.006942000000000
0.004632000000000
0.005235000000000
0.004703000000000
0.005688000000000
0.004933000000000
0.005254000000000
0.007021000000000
0.006912000000000
0.004966000000000
0.004829000000000
0.004921000000000
0.007377000000000
0.004549000000000
0.004522000000000
0.005755000000000
0.004977000000000
0.004688000000000
0.004845000000000
0.004667000000000
0.004655000000000
0.004898000000000
0.006906000000000
0.006802000000000
0.004901000000000
0.005770000000000
0.004776000000000
0.004763000000000
0.004730000000000
0.006713000000000
0.005083000000000
0.004550000000000
0.007003000000000
0.005032000000000
0.013649000000000
0.018542000000000
0.008414000000000
0.005147000000000
0.004861000000000
0.005212000000000
0.007530000000000
0.005098000000000
0.004987000000000
0.006582000000000
0.004730000000000
0.005279000000000
0.006830000000000
0.004859000000000
0.007317000000000
0.007073000000000
0.007011000000000
0.004889000000000
0.007925000000000
0.006251000000000
0.005028000000000
0.007029000000000
0.005065000000000
0.004995000000000
0.005075000000000
0.004861000000000
0.005149000000000
0.005220000000000
0.004780000000000
0.006025000000000
0.005158000000000
0.007383000000000
0.005301000000000
0.004872000000000
0.005351000000000
0.007154000000000
0.007297000000000
0.004838000000000
0.004935000000000
0.007241000000000
0.005859000000000
0.007216000000000
0.005097000000000
0.005270000000000
0.007434000000000
0.007248000000000
0.005034000000000
0.005244000000000
0.005035000000000
0.007356000000000
0.006337000000000
0.007148000000000
0.005220000000000
0.005044000000000
0.005164000000000
0.005059000000000
0.004905000000000
0.005228000000000
0.007427000000000
0.005355000000000
0.007954000000000
0.005163000000000
0.005254000000000
0.005311000000000
0.004724000000000
0.007408000000000
0.005323000000000
0.004900000000000
0.005071000000000
0.005097000000000
0.005047000000000
0.006117000000000
0.004910000000000
0.007283000000000
0.004935000000000
0.076674000000000
0.005033000000000
0.005164000000000
0.004658000000000
0.004792000000000
0.005686000000000
0.007581000000000
0.005430000000000
0.006996000000000
0.005192000000000
0.008168000000000
0.005442000000000
0.008328000000000
