0.000873000000000
0.000799000000000
0.001155000000000
0.000872000000000
0.000814000000000
0.000842000000000
0.000873000000000
0.000873000000000
0.000879000000000
0.000858000000000
0.000824000000000
0.000869000000000
0.000857000000000
0.000992000000000
0.000794000000000
0.000855000000000
0.000859000000000
0.000813000000000
0.001083000000000
0.002242000000000
0.000882000000000
0.001191000000000
0.000846000000000
0.000837000000000
0.001140000000000
0.000759000000000
0.000839000000000
0.000799000000000
0.000848000000000
0.000839000000000
0.000853000000000
0.000759000000000
0.000859000000000
0.000790000000000
0.000854000000000
0.001708000000000
0.002079000000000
0.001297000000000
0.001202000000000
0.001177000000000
0.000840000000000
0.000880000000000
0.000849000000000
0.000824000000000
0.000864000000000
0.001026000000000
0.000912000000000
0.002253000000000
0.002195000000000
0.001209000000000
0.001126000000000
0.000804000000000
0.000872000000000
0.000857000000000
0.000844000000000
0.000867000000000
0.000810000000000
0.000848000000000
0.000878000000000
0.001654000000000
0.000836000000000
0.002257000000000
0.000999000000000
0.001206000000000
0.000861000000000
0.000881000000000
0.000893000000000
0.001227000000000
0.000767000000000
0.000854000000000
0.000874000000000
0.000872000000000
0.001720000000000
0.000817000000000
0.000859000000000
0.001046000000000
0.001011000000000
0.001025000000000
0.000869000000000
0.000879000000000
0.000829000000000
0.002248000000000
0.000830000000000
0.000864000000000
0.001824000000000
0.000869000000000
0.000978000000000
0.000934000000000
0.001096000000000
0.000936000000000
0.000776000000000
0.000837000000000
0.001189000000000
0.001556000000000
0.000804000000000
0.000851000000000
0.001085000000000
0.000878000000000
0.000870000000000
0.000825000000000
0.001708000000000
0.000792000000000
0.000990000000000
0.000885000000000
0.001630000000000
0.000956000000000
0.001016000000000
0.000989000000000
0.000875000000000
0.001278000000000
0.002283000000000
0.001261000000000
0.000919000000000
0.000872000000000
0.001231000000000
0.001270000000000
0.000861000000000
0.000772000000000
0.000865000000000
0.002261000000000
0.000978000000000
0.001305000000000
0.000870000000000
0.001650000000000
0.000833000000000
0.000911000000000
0.000849000000000
0.000836000000000
0.000863000000000
0.002058000000000
0.001045000000000
0.001639000000000
0.000884000000000
0.000859000000000
0.000826000000000
0.000834000000000
0.000804000000000
0.000868000000000
0.001048000000000
0.001961000000000
0.001006000000000
0.001930000000000
0.000908000000000
0.001192000000000
0.000863000000000
0.000873000000000
0.000849000000000
0.000887000000000
0.000886000000000
0.000990000000000
0.000863000000000
0.000835000000000
0.000861000000000
0.000856000000000
0.002129000000000
0.000957000000000
0.000862000000000
0.000871000000000
0.000841000000000
0.000879000000000
0.002230000000000
0.001010000000000
0.000851000000000
0.001013000000000
0.000994000000000
0.000868000000000
0.000867000000000
0.000898000000000
0.000820000000000
0.002265000000000
0.000838000000000
0.000878000000000
0.000833000000000
0.000870000000000
0.001173000000000
0.000834000000000
0.001094000000000
0.002259000000000
0.000853000000000
0.000968000000000
0.000882000000000
0.001157000000000
0.001802000000000
0.000865000000000
0.001201000000000
0.002025000000000
0.001013000000000
0.000900000000000
0.000867000000000
0.001702000000000
0.000863000000000
0.000878000000000
0.000919000000000
0.001203000000000
0.000808000000000
0.000879000000000
0.000808000000000
0.001529000000000
0.001150000000000
0.000842000000000
0.000805000000000
0.000848000000000
0.001195000000000
0.001972000000000
0.000871000000000
0.000883000000000
0.000868000000000
0.001290000000000
0.001909000000000
0.000860000000000
0.000851000000000
0.000814000000000
0.001281000000000
0.000852000000000
0.002366000000000
0.000828000000000
0.001247000000000
0.000840000000000
0.000870000000000
0.001080000000000
0.000848000000000
0.001027000000000
0.001155000000000
0.000992000000000
0.000922000000000
0.000846000000000
0.000992000000000
0.000844000000000
0.000891000000000
0.000855000000000
0.000875000000000
0.000806000000000
0.000855000000000
0.000859000000000
0.001002000000000
0.000848000000000
0.000879000000000
0.000843000000000
0.002249000000000
0.001180000000000
0.001707000000000
0.000891000000000
0.000809000000000
0.000858000000000
0.000851000000000
0.000856000000000
0.002269000000000
0.001022000000000
0.000877000000000
0.001619000000000
0.000765000000000
0.001771000000000
0.000859000000000
0.000864000000000
0.000824000000000
0.000805000000000
0.000867000000000
0.001046000000000
0.000852000000000
0.001033000000000
0.000865000000000
0.000901000000000
0.002042000000000
0.000794000000000
0.000792000000000
0.000977000000000
0.000777000000000
0.000883000000000
0.001062000000000
0.000884000000000
0.000851000000000
0.000850000000000
0.000806000000000
0.000835000000000
0.000803000000000
0.000861000000000
0.000860000000000
0.000801000000000
0.000774000000000
0.000871000000000
0.000857000000000
0.000895000000000
0.000890000000000
0.000946000000000
0.000847000000000
0.000854000000000
0.000942000000000
0.001501000000000
0.000877000000000
0.000847000000000
0.000803000000000
0.000862000000000
0.000862000000000
0.000861000000000
0.002491000000000
0.000834000000000
0.000893000000000
0.000845000000000
0.000780000000000
0.000851000000000
0.000880000000000
0.000856000000000
0.000943000000000
0.000842000000000
0.000767000000000
0.000868000000000
0.001196000000000
0.001759000000000
0.000978000000000
0.000875000000000
0.000776000000000
0.001353000000000
0.000877000000000
0.001264000000000
0.000875000000000
0.001309000000000
0.001297000000000
0.000878000000000
0.000843000000000
0.001200000000000
0.002321000000000
0.000850000000000
0.000954000000000
0.000978000000000
0.000936000000000
0.001180000000000
0.001057000000000
0.000876000000000
0.000864000000000
0.000920000000000
0.001162000000000
0.000961000000000
0.000933000000000
0.000912000000000
0.000833000000000
0.000845000000000
0.000830000000000
0.000866000000000
0.000848000000000
0.000909000000000
0.000876000000000
0.000768000000000
0.000899000000000
0.000872000000000
0.000848000000000
0.000867000000000
0.000860000000000
0.000887000000000
0.001244000000000
0.001031000000000
0.000857000000000
0.000975000000000
0.001040000000000
0.001219000000000
0.000840000000000
0.000883000000000
0.000859000000000
0.000873000000000
0.000850000000000
0.001107000000000
0.000976000000000
0.000853000000000
0.000846000000000
0.000814000000000
0.000846000000000
0.001334000000000
0.000844000000000
0.000860000000000
0.001025000000000
0.000853000000000
0.000837000000000
0.001009000000000
0.000927000000000
0.000960000000000
0.000870000000000
0.001194000000000
0.000870000000000
0.001290000000000
0.000879000000000
0.001880000000000
0.000854000000000
0.000882000000000
0.000862000000000
0.001134000000000
0.000863000000000
0.000869000000000
0.000937000000000
0.000854000000000
0.001000000000000
0.001686000000000
0.000882000000000
0.002014000000000
0.000862000000000
0.001227000000000
0.001474000000000
0.000805000000000
0.000947000000000
0.000859000000000
0.000867000000000
0.000857000000000
0.000852000000000
0.000859000000000
0.000854000000000
0.000839000000000
0.000859000000000
0.001174000000000
0.000892000000000
0.000838000000000
0.000816000000000
0.000846000000000
0.000875000000000
0.000847000000000
0.001840000000000
0.001318000000000
0.001107000000000
0.000878000000000
0.001860000000000
0.000861000000000
0.000820000000000
0.000860000000000
0.000998000000000
0.000845000000000
0.000882000000000
0.000858000000000
0.002264000000000
0.000996000000000
0.000846000000000
0.000880000000000
0.000789000000000
0.001010000000000
0.001037000000000
0.000852000000000
0.000817000000000
0.000782000000000
0.001887000000000
0.000899000000000
0.001194000000000
0.000850000000000
0.000992000000000
0.000862000000000
0.001913000000000
0.000864000000000
0.000848000000000
0.000918000000000
0.000971000000000
0.000863000000000
0.000853000000000
0.000867000000000
0.000864000000000
0.000847000000000
0.001004000000000
0.000858000000000
0.001242000000000
0.000872000000000
0.000995000000000
0.000861000000000
0.000898000000000
0.000856000000000
0.000825000000000
0.000868000000000
0.000820000000000
0.000865000000000
0.000859000000000
0.002259000000000
0.000811000000000
0.000874000000000
0.000862000000000
0.001823000000000
0.000869000000000
0.000869000000000
0.001394000000000
0.000900000000000
0.001168000000000
0.002267000000000
0.000861000000000
0.000859000000000
0.001269000000000
0.001092000000000
0.001314000000000
0.000987000000000
0.000853000000000
0.000938000000000
0.000888000000000
0.000858000000000
0.000883000000000
0.000871000000000
0.001018000000000
0.000848000000000
0.000936000000000
0.000965000000000
0.000960000000000
0.001049000000000
0.002250000000000
0.001179000000000
0.000845000000000
0.002003000000000
0.000858000000000
0.001001000000000
0.000895000000000
0.002269000000000
0.000830000000000
0.000899000000000
0.000842000000000
0.001506000000000
0.002680000000000
0.000877000000000
0.000865000000000
0.000926000000000
0.000913000000000
0.000844000000000
0.000870000000000
0.000859000000000
0.000955000000000
0.000865000000000
0.000868000000000
0.000849000000000
0.000870000000000
0.002012000000000
0.000865000000000
0.000809000000000
0.000877000000000
0.001683000000000
0.000860000000000
0.000857000000000
0.001041000000000
0.000798000000000
0.000856000000000
0.002334000000000
0.000849000000000
0.001226000000000
0.002318000000000
0.000858000000000
0.000855000000000
0.001796000000000
0.000840000000000
0.000793000000000
0.000820000000000
0.000881000000000
0.000848000000000
0.000897000000000
0.000888000000000
0.000863000000000
0.000886000000000
0.000847000000000
0.000858000000000
0.000880000000000
0.000808000000000
0.000862000000000
0.000858000000000
0.000853000000000
0.001009000000000
0.000865000000000
0.000870000000000
0.000975000000000
0.001422000000000
0.001042000000000
0.000800000000000
0.000889000000000
0.000892000000000
0.000846000000000
0.000880000000000
0.000871000000000
0.000882000000000
0.000879000000000
0.000858000000000
0.000894000000000
0.001021000000000
0.001850000000000
0.000978000000000
0.000864000000000
0.000889000000000
0.001175000000000
0.000844000000000
0.000852000000000
0.000919000000000
0.000847000000000
0.001193000000000
0.000857000000000
0.000878000000000
0.000849000000000
0.000997000000000
0.000849000000000
0.000937000000000
0.000793000000000
0.000844000000000
0.000871000000000
0.001035000000000
0.000795000000000
0.000945000000000
0.000822000000000
0.000843000000000
0.001388000000000
0.000950000000000
0.000897000000000
0.001004000000000
0.000942000000000
0.000851000000000
0.001201000000000
0.001878000000000
0.002173000000000
0.000867000000000
0.000860000000000
0.000876000000000
0.001880000000000
0.000922000000000
0.001528000000000
0.000886000000000
0.000877000000000
0.000876000000000
0.000859000000000
0.000820000000000
0.000849000000000
0.000867000000000
0.002259000000000
0.001073000000000
0.000854000000000
0.000845000000000
0.001027000000000
0.000802000000000
0.000854000000000
0.001161000000000
0.000867000000000
0.001129000000000
0.000936000000000
0.000867000000000
0.000844000000000
0.000858000000000
0.000890000000000
0.002128000000000
0.000973000000000
0.000874000000000
0.001935000000000
0.000862000000000
0.000872000000000
0.000867000000000
0.000877000000000
0.001025000000000
0.000841000000000
0.001263000000000
0.000968000000000
0.001178000000000
0.001823000000000
0.000933000000000
0.000819000000000
0.001008000000000
0.001161000000000
0.000868000000000
0.001349000000000
0.001173000000000
0.001012000000000
0.000856000000000
0.002509000000000
0.001041000000000
0.000807000000000
0.000839000000000
0.000819000000000
0.000864000000000
0.000913000000000
0.000861000000000
0.000883000000000
0.000872000000000
0.000858000000000
0.001887000000000
0.000880000000000
0.002253000000000
0.000864000000000
0.000859000000000
0.000883000000000
0.001137000000000
0.001148000000000
0.000869000000000
0.000879000000000
0.000955000000000
0.000849000000000
0.001732000000000
0.002077000000000
0.000851000000000
0.000856000000000
0.001003000000000
0.001084000000000
0.000873000000000
0.002021000000000
0.000845000000000
0.000871000000000
0.000849000000000
0.000861000000000
0.000893000000000
0.001311000000000
0.000862000000000
0.001226000000000
0.001516000000000
0.000946000000000
0.000858000000000
0.000849000000000
0.001213000000000
0.001310000000000
0.000875000000000
0.001120000000000
0.001728000000000
0.000799000000000
0.001214000000000
0.001140000000000
0.000867000000000
0.000800000000000
0.000870000000000
0.001787000000000
0.000862000000000
0.000879000000000
0.000974000000000
0.000853000000000
0.000866000000000
0.001410000000000
0.000941000000000
0.000880000000000
0.000849000000000
0.001017000000000
0.001199000000000
0.000897000000000
0.002311000000000
0.000859000000000
0.000850000000000
0.000951000000000
0.000867000000000
0.000866000000000
0.000798000000000
0.001915000000000
0.000885000000000
0.000853000000000
0.000869000000000
0.001858000000000
0.000852000000000
0.000890000000000
0.000840000000000
0.000807000000000
0.000846000000000
0.000854000000000
0.000871000000000
0.001450000000000
0.000877000000000
0.001124000000000
0.002279000000000
0.000992000000000
0.000873000000000
0.000975000000000
0.000966000000000
0.000866000000000
0.000806000000000
0.001141000000000
0.000861000000000
0.000875000000000
0.001022000000000
0.001234000000000
0.000848000000000
0.000872000000000
0.000850000000000
0.000966000000000
0.000854000000000
0.000859000000000
0.000856000000000
0.000833000000000
0.000910000000000
0.000868000000000
0.000810000000000
0.001135000000000
0.000867000000000
0.002245000000000
0.000865000000000
0.000871000000000
0.001301000000000
0.001029000000000
0.000865000000000
0.001575000000000
0.000862000000000
0.000860000000000
0.000862000000000
0.002347000000000
0.000857000000000
0.001799000000000
0.000864000000000
0.001202000000000
0.001771000000000
0.000808000000000
0.001076000000000
0.000871000000000
0.000914000000000
0.000961000000000
0.000865000000000
0.000999000000000
0.001865000000000
0.000927000000000
0.002314000000000
0.001043000000000
0.000933000000000
0.000864000000000
0.000778000000000
0.002010000000000
0.001864000000000
0.000986000000000
0.000875000000000
0.001797000000000
0.000862000000000
0.000877000000000
0.001036000000000
0.000844000000000
0.002001000000000
0.002286000000000
0.000926000000000
0.002268000000000
0.001880000000000
0.000881000000000
0.000864000000000
0.000884000000000
0.000852000000000
0.000876000000000
0.002732000000000
0.001270000000000
0.000827000000000
0.000852000000000
0.000916000000000
0.000851000000000
0.001810000000000
0.000851000000000
0.000862000000000
0.000986000000000
0.000844000000000
0.000817000000000
0.000903000000000
0.000863000000000
0.000808000000000
0.000865000000000
0.000862000000000
0.000895000000000
0.000873000000000
0.000884000000000
0.002170000000000
0.000857000000000
0.000889000000000
0.001353000000000
0.000860000000000
0.001003000000000
0.000961000000000
0.000866000000000
0.000824000000000
0.000876000000000
0.000863000000000
0.001563000000000
0.000812000000000
0.000867000000000
0.000878000000000
0.000872000000000
0.000843000000000
0.000885000000000
0.000887000000000
0.000854000000000
0.000855000000000
0.001002000000000
0.000861000000000
0.001028000000000
0.000872000000000
0.001097000000000
0.000904000000000
0.000923000000000
0.000861000000000
0.001052000000000
0.000992000000000
0.000865000000000
0.000853000000000
0.000856000000000
0.000895000000000
0.000844000000000
0.001053000000000
0.001177000000000
0.001181000000000
0.000903000000000
0.001174000000000
0.000862000000000
0.000863000000000
0.001679000000000
0.000856000000000
0.000993000000000
0.000894000000000
0.000853000000000
0.000975000000000
0.000890000000000
0.001447000000000
0.001002000000000
0.001131000000000
0.000807000000000
0.000870000000000
0.000770000000000
0.002622000000000
0.000930000000000
0.000877000000000
0.002451000000000
0.000857000000000
0.000866000000000
0.000929000000000
0.000910000000000
0.001776000000000
0.000880000000000
0.000872000000000
0.002277000000000
0.002266000000000
0.002304000000000
0.000847000000000
0.000895000000000
0.000924000000000
0.000856000000000
0.001177000000000
0.000859000000000
0.000841000000000
0.002297000000000
0.001366000000000
0.000873000000000
0.001386000000000
0.000858000000000
0.000982000000000
0.000835000000000
0.000977000000000
0.002249000000000
0.001067000000000
0.001621000000000
0.000881000000000
0.000874000000000
0.000960000000000
0.000890000000000
0.000844000000000
0.002286000000000
0.000857000000000
0.001326000000000
0.000811000000000
0.000827000000000
0.000874000000000
0.000969000000000
0.000872000000000
0.001003000000000
0.000844000000000
0.000810000000000
0.002018000000000
0.000895000000000
0.002335000000000
0.000859000000000
0.000850000000000
0.000861000000000
0.001653000000000
0.000881000000000
0.000851000000000
0.000874000000000
0.000858000000000
0.000996000000000
0.001494000000000
0.000988000000000
0.000886000000000
0.000912000000000
0.000974000000000
0.000854000000000
0.000975000000000
0.002777000000000
0.002072000000000
0.000893000000000
0.000867000000000
0.000949000000000
0.000870000000000
0.000850000000000
0.000855000000000
0.000867000000000
0.001819000000000
0.001054000000000
0.000838000000000
0.001042000000000
0.001190000000000
0.000846000000000
0.000885000000000
0.000864000000000
0.001180000000000
0.000875000000000
0.000861000000000
0.000958000000000
0.000839000000000
0.001048000000000
0.001248000000000
0.000854000000000
0.000858000000000
0.000827000000000
0.000857000000000
0.000817000000000
0.000856000000000
0.002163000000000
0.000865000000000
0.000774000000000
0.000806000000000
0.000872000000000
0.000872000000000
0.000829000000000
0.000947000000000
0.001108000000000
0.002068000000000
0.002769000000000
0.002306000000000
