0.056625000000000
0.055028000000000
0.055791000000000
0.055735000000000
0.054761000000000
0.055408000000000
0.054632000000000
0.057689000000000
0.055324000000000
0.055290000000000
0.055675000000000
0.055101000000000
0.054412000000000
0.055086000000000
0.055584000000000
0.054700000000000
0.054881000000000
0.054952000000000
0.055079000000000
0.054439000000000
0.054613000000000
0.055427000000000
0.054607000000000
0.055164000000000
0.054786000000000
0.055750000000000
0.054085000000000
0.053901000000000
0.054495000000000
0.056635000000000
0.054552000000000
0.054718000000000
0.054779000000000
0.054666000000000
0.054549000000000
0.055004000000000
0.056790000000000
0.054222000000000
0.053909000000000
0.055698000000000
0.054646000000000
0.054013000000000
0.054092000000000
0.054350000000000
0.055494000000000
0.054836000000000
0.053869000000000
0.053926000000000
0.054513000000000
0.054883000000000
0.054446000000000
0.053958000000000
0.054272000000000
0.054636000000000
0.054318000000000
0.056015000000000
0.054184000000000
0.054852000000000
0.055021000000000
0.054495000000000
0.054769000000000
0.055436000000000
0.054205000000000
0.054553000000000
0.055999000000000
0.054650000000000
0.055053000000000
0.054736000000000
0.054370000000000
0.054137000000000
0.054408000000000
0.055969000000000
0.054606000000000
0.055029000000000
0.055169000000000
0.055452000000000
0.053733000000000
0.058519000000000
0.054111000000000
0.055926000000000
0.054911000000000
0.054644000000000
0.054431000000000
0.054710000000000
0.053862000000000
0.054491000000000
0.054570000000000
0.056480000000000
0.054786000000000
0.054711000000000
0.055551000000000
0.055242000000000
0.054800000000000
0.056587000000000
0.057362000000000
0.054436000000000
0.055980000000000
0.054379000000000
0.054510000000000
0.056218000000000
0.054388000000000
0.054173000000000
0.054933000000000
0.054374000000000
0.054406000000000
0.054313000000000
0.055194000000000
0.054319000000000
0.054400000000000
0.054407000000000
0.055496000000000
0.054762000000000
0.054421000000000
0.054175000000000
0.054963000000000
0.054709000000000
0.053925000000000
0.054300000000000
0.058363000000000
0.053935000000000
0.054964000000000
0.054024000000000
0.054640000000000
0.054361000000000
0.054806000000000
0.054581000000000
0.054966000000000
0.054435000000000
0.053810000000000
0.054352000000000
0.054340000000000
0.055014000000000
0.054423000000000
0.054440000000000
0.054165000000000
0.054457000000000
0.055105000000000
0.053805000000000
0.055424000000000
0.054333000000000
0.054755000000000
0.054499000000000
0.055398000000000
0.055143000000000
0.054487000000000
0.053947000000000
0.054679000000000
0.054718000000000
0.055398000000000
0.056907000000000
0.054711000000000
0.054932000000000
0.055155000000000
0.054657000000000
0.054963000000000
0.055412000000000
0.054988000000000
0.054667000000000
0.055693000000000
0.054973000000000
0.054172000000000
0.055382000000000
0.055099000000000
0.054586000000000
0.054070000000000
0.054971000000000
0.054475000000000
0.053875000000000
0.058214000000000
0.054983000000000
0.055051000000000
0.054736000000000
0.054590000000000
0.054869000000000
0.054508000000000
0.054485000000000
0.056535000000000
0.054423000000000
0.055966000000000
0.054719000000000
0.054682000000000
0.054752000000000
0.054948000000000
0.054919000000000
0.054710000000000
0.054285000000000
0.054746000000000
0.054192000000000
0.054584000000000
0.054204000000000
0.055425000000000
0.054489000000000
0.054231000000000
0.054335000000000
0.054399000000000
0.055840000000000
0.054028000000000
0.055163000000000
0.054694000000000
0.055239000000000
0.054886000000000
0.055214000000000
0.055064000000000
0.055596000000000
0.055026000000000
0.054307000000000
0.054394000000000
0.054266000000000
0.054376000000000
0.055293000000000
0.055612000000000
0.055305000000000
0.054683000000000
0.054590000000000
0.055396000000000
0.055119000000000
0.054058000000000
0.054617000000000
0.055935000000000
0.054196000000000
0.053877000000000
0.054164000000000
0.054240000000000
0.053927000000000
0.055063000000000
0.054495000000000
0.054993000000000
0.053934000000000
0.054024000000000
0.054050000000000
0.054737000000000
0.054100000000000
0.054188000000000
0.054913000000000
0.055227000000000
0.054415000000000
0.054561000000000
0.054313000000000
0.055280000000000
0.058840000000000
0.055819000000000
0.054837000000000
0.057385000000000
0.055016000000000
0.054406000000000
0.054680000000000
0.055327000000000
0.054975000000000
0.055242000000000
0.055778000000000
0.055565000000000
0.055068000000000
0.054662000000000
0.055055000000000
0.056664000000000
0.054899000000000
0.054400000000000
0.054708000000000
0.054953000000000
0.055195000000000
0.055303000000000
0.054785000000000
0.054921000000000
0.055774000000000
0.053685000000000
0.054882000000000
0.062116000000000
0.054331000000000
0.054808000000000
0.054988000000000
0.054540000000000
0.058176000000000
0.054813000000000
0.054246000000000
0.054544000000000
0.053989000000000
0.054694000000000
0.054408000000000
0.054333000000000
0.055778000000000
0.054108000000000
0.054347000000000
0.054777000000000
0.054947000000000
0.055260000000000
0.054812000000000
0.055796000000000
0.054712000000000
0.054586000000000
0.054094000000000
0.055317000000000
0.054061000000000
0.054239000000000
0.055108000000000
0.054426000000000
0.054230000000000
0.054652000000000
0.054745000000000
0.054924000000000
0.055371000000000
0.056801000000000
0.055875000000000
0.054263000000000
0.054496000000000
0.054184000000000
0.054776000000000
0.054494000000000
0.054414000000000
0.054894000000000
0.055183000000000
0.054158000000000
0.054206000000000
0.054592000000000
0.054409000000000
0.054156000000000
0.054754000000000
0.055465000000000
0.055953000000000
0.055853000000000
0.055383000000000
0.054992000000000
0.055543000000000
0.055395000000000
0.056630000000000
0.056215000000000
0.055019000000000
0.055039000000000
0.054963000000000
0.055030000000000
0.058554000000000
0.056122000000000
0.061444000000000
0.057472000000000
0.057728000000000
0.055683000000000
0.055803000000000
0.061660000000000
0.054984000000000
0.055859000000000
0.054461000000000
0.054851000000000
0.053860000000000
0.055917000000000
0.054590000000000
0.053855000000000
0.059829000000000
0.054860000000000
0.054558000000000
0.054652000000000
0.059100000000000
0.054483000000000
0.055305000000000
0.055657000000000
0.055497000000000
0.055687000000000
0.054972000000000
0.055275000000000
0.056525000000000
0.054643000000000
0.055132000000000
0.055116000000000
0.055689000000000
0.055344000000000
0.055372000000000
0.055211000000000
0.055276000000000
0.054887000000000
0.054975000000000
0.055396000000000
0.054517000000000
0.054194000000000
0.054122000000000
0.055356000000000
0.055068000000000
0.054522000000000
0.055499000000000
0.055676000000000
0.055103000000000
0.055287000000000
0.054754000000000
0.057959000000000
0.054791000000000
0.055604000000000
0.054543000000000
0.054364000000000
0.055295000000000
0.054365000000000
0.054809000000000
0.055771000000000
0.054527000000000
0.055271000000000
0.054356000000000
0.054224000000000
0.054189000000000
0.055149000000000
0.054755000000000
0.055506000000000
0.056059000000000
0.058528000000000
0.054241000000000
0.054693000000000
0.054960000000000
0.054665000000000
0.054927000000000
0.054625000000000
0.055053000000000
0.055287000000000
0.054504000000000
0.055152000000000
0.054965000000000
0.060396000000000
0.054288000000000
0.054399000000000
0.054178000000000
0.054509000000000
0.054456000000000
0.055195000000000
0.053911000000000
0.054253000000000
0.053899000000000
0.054381000000000
0.054885000000000
0.054345000000000
0.059314000000000
0.054157000000000
0.054770000000000
0.055361000000000
0.059622000000000
0.055431000000000
0.054676000000000
0.054778000000000
0.055190000000000
0.055004000000000
0.054768000000000
0.055340000000000
0.055247000000000
0.054413000000000
0.055418000000000
0.057248000000000
0.102445000000000
0.056105000000000
0.061188000000000
0.055010000000000
0.057647000000000
0.055459000000000
0.056138000000000
0.057122000000000
0.056156000000000
0.055740000000000
0.055343000000000
0.055323000000000
0.054078000000000
0.058397000000000
0.068723000000000
0.056094000000000
0.054713000000000
0.056036000000000
0.057697000000000
0.059754000000000
0.054698000000000
0.054602000000000
0.066401000000000
0.055203000000000
0.054838000000000
0.055544000000000
0.055273000000000
0.056489000000000
0.056233000000000
0.056837000000000
0.056489000000000
0.055974000000000
0.056513000000000
0.055591000000000
0.055117000000000
0.091321000000000
0.055315000000000
0.057445000000000
0.055323000000000
0.054318000000000
0.055321000000000
0.055631000000000
0.056192000000000
0.056339000000000
0.055052000000000
0.057616000000000
0.055882000000000
0.054502000000000
0.055343000000000
0.055346000000000
0.077024000000000
0.054560000000000
0.056822000000000
0.054982000000000
0.054398000000000
0.055110000000000
0.054829000000000
0.055378000000000
0.088196000000000
0.055652000000000
0.055727000000000
0.054641000000000
0.056592000000000
0.056165000000000
0.056277000000000
0.068203000000000
0.055163000000000
0.055868000000000
0.055492000000000
0.055496000000000
0.055521000000000
0.055319000000000
0.065795000000000
0.056305000000000
0.055139000000000
0.056401000000000
0.058044000000000
0.055074000000000
0.056836000000000
0.059904000000000
0.069100000000000
0.056571000000000
0.057270000000000
0.058635000000000
0.055698000000000
0.054643000000000
0.105205000000000
0.054810000000000
0.055384000000000
0.055369000000000
0.055476000000000
0.055302000000000
0.056558000000000
0.095937000000000
0.057886000000000
0.056407000000000
0.056462000000000
0.054967000000000
0.055017000000000
0.091720000000000
0.056761000000000
0.055290000000000
0.055900000000000
0.055375000000000
0.056162000000000
0.056825000000000
0.096419000000000
0.057721000000000
0.055094000000000
0.054805000000000
0.055310000000000
0.054557000000000
0.098689000000000
0.055530000000000
0.055919000000000
0.056443000000000
0.055499000000000
0.055257000000000
0.055692000000000
0.056707000000000
0.055329000000000
0.054769000000000
0.055725000000000
0.055140000000000
0.055641000000000
0.055728000000000
0.096582000000000
0.055350000000000
0.056068000000000
0.055056000000000
0.058547000000000
0.055392000000000
0.054691000000000
0.106955000000000
0.055355000000000
0.055524000000000
0.054950000000000
0.059504000000000
0.055311000000000
0.055580000000000
0.092646000000000
0.055611000000000
0.055295000000000
0.055185000000000
0.055515000000000
0.057824000000000
0.055413000000000
0.088655000000000
0.056058000000000
0.057704000000000
0.060256000000000
0.056553000000000
0.055231000000000
0.088047000000000
0.056601000000000
0.055732000000000
0.060596000000000
0.055418000000000
0.055203000000000
0.055075000000000
0.087535000000000
0.055151000000000
0.055216000000000
0.055699000000000
0.056025000000000
0.058977000000000
0.056616000000000
0.055449000000000
0.055114000000000
0.057682000000000
0.055775000000000
0.055529000000000
0.055550000000000
0.055788000000000
0.055962000000000
0.055977000000000
0.057607000000000
0.055606000000000
0.054833000000000
0.055366000000000
0.055953000000000
0.056171000000000
0.055837000000000
0.055424000000000
0.056515000000000
0.055525000000000
0.055815000000000
0.054774000000000
0.054653000000000
0.054991000000000
0.055158000000000
0.110358000000000
0.063024000000000
0.056008000000000
0.056345000000000
0.055958000000000
0.055426000000000
0.055410000000000
0.054992000000000
0.055317000000000
0.055915000000000
0.059081000000000
0.057203000000000
0.054732000000000
0.055853000000000
0.057297000000000
0.055349000000000
0.056966000000000
0.056228000000000
0.059783000000000
0.056019000000000
0.054464000000000
0.055794000000000
0.054897000000000
0.055049000000000
0.054700000000000
0.055492000000000
0.111268000000000
0.055085000000000
0.055138000000000
0.056294000000000
0.055779000000000
0.055608000000000
0.056354000000000
0.056541000000000
0.055454000000000
0.098473000000000
0.055649000000000
0.055796000000000
0.057718000000000
0.055964000000000
0.057371000000000
0.055089000000000
0.055433000000000
0.054238000000000
0.054802000000000
0.055490000000000
0.057568000000000
0.091027000000000
0.055200000000000
0.054674000000000
0.054779000000000
0.054611000000000
0.054546000000000
0.060062000000000
0.094758000000000
0.055918000000000
0.054717000000000
0.054599000000000
0.055271000000000
0.055154000000000
0.054706000000000
0.054006000000000
0.054433000000000
0.055097000000000
0.053795000000000
0.055677000000000
0.055839000000000
0.054956000000000
0.055327000000000
0.056823000000000
0.060010000000000
0.055787000000000
0.099522000000000
0.055211000000000
0.054940000000000
0.056030000000000
0.055678000000000
0.054370000000000
0.055550000000000
0.164170000000000
0.054628000000000
0.055317000000000
0.055456000000000
0.055868000000000
0.055418000000000
0.054583000000000
0.069938000000000
0.055047000000000
0.054832000000000
0.055186000000000
0.055352000000000
0.055132000000000
0.089533000000000
0.054186000000000
0.056740000000000
0.055620000000000
0.055382000000000
0.055166000000000
0.054844000000000
0.093772000000000
0.055158000000000
0.056498000000000
0.055260000000000
0.055995000000000
0.055479000000000
0.055388000000000
0.058462000000000
0.055359000000000
0.059233000000000
0.071239000000000
0.054890000000000
0.059840000000000
0.055379000000000
0.055381000000000
0.055433000000000
0.055287000000000
0.110466000000000
0.058246000000000
0.054348000000000
0.055796000000000
0.054626000000000
0.054386000000000
0.055268000000000
0.091006000000000
0.055429000000000
0.055561000000000
0.056430000000000
0.054072000000000
0.055020000000000
0.055041000000000
0.054719000000000
0.058594000000000
0.096910000000000
0.054430000000000
0.053866000000000
0.055692000000000
0.055303000000000
0.053881000000000
0.055248000000000
0.054748000000000
0.055233000000000
0.097530000000000
0.055906000000000
0.055239000000000
0.054423000000000
0.054638000000000
0.058632000000000
0.101686000000000
0.054534000000000
0.054663000000000
0.055431000000000
0.055114000000000
0.055712000000000
0.058361000000000
0.054466000000000
0.054278000000000
0.055277000000000
0.075186000000000
0.055050000000000
0.056191000000000
0.054857000000000
0.055532000000000
0.058576000000000
0.104046000000000
0.059718000000000
0.055369000000000
0.054676000000000
0.054800000000000
0.055097000000000
0.075364000000000
0.055433000000000
0.058930000000000
0.054517000000000
0.054577000000000
0.054975000000000
0.056308000000000
0.054678000000000
0.126606000000000
0.055174000000000
0.055693000000000
0.053690000000000
0.054036000000000
0.056058000000000
0.054722000000000
0.053648000000000
0.054245000000000
0.055985000000000
0.055290000000000
0.055750000000000
0.080082000000000
0.054562000000000
0.054566000000000
0.055028000000000
0.056340000000000
0.054111000000000
0.056732000000000
0.054226000000000
0.054148000000000
0.054907000000000
0.055364000000000
0.055674000000000
0.053736000000000
0.054801000000000
0.054892000000000
0.055025000000000
0.147364000000000
0.054452000000000
0.054907000000000
0.054615000000000
0.054640000000000
0.055316000000000
0.054941000000000
0.055049000000000
0.054859000000000
0.054466000000000
0.054782000000000
0.087921000000000
0.054881000000000
0.054911000000000
0.054182000000000
0.054047000000000
0.054648000000000
0.086347000000000
0.055071000000000
0.055253000000000
0.055214000000000
0.054985000000000
0.058046000000000
0.054639000000000
0.055446000000000
0.054545000000000
0.054617000000000
0.055946000000000
0.055174000000000
0.055371000000000
0.054841000000000
0.054308000000000
0.054645000000000
0.054180000000000
0.054477000000000
0.071729000000000
0.054756000000000
0.054859000000000
0.054555000000000
0.054623000000000
0.054070000000000
0.054314000000000
0.055631000000000
0.056376000000000
0.055002000000000
0.066782000000000
0.055194000000000
0.055502000000000
0.055175000000000
0.056674000000000
0.054881000000000
0.065128000000000
0.055026000000000
0.055441000000000
0.054669000000000
0.054130000000000
0.055432000000000
0.083105000000000
0.055144000000000
0.057404000000000
0.054918000000000
0.054084000000000
0.102984000000000
0.054629000000000
0.054348000000000
0.055815000000000
0.055452000000000
0.054954000000000
0.058752000000000
0.070961000000000
0.054893000000000
0.059565000000000
0.054786000000000
0.056010000000000
0.054655000000000
0.091104000000000
0.055120000000000
0.055594000000000
0.055459000000000
0.055635000000000
0.055322000000000
0.056784000000000
0.055338000000000
0.055735000000000
0.055360000000000
0.094866000000000
0.054465000000000
0.058423000000000
0.055867000000000
0.054842000000000
0.055428000000000
0.076953000000000
0.054862000000000
0.053792000000000
0.058563000000000
0.055059000000000
0.054551000000000
0.054607000000000
0.084827000000000
0.054612000000000
0.055177000000000
0.055211000000000
0.064661000000000
0.055963000000000
0.057921000000000
0.062094000000000
0.055111000000000
0.055322000000000
0.056015000000000
0.055291000000000
0.055461000000000
0.055845000000000
0.056225000000000
0.055032000000000
0.055294000000000
0.054753000000000
0.055099000000000
0.054782000000000
0.055193000000000
0.055083000000000
0.056244000000000
0.054468000000000
0.054329000000000
0.054522000000000
0.056258000000000
0.053766000000000
0.054225000000000
0.054098000000000
0.057546000000000
0.055046000000000
0.077866000000000
0.055220000000000
0.054236000000000
0.054324000000000
0.054743000000000
0.054486000000000
0.054088000000000
0.054787000000000
0.054401000000000
0.053582000000000
0.057070000000000
0.108471000000000
0.054603000000000
0.054561000000000
0.055834000000000
0.056030000000000
0.056706000000000
0.073159000000000
0.055712000000000
0.054932000000000
0.055102000000000
0.054389000000000
0.054420000000000
0.059293000000000
0.055710000000000
0.056694000000000
0.055247000000000
0.054555000000000
0.054688000000000
0.055697000000000
0.054650000000000
0.056497000000000
0.073134000000000
0.055122000000000
0.054052000000000
0.054195000000000
0.056102000000000
0.054582000000000
0.054179000000000
0.053915000000000
0.058696000000000
0.073177000000000
0.055190000000000
0.054729000000000
0.056963000000000
0.057759000000000
0.058532000000000
0.055141000000000
0.056433000000000
0.054247000000000
0.054629000000000
0.055201000000000
0.087503000000000
0.058681000000000
0.055357000000000
0.055536000000000
0.054980000000000
0.055651000000000
0.054384000000000
0.054805000000000
0.055290000000000
0.055491000000000
0.055291000000000
0.057311000000000
0.055451000000000
0.055742000000000
0.054416000000000
0.056393000000000
0.053863000000000
0.053967000000000
0.054480000000000
0.057687000000000
0.056069000000000
0.055164000000000
0.053567000000000
0.054070000000000
0.055556000000000
0.053949000000000
0.056160000000000
0.055074000000000
0.054916000000000
0.054246000000000
0.054368000000000
0.055029000000000
0.054649000000000
0.058055000000000
0.121546000000000
0.058442000000000
0.054844000000000
0.054432000000000
0.055582000000000
0.054969000000000
0.054793000000000
0.055167000000000
0.055018000000000
0.057962000000000
0.062722000000000
0.109596000000000
0.055826000000000
0.055818000000000
0.055725000000000
0.055271000000000
0.055787000000000
0.055783000000000
0.056660000000000
0.055648000000000
0.055359000000000
0.069108000000000
0.056031000000000
0.056011000000000
0.055636000000000
0.054660000000000
0.055600000000000
0.055952000000000
0.104738000000000
0.055698000000000
0.056014000000000
0.057235000000000
0.056676000000000
0.058591000000000
0.055363000000000
0.056362000000000
0.057821000000000
0.056301000000000
0.056251000000000
0.055703000000000
0.055709000000000
0.055193000000000
0.056158000000000
0.054955000000000
0.055176000000000
0.056562000000000
0.055626000000000
0.056301000000000
0.180095000000000
0.054803000000000
0.058384000000000
0.054853000000000
0.053942000000000
0.056462000000000
0.055117000000000
0.054750000000000
0.055541000000000
0.055829000000000
0.054543000000000
0.055307000000000
0.054444000000000
0.055791000000000
0.055209000000000
0.054086000000000
0.056078000000000
0.055160000000000
0.055641000000000
0.055378000000000
0.078843000000000
0.053880000000000
0.054797000000000
0.054667000000000
0.054923000000000
0.054981000000000
0.058579000000000
0.054603000000000
0.056769000000000
0.056163000000000
0.054666000000000
0.055764000000000
0.055652000000000
0.054883000000000
0.055602000000000
0.057242000000000
0.056039000000000
0.072309000000000
0.054899000000000
0.055083000000000
0.054374000000000
0.054868000000000
0.054377000000000
0.055868000000000
0.054176000000000
0.054794000000000
0.054975000000000
0.054642000000000
0.055014000000000
0.087970000000000
0.058421000000000
0.054239000000000
0.061450000000000
0.054216000000000
0.054489000000000
0.060018000000000
0.072599000000000
0.055469000000000
0.054794000000000
0.055274000000000
0.054961000000000
0.054517000000000
0.054628000000000
0.103730000000000
0.054725000000000
0.054639000000000
0.054931000000000
0.056117000000000
0.055492000000000
0.054644000000000
0.058481000000000
0.108269000000000
0.054628000000000
0.059906000000000
0.055526000000000
0.055088000000000
0.054779000000000
0.086768000000000
0.055014000000000
0.054340000000000
0.054964000000000
0.054722000000000
0.101866000000000
0.058062000000000
0.055281000000000
0.119613000000000
0.055420000000000
0.091729000000000
0.054385000000000
0.054764000000000
0.054524000000000
0.054983000000000
0.126339000000000
0.055295000000000
0.054944000000000
0.054762000000000
0.055146000000000
0.055296000000000
0.059830000000000
0.056219000000000
0.110550000000000
0.056813000000000
0.054609000000000
0.054982000000000
0.054558000000000
0.099551000000000
0.054137000000000
0.056197000000000
0.054808000000000
0.054463000000000
0.055293000000000
0.097192000000000
0.057707000000000
0.054404000000000
0.054168000000000
0.054828000000000
0.055103000000000
0.054692000000000
0.056559000000000
0.107506000000000
0.054581000000000
0.059366000000000
0.054720000000000
0.054684000000000
0.070745000000000
0.055031000000000
0.055736000000000
0.054947000000000
0.055232000000000
0.068581000000000
0.055981000000000
0.055753000000000
0.055200000000000
0.054675000000000
0.055422000000000
0.054157000000000
0.055805000000000
0.055203000000000
0.055613000000000
0.054885000000000
0.054290000000000
0.054255000000000
0.054255000000000
0.055171000000000
0.055221000000000
0.054842000000000
0.055661000000000
0.056544000000000
0.057431000000000
0.056485000000000
0.055178000000000
0.057397000000000
0.056305000000000
0.059646000000000
0.056365000000000
0.056028000000000
0.055151000000000
0.056080000000000
0.054520000000000
0.054832000000000
0.055074000000000
0.054947000000000
0.057332000000000
0.055846000000000
0.055386000000000
0.055715000000000
0.055758000000000
0.056398000000000
0.060083000000000
0.055327000000000
0.055224000000000
0.054878000000000
0.056249000000000
0.054915000000000
0.093860000000000
0.056184000000000
0.055844000000000
0.054677000000000
0.054029000000000
0.124682000000000
0.056270000000000
0.054629000000000
0.055104000000000
0.055903000000000
0.055447000000000
0.056021000000000
0.056958000000000
0.055892000000000
0.054436000000000
0.055668000000000
0.087354000000000
0.073262000000000
0.056187000000000
0.054014000000000
0.071578000000000
0.100273000000000
0.095534000000000
0.054812000000000
0.055714000000000
0.056066000000000
0.167841000000000
0.055532000000000
0.055374000000000
0.099414000000000
0.386330000000000
0.056149000000000
0.116614000000000
0.056707000000000
0.146557000000000
0.054190000000000
0.055673000000000
0.061210000000000
0.082338000000000
0.059342000000000
0.058544000000000
0.055931000000000
0.056936000000000
0.075781000000000
0.055740000000000
0.056375000000000
0.111616000000000
0.055982000000000
0.056386000000000
0.055805000000000
0.054377000000000
0.093288000000000
0.058687000000000
0.055277000000000
0.055946000000000
0.056792000000000
0.061950000000000
0.054936000000000
0.055445000000000
0.055759000000000
0.055284000000000
0.055486000000000
0.055415000000000
0.056030000000000
0.103982000000000
0.057460000000000
0.054793000000000
0.055817000000000
0.055777000000000
0.055608000000000
0.093621000000000
0.055112000000000
0.054066000000000
0.055823000000000
0.054984000000000
0.055146000000000
0.056276000000000
0.055598000000000
0.058686000000000
0.058151000000000
0.056035000000000
0.055201000000000
0.113092000000000
0.055014000000000
0.054969000000000
0.055093000000000
0.057019000000000
0.054651000000000
0.058319000000000
0.086246000000000
0.071055000000000
0.055201000000000
0.065480000000000
0.054922000000000
0.055406000000000
0.055495000000000
0.054917000000000
0.054585000000000
0.054753000000000
0.054212000000000
0.055103000000000
0.054843000000000
0.058177000000000
0.055740000000000
0.055351000000000
0.054936000000000
0.055075000000000
0.055700000000000
0.055545000000000
0.055153000000000
0.054708000000000
0.054661000000000
0.072109000000000
0.055589000000000
0.055036000000000
0.073263000000000
0.109635000000000
0.057174000000000
0.054875000000000
0.076824000000000
0.054785000000000
0.055823000000000
0.054439000000000
0.054620000000000
0.054846000000000
0.055339000000000
0.059828000000000
0.055337000000000
0.055512000000000
0.054486000000000
0.054370000000000
0.055496000000000
0.055072000000000
0.071554000000000
0.058495000000000
0.083591000000000
0.054808000000000
0.054507000000000
0.056342000000000
0.055052000000000
0.106740000000000
0.112031000000000
0.055789000000000
0.055417000000000
0.054424000000000
0.055947000000000
0.057740000000000
0.055428000000000
0.119419000000000
0.057266000000000
0.054197000000000
0.059092000000000
0.055286000000000
0.054870000000000
0.054664000000000
0.074958000000000
0.056479000000000
0.055751000000000
0.054595000000000
0.055674000000000
0.058380000000000
0.055939000000000
0.072989000000000
0.054787000000000
0.057398000000000
0.058149000000000
0.057577000000000
0.056619000000000
0.055195000000000
0.055552000000000
0.097262000000000
0.060037000000000
0.056113000000000
0.055684000000000
0.082166000000000
0.056491000000000
0.086385000000000
0.056029000000000
0.248048000000000
0.056146000000000
0.093129000000000
0.055429000000000
0.160897000000000
0.055854000000000
0.055346000000000
0.170872000000000
0.054906000000000
0.055129000000000
0.112187000000000
0.055735000000000
0.054767000000000
0.060613000000000
0.055378000000000
0.385794000000000
0.055866000000000
0.055615000000000
0.059030000000000
0.055146000000000
0.055780000000000
0.056222000000000
0.055449000000000
0.082854000000000
0.059609000000000
0.054617000000000
0.055658000000000
0.173534000000000
0.054941000000000
0.054919000000000
0.056337000000000
0.055233000000000
0.056277000000000
0.055920000000000
0.055738000000000
0.056657000000000
0.056844000000000
0.056777000000000
0.056618000000000
0.056336000000000
0.055757000000000
0.058184000000000
0.078793000000000
0.055592000000000
0.054369000000000
0.106329000000000
0.054582000000000
0.054210000000000
0.054779000000000
0.054540000000000
0.054182000000000
0.054489000000000
0.054890000000000
0.054131000000000
0.054547000000000
0.054335000000000
0.058730000000000
0.054503000000000
0.054626000000000
0.055473000000000
0.058186000000000
0.054406000000000
0.053999000000000
0.055235000000000
0.054973000000000
0.054512000000000
0.054165000000000
0.055248000000000
0.079639000000000
0.114705000000000
0.057072000000000
0.056109000000000
0.097321000000000
0.059489000000000
0.055118000000000
0.070770000000000
0.055698000000000
0.055044000000000
0.055414000000000
0.059353000000000
0.058964000000000
0.135544000000000
0.055839000000000
0.055856000000000
0.054831000000000
0.085831000000000
0.056507000000000
0.056037000000000
0.054726000000000
0.059998000000000
0.059268000000000
0.056030000000000
0.057233000000000
0.054995000000000
0.071095000000000
0.071040000000000
0.228241000000000
0.055982000000000
0.056304000000000
0.055853000000000
0.058315000000000
0.056349000000000
0.059451000000000
0.084254000000000
0.114068000000000
0.068960000000000
0.056352000000000
0.055931000000000
0.061400000000000
0.084290000000000
0.061466000000000
0.057245000000000
0.056352000000000
0.057167000000000
0.056161000000000
0.056724000000000
0.073233000000000
0.055535000000000
0.058519000000000
0.056631000000000
0.148953000000000
0.056364000000000
0.074193000000000
0.055722000000000
0.053820000000000
0.058618000000000
0.054560000000000
0.056801000000000
0.056849000000000
0.056196000000000
0.063382000000000
0.054856000000000
0.057171000000000
0.056380000000000
0.057935000000000
0.056436000000000
0.102010000000000
0.060292000000000
0.056392000000000
0.055673000000000
0.062686000000000
0.056237000000000
0.056290000000000
0.061603000000000
0.055592000000000
0.080200000000000
0.056889000000000
0.057282000000000
0.095374000000000
0.055805000000000
0.059429000000000
0.056452000000000
0.056752000000000
0.056208000000000
0.056408000000000
0.057425000000000
0.057155000000000
0.058495000000000
0.118025000000000
0.055940000000000
0.056731000000000
0.055756000000000
0.058199000000000
0.055275000000000
0.056401000000000
0.060535000000000
0.082052000000000
0.056711000000000
0.055603000000000
0.055543000000000
0.055814000000000
0.056018000000000
0.057694000000000
0.055616000000000
0.204227000000000
0.059897000000000
0.121381000000000
0.056155000000000
0.055867000000000
0.057848000000000
0.055666000000000
0.103286000000000
0.056032000000000
0.056586000000000
0.089454000000000
0.055916000000000
0.055230000000000
0.055568000000000
0.057064000000000
0.058859000000000
0.055572000000000
0.054785000000000
0.073333000000000
0.054507000000000
0.060716000000000
0.303523000000000
0.058214000000000
0.139601000000000
0.055167000000000
0.055253000000000
0.072191000000000
0.058394000000000
0.055640000000000
0.229853000000000
0.054668000000000
0.078658000000000
0.054671000000000
0.429520000000000
0.055322000000000
0.105061000000000
0.056623000000000
0.056436000000000
0.055834000000000
0.211997000000000
0.164409000000000
0.055695000000000
0.054785000000000
0.110857000000000
0.573899000000000
0.057574000000000
0.093563000000000
0.055298000000000
0.057731000000000
0.054747000000000
0.057816000000000
0.107586000000000
0.055693000000000
0.056229000000000
0.056961000000000
0.096610000000000
0.055132000000000
0.055407000000000
0.056559000000000
0.079298000000000
0.054801000000000
0.057573000000000
0.125294000000000
0.124873000000000
0.055414000000000
0.056400000000000
0.054882000000000
0.092525000000000
0.055010000000000
0.160067000000000
0.055426000000000
0.055372000000000
0.054174000000000
0.054463000000000
0.055320000000000
0.054566000000000
0.055141000000000
0.056369000000000
0.055999000000000
0.054482000000000
0.055330000000000
0.185199000000000
0.054958000000000
0.055734000000000
0.058033000000000
0.092743000000000
0.055328000000000
0.055035000000000
0.054830000000000
0.055953000000000
0.074427000000000
0.056857000000000
0.056651000000000
0.056073000000000
0.056598000000000
0.055946000000000
0.055510000000000
0.054957000000000
0.055624000000000
0.055250000000000
0.057292000000000
0.057009000000000
0.055307000000000
0.058835000000000
0.055552000000000
0.055465000000000
0.054835000000000
0.057515000000000
0.053929000000000
0.058214000000000
0.055620000000000
0.055918000000000
0.056231000000000
0.057374000000000
0.055730000000000
0.055085000000000
0.053732000000000
0.054666000000000
0.054892000000000
0.055667000000000
0.054858000000000
0.055348000000000
0.058216000000000
0.054247000000000
0.055117000000000
0.054757000000000
0.070828000000000
0.055036000000000
0.054526000000000
0.055749000000000
0.055185000000000
0.055669000000000
0.055011000000000
0.058398000000000
0.055429000000000
0.056137000000000
0.055962000000000
0.054666000000000
0.056542000000000
0.054783000000000
0.057613000000000
0.083115000000000
0.055590000000000
0.056702000000000
0.055205000000000
0.054478000000000
0.056674000000000
0.054072000000000
0.078118000000000
0.055724000000000
0.054797000000000
0.055918000000000
0.069621000000000
0.055699000000000
0.055675000000000
0.054815000000000
0.054343000000000
0.056172000000000
0.055209000000000
0.054463000000000
0.054864000000000
0.054062000000000
0.053974000000000
0.068420000000000
0.054182000000000
0.054313000000000
0.054552000000000
0.073979000000000
0.055003000000000
0.055335000000000
0.055422000000000
0.056475000000000
0.055513000000000
0.187942000000000
0.054075000000000
0.055805000000000
0.081455000000000
0.095234000000000
0.054959000000000
0.054954000000000
0.054507000000000
0.054576000000000
0.055936000000000
0.055915000000000
0.054953000000000
0.055883000000000
0.055521000000000
0.054154000000000
0.054621000000000
0.058917000000000
0.055267000000000
0.055602000000000
0.056335000000000
0.055017000000000
0.055284000000000
0.055692000000000
0.054288000000000
0.055665000000000
0.105960000000000
0.054817000000000
0.058234000000000
0.056767000000000
0.056032000000000
0.070500000000000
0.055237000000000
0.056088000000000
0.056274000000000
0.055197000000000
0.055308000000000
0.055362000000000
0.054603000000000
0.070201000000000
0.056692000000000
0.055466000000000
0.054221000000000
0.056356000000000
0.054697000000000
0.055445000000000
0.064046000000000
0.055403000000000
0.055002000000000
0.055950000000000
0.055559000000000
0.067843000000000
0.056590000000000
0.056153000000000
0.055884000000000
0.054884000000000
0.055282000000000
0.054823000000000
0.096072000000000
0.055114000000000
0.055119000000000
0.071536000000000
0.054343000000000
0.054620000000000
0.054808000000000
0.074250000000000
0.055879000000000
0.054828000000000
0.304345000000000
0.078943000000000
0.055532000000000
0.070905000000000
0.058085000000000
0.055890000000000
0.055794000000000
0.061070000000000
0.057638000000000
0.055177000000000
0.056566000000000
0.054894000000000
0.055807000000000
0.057113000000000
0.055165000000000
0.054767000000000
0.055618000000000
0.055863000000000
0.054883000000000
0.055908000000000
0.055373000000000
0.058093000000000
0.056033000000000
0.054454000000000
0.055173000000000
0.055414000000000
0.055157000000000
0.056065000000000
0.065334000000000
0.054820000000000
0.056295000000000
0.054435000000000
0.054929000000000
0.057675000000000
0.054848000000000
0.054931000000000
0.055227000000000
0.055187000000000
0.055819000000000
0.055955000000000
0.068676000000000
0.054792000000000
0.055790000000000
0.055165000000000
0.054351000000000
0.054312000000000
0.054282000000000
0.054243000000000
0.055309000000000
0.054871000000000
0.054833000000000
0.054660000000000
0.055288000000000
0.055321000000000
0.055528000000000
0.057156000000000
0.055068000000000
0.054966000000000
0.054340000000000
0.055693000000000
0.054273000000000
0.053874000000000
0.054470000000000
0.123241000000000
0.054259000000000
0.055005000000000
0.055787000000000
0.055086000000000
0.068692000000000
0.054708000000000
0.055864000000000
0.055474000000000
0.055732000000000
0.055112000000000
0.054519000000000
0.079807000000000
0.055866000000000
0.055850000000000
0.054562000000000
0.053803000000000
0.055449000000000
0.055257000000000
0.055040000000000
0.055201000000000
0.054763000000000
0.069477000000000
0.055191000000000
0.054955000000000
0.055399000000000
0.058995000000000
0.119390000000000
0.054978000000000
0.054978000000000
0.055419000000000
0.112659000000000
0.054587000000000
0.054943000000000
0.054363000000000
0.054463000000000
0.054491000000000
0.054613000000000
0.054338000000000
0.053979000000000
0.055205000000000
0.054444000000000
0.056252000000000
0.067544000000000
0.055948000000000
0.057841000000000
0.055031000000000
0.055648000000000
0.056126000000000
0.107110000000000
0.054711000000000
0.059337000000000
0.054622000000000
0.053829000000000
0.054848000000000
0.054106000000000
0.072595000000000
0.055304000000000
0.055765000000000
0.055792000000000
0.054934000000000
0.055409000000000
0.054942000000000
0.071680000000000
0.054975000000000
0.055293000000000
0.054864000000000
0.059713000000000
0.085452000000000
0.059269000000000
0.056401000000000
0.058434000000000
0.055937000000000
0.055145000000000
0.057356000000000
0.056027000000000
0.055223000000000
0.054848000000000
0.055805000000000
0.054762000000000
0.076232000000000
0.055412000000000
0.055394000000000
0.054779000000000
0.055225000000000
0.056864000000000
0.055259000000000
0.054771000000000
0.074935000000000
0.055744000000000
0.055059000000000
0.054696000000000
0.107573000000000
0.055408000000000
0.054767000000000
0.055490000000000
0.056350000000000
0.120583000000000
0.055773000000000
0.054864000000000
0.055772000000000
0.055504000000000
0.081732000000000
0.055537000000000
0.055456000000000
0.055265000000000
0.055550000000000
0.055750000000000
0.056577000000000
0.055248000000000
0.056347000000000
0.055102000000000
0.055481000000000
0.055666000000000
0.054890000000000
0.054950000000000
0.141003000000000
0.056161000000000
0.055084000000000
0.057122000000000
0.055905000000000
0.064657000000000
0.056171000000000
0.055690000000000
0.055510000000000
0.055300000000000
0.058550000000000
0.055980000000000
0.057765000000000
0.055555000000000
0.056627000000000
0.055540000000000
0.082438000000000
0.056326000000000
0.056054000000000
0.056070000000000
0.086964000000000
0.055346000000000
0.056357000000000
0.056032000000000
0.055514000000000
0.056076000000000
0.057872000000000
0.055949000000000
0.056380000000000
0.056447000000000
0.056319000000000
0.055730000000000
0.055264000000000
0.057410000000000
0.056659000000000
0.057717000000000
0.055428000000000
0.057451000000000
0.056655000000000
0.056350000000000
0.056576000000000
0.220046000000000
0.057130000000000
0.061385000000000
0.058157000000000
0.057162000000000
0.055966000000000
0.056862000000000
0.057266000000000
0.056081000000000
0.090746000000000
0.055807000000000
0.055938000000000
0.056593000000000
0.056650000000000
0.056146000000000
0.055604000000000
0.055821000000000
0.056452000000000
0.056115000000000
0.056397000000000
0.054449000000000
0.054108000000000
0.054831000000000
0.054121000000000
0.054784000000000
0.055337000000000
0.054383000000000
0.060413000000000
0.055001000000000
0.054949000000000
0.061757000000000
0.055361000000000
0.054561000000000
0.054459000000000
0.053856000000000
0.124841000000000
0.053895000000000
0.053727000000000
0.056424000000000
0.054051000000000
0.053415000000000
0.053819000000000
0.053955000000000
0.055683000000000
0.057111000000000
0.053374000000000
0.056808000000000
0.053273000000000
0.053322000000000
0.054637000000000
0.053106000000000
0.056415000000000
0.079963000000000
0.053545000000000
0.054486000000000
0.053109000000000
0.053035000000000
0.053705000000000
0.053082000000000
0.053857000000000
0.054672000000000
0.060269000000000
0.057776000000000
0.053191000000000
0.052877000000000
0.053348000000000
0.053547000000000
0.058829000000000
0.052926000000000
0.055143000000000
0.060270000000000
0.054471000000000
0.054774000000000
0.056474000000000
0.054241000000000
0.055458000000000
0.059018000000000
0.055305000000000
0.055316000000000
0.057894000000000
0.053375000000000
0.052889000000000
0.055647000000000
0.053087000000000
0.053553000000000
0.055211000000000
0.053756000000000
0.055785000000000
0.054345000000000
0.102801000000000
0.058318000000000
0.053506000000000
0.053396000000000
0.054271000000000
0.053904000000000
0.053595000000000
0.058214000000000
0.053337000000000
0.127745000000000
0.053722000000000
0.053016000000000
0.052712000000000
0.053272000000000
0.052905000000000
0.108356000000000
0.054360000000000
0.052678000000000
0.053436000000000
0.053700000000000
0.053266000000000
0.052752000000000
0.053164000000000
0.058820000000000
0.097983000000000
0.057400000000000
0.052883000000000
0.055381000000000
0.094308000000000
0.053273000000000
0.057457000000000
0.052556000000000
0.092435000000000
0.053102000000000
0.057394000000000
0.052391000000000
0.055492000000000
0.094736000000000
0.052636000000000
0.054494000000000
0.057349000000000
0.087090000000000
0.052517000000000
0.053033000000000
0.053101000000000
0.073110000000000
0.058455000000000
0.053438000000000
0.052638000000000
0.079642000000000
0.052414000000000
0.054020000000000
0.052796000000000
0.095032000000000
0.052760000000000
0.054701000000000
0.052657000000000
0.053114000000000
0.091191000000000
0.054272000000000
0.052418000000000
0.054168000000000
0.052379000000000
0.082023000000000
0.052674000000000
0.053304000000000
0.052588000000000
0.059133000000000
0.099189000000000
0.053287000000000
0.053907000000000
0.055555000000000
0.092834000000000
0.053275000000000
0.052560000000000
0.053053000000000
0.101014000000000
0.053215000000000
0.052961000000000
0.053812000000000
0.095891000000000
0.052474000000000
0.057508000000000
0.054020000000000
0.095756000000000
0.053093000000000
0.053196000000000
0.092806000000000
0.054117000000000
0.055375000000000
0.088790000000000
0.053033000000000
0.052626000000000
0.053723000000000
0.053450000000000
0.053003000000000
0.105109000000000
0.054058000000000
0.052766000000000
0.052978000000000
0.090029000000000
0.053758000000000
0.053997000000000
0.054637000000000
0.053594000000000
0.059772000000000
0.097932000000000
0.052594000000000
0.052516000000000
0.104589000000000
0.111819000000000
0.054505000000000
0.054180000000000
0.052990000000000
0.054853000000000
0.057131000000000
0.054272000000000
0.052556000000000
0.056122000000000
0.053180000000000
0.061195000000000
0.098486000000000
0.052609000000000
0.054049000000000
0.053818000000000
0.096425000000000
0.052636000000000
0.057751000000000
0.052960000000000
0.052591000000000
0.069923000000000
0.054937000000000
0.052801000000000
0.053995000000000
0.052653000000000
0.055972000000000
0.098149000000000
0.053106000000000
0.054866000000000
0.052787000000000
0.093307000000000
0.053133000000000
0.052740000000000
0.058105000000000
0.077921000000000
0.057136000000000
0.052737000000000
0.053636000000000
0.054034000000000
0.052628000000000
0.053458000000000
0.052945000000000
0.090041000000000
0.055463000000000
0.052686000000000
0.059792000000000
0.096767000000000
0.057875000000000
0.053408000000000
0.052736000000000
0.080161000000000
0.052919000000000
0.054322000000000
0.054659000000000
0.099119000000000
0.052706000000000
0.052719000000000
0.057737000000000
0.094856000000000
0.052404000000000
0.052943000000000
0.057459000000000
0.055164000000000
0.054082000000000
0.054183000000000
0.053214000000000
0.054087000000000
0.053817000000000
0.053918000000000
0.055156000000000
0.058820000000000
0.054473000000000
0.053206000000000
0.052462000000000
0.053044000000000
0.053122000000000
0.052911000000000
0.054293000000000
0.053176000000000
0.057217000000000
0.052986000000000
0.053371000000000
0.052847000000000
0.053019000000000
0.054787000000000
0.055096000000000
0.052524000000000
0.058834000000000
0.054302000000000
0.052803000000000
0.053199000000000
0.053415000000000
0.058582000000000
0.052798000000000
0.086865000000000
0.052982000000000
0.053373000000000
0.053397000000000
0.053750000000000
0.057694000000000
0.054083000000000
0.057004000000000
0.056880000000000
0.053552000000000
0.054139000000000
0.058468000000000
0.054037000000000
0.053917000000000
0.052813000000000
0.054509000000000
0.053261000000000
0.052705000000000
0.052833000000000
0.052474000000000
0.054342000000000
0.056543000000000
0.058411000000000
0.053852000000000
0.059614000000000
0.054913000000000
0.056381000000000
0.054042000000000
0.060086000000000
0.054288000000000
0.055143000000000
0.053661000000000
0.053696000000000
0.060126000000000
0.055211000000000
0.054775000000000
0.054084000000000
0.053512000000000
0.053429000000000
0.059206000000000
0.054172000000000
0.053624000000000
0.052959000000000
0.053360000000000
0.053252000000000
0.053586000000000
0.053185000000000
0.054614000000000
0.053295000000000
0.055644000000000
0.053305000000000
0.054137000000000
0.054298000000000
0.056861000000000
0.053872000000000
0.087402000000000
0.053287000000000
0.054089000000000
0.075094000000000
0.055050000000000
0.054102000000000
0.053275000000000
0.054315000000000
0.053164000000000
0.058604000000000
0.090976000000000
0.053665000000000
0.055641000000000
0.057500000000000
0.093990000000000
0.055318000000000
0.054894000000000
0.053830000000000
0.054055000000000
0.054189000000000
0.071342000000000
0.055845000000000
0.057720000000000
0.080885000000000
0.054270000000000
0.059410000000000
0.089970000000000
0.054713000000000
0.053915000000000
0.054361000000000
0.074634000000000
0.054170000000000
0.055165000000000
0.054116000000000
0.053938000000000
0.053625000000000
0.088745000000000
0.055021000000000
0.054014000000000
0.095051000000000
0.054518000000000
0.058111000000000
0.100176000000000
0.053510000000000
0.057466000000000
0.053862000000000
0.056422000000000
0.096399000000000
0.053985000000000
0.059058000000000
0.096466000000000
0.053365000000000
0.054549000000000
0.072434000000000
0.053492000000000
0.054229000000000
0.054645000000000
0.091430000000000
0.054858000000000
0.052717000000000
0.056997000000000
0.053353000000000
0.052901000000000
0.096825000000000
0.053359000000000
0.053398000000000
0.080395000000000
0.054280000000000
0.054447000000000
0.057066000000000
0.087328000000000
0.053085000000000
0.053926000000000
0.095471000000000
0.058022000000000
0.053009000000000
0.057779000000000
0.054257000000000
0.118638000000000
0.052776000000000
0.054172000000000
0.059236000000000
0.052847000000000
0.053681000000000
0.090486000000000
0.052660000000000
0.054600000000000
0.059021000000000
0.093491000000000
0.053223000000000
0.053716000000000
0.061079000000000
0.056528000000000
0.095257000000000
0.058819000000000
0.053221000000000
0.090533000000000
0.052499000000000
0.054559000000000
0.054476000000000
0.083041000000000
0.054426000000000
0.053938000000000
0.077708000000000
0.053198000000000
0.053683000000000
0.092239000000000
0.053114000000000
0.052472000000000
0.054645000000000
0.096651000000000
0.052698000000000
0.052768000000000
0.052603000000000
0.052930000000000
0.098900000000000
0.053927000000000
0.052813000000000
0.052610000000000
0.053055000000000
0.096475000000000
0.054441000000000
0.054631000000000
0.095424000000000
0.053680000000000
0.054968000000000
0.052967000000000
0.088109000000000
0.053350000000000
0.054901000000000
0.059125000000000
0.090146000000000
0.053277000000000
0.053891000000000
0.059707000000000
0.053114000000000
0.090114000000000
0.053317000000000
0.053607000000000
0.095269000000000
0.055311000000000
0.053077000000000
0.059332000000000
0.054180000000000
0.122124000000000
0.053347000000000
0.053407000000000
0.055106000000000
0.053141000000000
0.092382000000000
0.057309000000000
0.053339000000000
0.098416000000000
0.054313000000000
0.053277000000000
0.054923000000000
0.079409000000000
0.053209000000000
0.053632000000000
0.094393000000000
0.059061000000000
0.058907000000000
0.053866000000000
0.074684000000000
0.057474000000000
0.053997000000000
0.057678000000000
0.096462000000000
0.053633000000000
0.053357000000000
0.055317000000000
0.054335000000000
0.053601000000000
0.054551000000000
0.096490000000000
0.053788000000000
0.053790000000000
0.053854000000000
0.091456000000000
0.054543000000000
0.054767000000000
0.053253000000000
0.096878000000000
0.055142000000000
0.054391000000000
0.073212000000000
0.055347000000000
0.053749000000000
0.053639000000000
0.092340000000000
0.054622000000000
0.058548000000000
0.054863000000000
0.093235000000000
0.053425000000000
0.053514000000000
0.053291000000000
0.072050000000000
0.054595000000000
0.053100000000000
0.053701000000000
0.099878000000000
0.053539000000000
0.054376000000000
0.054307000000000
0.096251000000000
0.054750000000000
0.055397000000000
0.054748000000000
0.053661000000000
0.088177000000000
0.057365000000000
0.058104000000000
0.055675000000000
0.093630000000000
0.053929000000000
0.054263000000000
0.055097000000000
0.052880000000000
0.057292000000000
0.097225000000000
0.053058000000000
0.054828000000000
0.074678000000000
0.053106000000000
0.058386000000000
0.052758000000000
0.052618000000000
0.052875000000000
0.091538000000000
0.055040000000000
0.058181000000000
0.098238000000000
0.053413000000000
0.053143000000000
0.056828000000000
0.057324000000000
0.092049000000000
0.053209000000000
0.054305000000000
0.056769000000000
0.095675000000000
0.053480000000000
0.054617000000000
0.122201000000000
0.054177000000000
0.053497000000000
0.057359000000000
0.098758000000000
0.053641000000000
0.053947000000000
0.091124000000000
0.054036000000000
0.058042000000000
0.052300000000000
0.054589000000000
0.058281000000000
0.054237000000000
0.054548000000000
0.053431000000000
0.054361000000000
0.054654000000000
0.052065000000000
0.053842000000000
0.053464000000000
0.053675000000000
0.057902000000000
0.053713000000000
0.053846000000000
0.053096000000000
0.053334000000000
0.057346000000000
0.053366000000000
0.053634000000000
0.053914000000000
0.060361000000000
0.053188000000000
0.085066000000000
0.054286000000000
0.053525000000000
0.054422000000000
0.099169000000000
0.056412000000000
0.054308000000000
0.053059000000000
0.099262000000000
0.061004000000000
0.057494000000000
0.054800000000000
0.091077000000000
0.058331000000000
0.053879000000000
0.058587000000000
0.058250000000000
0.096115000000000
0.053485000000000
0.053137000000000
0.058213000000000
0.053045000000000
0.053621000000000
0.057593000000000
0.092138000000000
0.052913000000000
0.057822000000000
0.054606000000000
0.098840000000000
0.054811000000000
0.052957000000000
0.054285000000000
0.053709000000000
0.090318000000000
0.054590000000000
0.053342000000000
0.053571000000000
0.096625000000000
0.053862000000000
0.056576000000000
0.055472000000000
0.092718000000000
0.054636000000000
0.053958000000000
0.053881000000000
0.093607000000000
0.055384000000000
0.055611000000000
0.054204000000000
0.100490000000000
0.053871000000000
0.054219000000000
0.094498000000000
0.054280000000000
0.054501000000000
0.099984000000000
0.056009000000000
0.053465000000000
0.059565000000000
0.095572000000000
0.060290000000000
0.054287000000000
0.054934000000000
0.059770000000000
0.053623000000000
0.053599000000000
0.054681000000000
0.090015000000000
0.055213000000000
0.054002000000000
0.054306000000000
0.112378000000000
0.053688000000000
0.054019000000000
0.096608000000000
0.054637000000000
0.053434000000000
0.053821000000000
0.055146000000000
0.095649000000000
0.054184000000000
0.052908000000000
0.092504000000000
0.055140000000000
0.052980000000000
0.053342000000000
0.067645000000000
0.054241000000000
0.052924000000000
0.091748000000000
0.053748000000000
0.055686000000000
0.094077000000000
0.053890000000000
0.074264000000000
0.073130000000000
0.062058000000000
0.053681000000000
0.053747000000000
0.054291000000000
0.054550000000000
0.053127000000000
0.057684000000000
0.054038000000000
0.053113000000000
0.053868000000000
0.053843000000000
0.053120000000000
0.054758000000000
0.057830000000000
0.053871000000000
0.060676000000000
0.097048000000000
0.053256000000000
0.060519000000000
0.058311000000000
0.053053000000000
0.053692000000000
0.075703000000000
0.055842000000000
0.053660000000000
0.059695000000000
0.053979000000000
0.053176000000000
0.099429000000000
0.056364000000000
0.053124000000000
0.053567000000000
0.090927000000000
0.053513000000000
0.052561000000000
0.092529000000000
0.053131000000000
0.093352000000000
0.053904000000000
0.052985000000000
0.055044000000000
0.055338000000000
0.059156000000000
0.098542000000000
0.053539000000000
0.059578000000000
0.093340000000000
0.053307000000000
0.054119000000000
0.089233000000000
0.053075000000000
0.058414000000000
0.055024000000000
0.055424000000000
0.093913000000000
0.053694000000000
0.053823000000000
0.053479000000000
0.054206000000000
0.057256000000000
0.055029000000000
0.096990000000000
0.053615000000000
0.053968000000000
0.058861000000000
0.096225000000000
0.053315000000000
0.053529000000000
0.101382000000000
0.053043000000000
0.053765000000000
0.053318000000000
0.091415000000000
0.055050000000000
0.053300000000000
0.055538000000000
0.053885000000000
0.059460000000000
0.095832000000000
0.053248000000000
0.053543000000000
0.055048000000000
0.095345000000000
0.054614000000000
0.091621000000000
0.092147000000000
0.057630000000000
0.053245000000000
0.095126000000000
0.055979000000000
0.054043000000000
0.053455000000000
0.096412000000000
0.053693000000000
0.055572000000000
0.090729000000000
0.058319000000000
0.053694000000000
0.098709000000000
0.053561000000000
0.062513000000000
0.054349000000000
0.096238000000000
0.053363000000000
0.053629000000000
0.097921000000000
0.053246000000000
0.055237000000000
0.098799000000000
0.053749000000000
0.058656000000000
0.053448000000000
0.099117000000000
0.054923000000000
0.057245000000000
0.099354000000000
0.053610000000000
0.053460000000000
0.094055000000000
0.053472000000000
0.052950000000000
0.055223000000000
0.093338000000000
0.053465000000000
0.053611000000000
0.078639000000000
0.053785000000000
0.054475000000000
0.123111000000000
0.059883000000000
0.053939000000000
0.053357000000000
0.053112000000000
0.054306000000000
0.053059000000000
0.054900000000000
0.053488000000000
0.052815000000000
0.054469000000000
0.054393000000000
0.053569000000000
0.053864000000000
0.053617000000000
0.091635000000000
0.052909000000000
0.052967000000000
0.096382000000000
0.054429000000000
0.053272000000000
0.114497000000000
0.054230000000000
0.054920000000000
0.095338000000000
0.054483000000000
0.058804000000000
0.053491000000000
0.074804000000000
0.052895000000000
0.056575000000000
0.053134000000000
0.093116000000000
0.053997000000000
0.055267000000000
0.052828000000000
0.092846000000000
0.056729000000000
0.053904000000000
0.086331000000000
0.058532000000000
0.054717000000000
0.073905000000000
0.052752000000000
0.052865000000000
0.052963000000000
0.058255000000000
0.100237000000000
0.053520000000000
0.054370000000000
0.057622000000000
0.092610000000000
0.054833000000000
0.052796000000000
0.092804000000000
0.054179000000000
0.059334000000000
0.054464000000000
0.058741000000000
0.053473000000000
0.096186000000000
0.052998000000000
0.053293000000000
0.089423000000000
0.056855000000000
0.052993000000000
0.053416000000000
0.086992000000000
0.052758000000000
0.053322000000000
0.096601000000000
0.052878000000000
0.053731000000000
0.093202000000000
0.054024000000000
0.058446000000000
0.094499000000000
0.057667000000000
0.054487000000000
0.094202000000000
0.054339000000000
0.052932000000000
0.053415000000000
0.089407000000000
0.052996000000000
0.056208000000000
0.097238000000000
0.053383000000000
0.054145000000000
0.054478000000000
0.088337000000000
0.053118000000000
0.053198000000000
0.053027000000000
0.097226000000000
0.053450000000000
0.054102000000000
0.088684000000000
0.053579000000000
0.053673000000000
0.053324000000000
0.057890000000000
0.053858000000000
0.096718000000000
0.054152000000000
0.052809000000000
0.058861000000000
0.095821000000000
0.058921000000000
0.053471000000000
0.055491000000000
0.054396000000000
0.093135000000000
0.053911000000000
0.054028000000000
0.099127000000000
0.054370000000000
0.053345000000000
0.055401000000000
0.097541000000000
0.053315000000000
0.053279000000000
0.089525000000000
0.058771000000000
0.053234000000000
0.052946000000000
0.102533000000000
0.053247000000000
0.054975000000000
0.060500000000000
0.083014000000000
0.056142000000000
0.054463000000000
0.086999000000000
0.053387000000000
0.053668000000000
0.053034000000000
0.054264000000000
0.070491000000000
0.052802000000000
0.053025000000000
0.058457000000000
0.099688000000000
0.057314000000000
0.053549000000000
0.052731000000000
0.054958000000000
0.095667000000000
0.055162000000000
0.054720000000000
0.053250000000000
0.090970000000000
0.054706000000000
0.052804000000000
0.078187000000000
0.053275000000000
0.054161000000000
0.090326000000000
0.056379000000000
0.054355000000000
0.096116000000000
0.053619000000000
0.052941000000000
0.094691000000000
0.052787000000000
0.053091000000000
0.097426000000000
0.052767000000000
0.054815000000000
0.055408000000000
0.095985000000000
0.052837000000000
0.054359000000000
0.058515000000000
0.093459000000000
0.058280000000000
0.053230000000000
0.053021000000000
0.075737000000000
0.054460000000000
0.058632000000000
0.053253000000000
0.096580000000000
0.053161000000000
0.054542000000000
0.058723000000000
0.091620000000000
0.053147000000000
0.054167000000000
0.055466000000000
0.090765000000000
0.054347000000000
0.053395000000000
0.085397000000000
0.053057000000000
0.053663000000000
0.053692000000000
0.097610000000000
0.053700000000000
0.059213000000000
0.099852000000000
0.054978000000000
0.053171000000000
0.080189000000000
0.053991000000000
0.057962000000000
0.053126000000000
0.093438000000000
0.054561000000000
0.058837000000000
0.054528000000000
0.053356000000000
0.056276000000000
0.097153000000000
0.061311000000000
0.054517000000000
0.098176000000000
0.058825000000000
0.053682000000000
0.053641000000000
0.094163000000000
0.055042000000000
0.053023000000000
0.097200000000000
0.054043000000000
0.052834000000000
0.077234000000000
0.053002000000000
0.054678000000000
0.053210000000000
0.095416000000000
0.054656000000000
0.054117000000000
0.053405000000000
0.099843000000000
0.055010000000000
0.052976000000000
0.054145000000000
0.093839000000000
0.053964000000000
0.057796000000000
0.054202000000000
0.093415000000000
0.053430000000000
0.053068000000000
0.053164000000000
0.056285000000000
0.090720000000000
0.054015000000000
0.053670000000000
0.096847000000000
0.053794000000000
0.058022000000000
0.054139000000000
0.092456000000000
0.056133000000000
0.057226000000000
0.057016000000000
0.091994000000000
0.053040000000000
0.053941000000000
0.092682000000000
0.052880000000000
0.055657000000000
0.054582000000000
0.132340000000000
0.053337000000000
0.052643000000000
0.053287000000000
0.095872000000000
0.053525000000000
0.056210000000000
0.099404000000000
0.055599000000000
0.053125000000000
0.053198000000000
0.053475000000000
0.053270000000000
0.054671000000000
0.100426000000000
0.053175000000000
0.052931000000000
0.093715000000000
0.052902000000000
0.053138000000000
0.089699000000000
0.053476000000000
0.053707000000000
0.053061000000000
0.054610000000000
0.057144000000000
0.058958000000000
0.052663000000000
0.091582000000000
0.053970000000000
0.057754000000000
0.053141000000000
0.076485000000000
0.057181000000000
0.057359000000000
0.088783000000000
0.054959000000000
0.054234000000000
0.096991000000000
0.058626000000000
0.055351000000000
0.089953000000000
0.052979000000000
0.053196000000000
0.052528000000000
0.095453000000000
0.054169000000000
0.053054000000000
0.054501000000000
0.054777000000000
0.167220000000000
0.053508000000000
0.054104000000000
0.058176000000000
0.054027000000000
0.057942000000000
0.079717000000000
0.059472000000000
0.053976000000000
0.054505000000000
0.096675000000000
0.109031000000000
0.053945000000000
0.073673000000000
0.052944000000000
0.053473000000000
0.058482000000000
0.097314000000000
0.053110000000000
0.053062000000000
0.094338000000000
0.053616000000000
0.057805000000000
0.098752000000000
0.053719000000000
0.053638000000000
0.058501000000000
0.074811000000000
0.052971000000000
0.057208000000000
0.083009000000000
0.054890000000000
0.053117000000000
0.125539000000000
0.105742000000000
0.054581000000000
0.053380000000000
0.092973000000000
0.052899000000000
0.054060000000000
0.088802000000000
0.054424000000000
0.055057000000000
0.099121000000000
0.057727000000000
0.052808000000000
0.052538000000000
0.097372000000000
0.053432000000000
0.054918000000000
0.054067000000000
0.052918000000000
0.100321000000000
0.057751000000000
0.060002000000000
0.096211000000000
0.054701000000000
0.054504000000000
0.055088000000000
0.088966000000000
0.053498000000000
0.052858000000000
0.053357000000000
0.098683000000000
0.055442000000000
0.055094000000000
0.053933000000000
0.082696000000000
0.054141000000000
0.053990000000000
0.059676000000000
0.079024000000000
0.053473000000000
0.053190000000000
0.093780000000000
0.057434000000000
0.059556000000000
0.057954000000000
0.054661000000000
0.053887000000000
0.053155000000000
0.072362000000000
0.058709000000000
0.058549000000000
0.072813000000000
0.054860000000000
0.053324000000000
0.055119000000000
0.097720000000000
0.053052000000000
0.054703000000000
0.053176000000000
0.068088000000000
0.078897000000000
0.054859000000000
0.053020000000000
0.058770000000000
0.101680000000000
0.059145000000000
0.061436000000000
0.077674000000000
0.052928000000000
0.054967000000000
0.055664000000000
0.059876000000000
0.054872000000000
0.093355000000000
0.052840000000000
0.053352000000000
0.095420000000000
0.054197000000000
0.053542000000000
0.090432000000000
0.053135000000000
0.054819000000000
0.093208000000000
0.054776000000000
0.053484000000000
0.052999000000000
0.094551000000000
0.052902000000000
0.053916000000000
0.100061000000000
0.097858000000000
0.058300000000000
0.054278000000000
0.098614000000000
0.052926000000000
0.053009000000000
0.054855000000000
0.091189000000000
0.053565000000000
0.058183000000000
0.089996000000000
0.052981000000000
0.058217000000000
0.057160000000000
0.097695000000000
0.058084000000000
0.057071000000000
0.090098000000000
0.054072000000000
0.053909000000000
0.054826000000000
0.096639000000000
0.053908000000000
0.053607000000000
0.053524000000000
0.093370000000000
0.053351000000000
0.052912000000000
0.076888000000000
0.053370000000000
0.087796000000000
0.097832000000000
0.053501000000000
0.058050000000000
0.053102000000000
0.088443000000000
0.054863000000000
0.056689000000000
0.253691000000000
0.056755000000000
0.056360000000000
0.068817000000000
0.053703000000000
0.054390000000000
0.055133000000000
0.056872000000000
0.056122000000000
0.053654000000000
0.131911000000000
0.058640000000000
0.054934000000000
0.054493000000000
0.053714000000000
0.054711000000000
0.054504000000000
0.054071000000000
0.054829000000000
0.054386000000000
0.059094000000000
0.053668000000000
0.053068000000000
0.053062000000000
0.053260000000000
0.053677000000000
0.053051000000000
0.054069000000000
0.053089000000000
0.053326000000000
0.054332000000000
0.055286000000000
0.054342000000000
0.054128000000000
0.053801000000000
0.053143000000000
0.059025000000000
0.053512000000000
0.054885000000000
0.053634000000000
0.053089000000000
0.053368000000000
0.057397000000000
0.054596000000000
0.053082000000000
0.053871000000000
0.054009000000000
0.054292000000000
0.057498000000000
0.054089000000000
0.054124000000000
0.055694000000000
0.056376000000000
0.059759000000000
0.055103000000000
0.053693000000000
0.053575000000000
0.053632000000000
0.053406000000000
0.054490000000000
0.053264000000000
0.053354000000000
0.053147000000000
0.054909000000000
0.053471000000000
0.053076000000000
0.053870000000000
0.053247000000000
0.053514000000000
0.054264000000000
0.058950000000000
0.053758000000000
0.054318000000000
0.054010000000000
0.054685000000000
0.055594000000000
0.053284000000000
0.054972000000000
0.053420000000000
0.059579000000000
0.053426000000000
0.059596000000000
0.054049000000000
0.053971000000000
0.055681000000000
0.054488000000000
0.053427000000000
0.054441000000000
0.059181000000000
0.053630000000000
0.053782000000000
0.053957000000000
0.054225000000000
0.053724000000000
0.055059000000000
0.055015000000000
0.053881000000000
0.057698000000000
0.054669000000000
0.054707000000000
0.053329000000000
0.054874000000000
0.054950000000000
0.054235000000000
0.055686000000000
0.095045000000000
0.053580000000000
0.053161000000000
0.055419000000000
0.077334000000000
0.053437000000000
0.053739000000000
0.098231000000000
0.054976000000000
0.053795000000000
0.055032000000000
0.058190000000000
0.088926000000000
0.053521000000000
0.057516000000000
0.055275000000000
0.091206000000000
0.054075000000000
0.058232000000000
0.100509000000000
0.054277000000000
0.053054000000000
0.054692000000000
0.093618000000000
0.104716000000000
0.055310000000000
0.057129000000000
0.091950000000000
0.054161000000000
0.054018000000000
0.091959000000000
0.054623000000000
0.057175000000000
0.053748000000000
0.059153000000000
0.058836000000000
0.054722000000000
0.054513000000000
0.055425000000000
0.088472000000000
0.053612000000000
0.053584000000000
0.116461000000000
0.095474000000000
0.053749000000000
0.058794000000000
0.100382000000000
0.053626000000000
0.053855000000000
0.055381000000000
0.079970000000000
0.055804000000000
0.053667000000000
0.054819000000000
0.092400000000000
0.055905000000000
0.053733000000000
0.054763000000000
0.093999000000000
0.053360000000000
0.054558000000000
0.095289000000000
0.053598000000000
0.053654000000000
0.093674000000000
0.056227000000000
0.053928000000000
0.066439000000000
0.053592000000000
0.053684000000000
0.090437000000000
0.053644000000000
0.055362000000000
0.098053000000000
0.058336000000000
0.053675000000000
0.057980000000000
0.096363000000000
0.053628000000000
0.056313000000000
0.099998000000000
0.058481000000000
0.056476000000000
0.090434000000000
0.053693000000000
0.054432000000000
0.059015000000000
0.090227000000000
0.053828000000000
0.053792000000000
0.088491000000000
0.054146000000000
0.053502000000000
0.055735000000000
0.094726000000000
0.053530000000000
0.053587000000000
0.100961000000000
0.053518000000000
0.053372000000000
0.053799000000000
0.117708000000000
0.053790000000000
0.054099000000000
0.055845000000000
0.098391000000000
0.058315000000000
0.054655000000000
0.059021000000000
0.096602000000000
0.053914000000000
0.053911000000000
0.054114000000000
0.098928000000000
0.053512000000000
0.053655000000000
0.055207000000000
0.096978000000000
0.053692000000000
0.055730000000000
0.091596000000000
0.054752000000000
0.054683000000000
0.058104000000000
0.092964000000000
0.053977000000000
0.056118000000000
0.053595000000000
0.095838000000000
0.053922000000000
0.056015000000000
0.098825000000000
0.057690000000000
0.054008000000000
0.095736000000000
0.053552000000000
0.053926000000000
0.093521000000000
0.059153000000000
0.054559000000000
0.092572000000000
0.053763000000000
0.054131000000000
0.060790000000000
0.096034000000000
0.053764000000000
0.054006000000000
0.098318000000000
0.058476000000000
0.054328000000000
0.054187000000000
0.094045000000000
0.053603000000000
0.053864000000000
0.100348000000000
0.053265000000000
0.053567000000000
0.096559000000000
0.056525000000000
0.054075000000000
0.097040000000000
0.054585000000000
0.055526000000000
0.098135000000000
0.053552000000000
0.058520000000000
0.053674000000000
0.088884000000000
0.059887000000000
0.056118000000000
0.088766000000000
0.055235000000000
0.054642000000000
0.092144000000000
0.054202000000000
0.097548000000000
0.053805000000000
0.054508000000000
0.096543000000000
0.055716000000000
0.094953000000000
0.058188000000000
0.053905000000000
0.101075000000000
0.055976000000000
0.058763000000000
0.098541000000000
0.055850000000000
0.059720000000000
0.053986000000000
0.053711000000000
0.096349000000000
0.053559000000000
0.054134000000000
0.090850000000000
0.055378000000000
0.054860000000000
0.099803000000000
0.055137000000000
0.055339000000000
0.053822000000000
0.101247000000000
0.058253000000000
0.063705000000000
0.095285000000000
0.059619000000000
0.054828000000000
0.053690000000000
0.054416000000000
0.096217000000000
0.055046000000000
0.075552000000000
0.054195000000000
0.054455000000000
0.091276000000000
0.054606000000000
0.054060000000000
0.097755000000000
0.057994000000000
0.054356000000000
0.098410000000000
0.056045000000000
0.056671000000000
0.096884000000000
0.053767000000000
0.053836000000000
0.089239000000000
0.054272000000000
0.054097000000000
0.054194000000000
0.092589000000000
0.053833000000000
0.053592000000000
0.090233000000000
0.058735000000000
0.053670000000000
0.097418000000000
0.053956000000000
0.055479000000000
0.053684000000000
0.059174000000000
0.090020000000000
0.054600000000000
0.053889000000000
0.053593000000000
0.099900000000000
0.054032000000000
0.053902000000000
0.094984000000000
0.055230000000000
0.053940000000000
0.054410000000000
0.053780000000000
0.102930000000000
0.053679000000000
0.054847000000000
0.102438000000000
0.058709000000000
0.054304000000000
0.102131000000000
0.053421000000000
0.057830000000000
0.092057000000000
0.053200000000000
0.053549000000000
0.057867000000000
0.055300000000000
0.092207000000000
0.054178000000000
0.053546000000000
0.097449000000000
0.053106000000000
0.090560000000000
0.058528000000000
0.053721000000000
0.100496000000000
0.054007000000000
0.054062000000000
0.053930000000000
0.053657000000000
0.089792000000000
0.053874000000000
0.058145000000000
0.054740000000000
0.098284000000000
0.058294000000000
0.053868000000000
0.093500000000000
0.054353000000000
0.053984000000000
0.090198000000000
0.053756000000000
0.058955000000000
0.093576000000000
0.054533000000000
0.053479000000000
0.058296000000000
0.097714000000000
0.055519000000000
0.055270000000000
0.091466000000000
0.054695000000000
0.053631000000000
0.058011000000000
0.097859000000000
0.053962000000000
0.054337000000000
0.053795000000000
0.084986000000000
0.056944000000000
0.056378000000000
0.094187000000000
0.054815000000000
0.053508000000000
0.094368000000000
0.053404000000000
0.053672000000000
0.053573000000000
0.095997000000000
0.054041000000000
0.054468000000000
0.088312000000000
0.054258000000000
0.054020000000000
0.091754000000000
0.053760000000000
0.053750000000000
0.091629000000000
0.059303000000000
0.054075000000000
0.090608000000000
0.054124000000000
0.057175000000000
0.100790000000000
0.054239000000000
0.055694000000000
0.053663000000000
0.053672000000000
0.100793000000000
0.053697000000000
0.053622000000000
0.054377000000000
0.098416000000000
0.053600000000000
0.054065000000000
0.091792000000000
0.053440000000000
0.053818000000000
0.096773000000000
0.087488000000000
0.053954000000000
0.095860000000000
0.053652000000000
0.053509000000000
0.057943000000000
0.090667000000000
0.055013000000000
0.054675000000000
0.054207000000000
0.054737000000000
0.098641000000000
0.053957000000000
0.054016000000000
0.056381000000000
0.094544000000000
0.053868000000000
0.056733000000000
0.098593000000000
0.054345000000000
0.054255000000000
0.059225000000000
0.092786000000000
0.053558000000000
0.054341000000000
0.053616000000000
0.105232000000000
0.053927000000000
0.053271000000000
0.092607000000000
0.059863000000000
0.053891000000000
0.053654000000000
0.095384000000000
0.053400000000000
0.091683000000000
0.053867000000000
0.053541000000000
0.095393000000000
0.058271000000000
0.086117000000000
0.054596000000000
0.054147000000000
0.053589000000000
0.052990000000000
0.097884000000000
0.054811000000000
0.054169000000000
0.093178000000000
0.054517000000000
0.097152000000000
0.100257000000000
0.053458000000000
0.053820000000000
0.053567000000000
0.094846000000000
0.059197000000000
0.053557000000000
0.055181000000000
0.091902000000000
0.054470000000000
0.074129000000000
0.057757000000000
0.053545000000000
0.053371000000000
0.096257000000000
0.053179000000000
0.057876000000000
0.096147000000000
0.053451000000000
0.058970000000000
0.092069000000000
0.053615000000000
0.058609000000000
0.092157000000000
0.059034000000000
0.053666000000000
0.053789000000000
0.096945000000000
0.058962000000000
0.054086000000000
0.056449000000000
0.053588000000000
0.096612000000000
0.054246000000000
0.053281000000000
0.054421000000000
0.096438000000000
0.053254000000000
0.053345000000000
0.054325000000000
0.091456000000000
0.053589000000000
0.056009000000000
0.059262000000000
0.091445000000000
0.054820000000000
0.058111000000000
0.092208000000000
0.053655000000000
0.058421000000000
0.055629000000000
0.092632000000000
0.053658000000000
0.058584000000000
0.057840000000000
0.094269000000000
0.054385000000000
0.055185000000000
0.055259000000000
0.053554000000000
0.053940000000000
0.054394000000000
0.059326000000000
0.054751000000000
0.053134000000000
0.053394000000000
0.053781000000000
0.055773000000000
0.053527000000000
0.053734000000000
0.058364000000000
0.088337000000000
0.054698000000000
0.053896000000000
0.093343000000000
0.053702000000000
0.053842000000000
0.098975000000000
0.055490000000000
0.053399000000000
0.100379000000000
0.054119000000000
0.059802000000000
0.088758000000000
