0.000805000000000
0.000749000000000
0.000797000000000
0.000782000000000
0.000807000000000
0.001761000000000
0.001169000000000
0.000919000000000
0.000861000000000
0.001017000000000
0.000787000000000
0.000866000000000
0.000760000000000
0.001172000000000
0.000766000000000
0.000779000000000
0.001177000000000
0.000797000000000
0.001133000000000
0.000863000000000
0.000880000000000
0.000885000000000
0.000972000000000
0.000953000000000
0.000801000000000
0.000961000000000
0.000912000000000
0.000842000000000
0.000852000000000
0.000819000000000
0.000858000000000
0.000872000000000
0.000793000000000
0.000976000000000
0.000799000000000
0.000775000000000
0.000866000000000
0.000872000000000
0.000833000000000
0.000847000000000
0.000901000000000
0.001018000000000
0.000929000000000
0.001242000000000
0.000871000000000
0.001214000000000
0.000848000000000
0.000829000000000
0.000836000000000
0.000834000000000
0.000898000000000
0.000942000000000
0.001051000000000
0.001013000000000
0.000842000000000
0.000892000000000
0.000834000000000
0.000798000000000
0.000827000000000
0.000864000000000
0.000790000000000
0.000859000000000
0.000853000000000
0.000892000000000
0.001175000000000
0.000908000000000
0.000890000000000
0.001326000000000
0.001050000000000
0.000771000000000
0.000924000000000
0.000879000000000
0.000853000000000
0.001217000000000
0.000935000000000
0.000821000000000
0.000805000000000
0.000855000000000
0.000835000000000
0.000883000000000
0.002253000000000
0.000980000000000
0.000851000000000
0.001206000000000
0.000848000000000
0.001225000000000
0.000839000000000
0.000843000000000
0.000950000000000
0.001222000000000
0.000865000000000
0.000856000000000
0.000833000000000
0.000880000000000
0.001264000000000
0.000875000000000
0.000858000000000
0.001172000000000
0.000802000000000
0.000822000000000
0.000906000000000
0.000867000000000
0.001321000000000
0.000845000000000
0.000940000000000
0.000864000000000
0.000948000000000
0.000792000000000
0.000859000000000
0.001076000000000
0.001051000000000
0.000794000000000
0.000876000000000
0.000834000000000
0.002580000000000
0.000815000000000
0.000829000000000
0.000866000000000
0.000804000000000
0.000822000000000
0.000820000000000
0.002025000000000
0.000851000000000
0.000809000000000
0.000860000000000
0.000858000000000
0.000857000000000
0.001722000000000
0.001530000000000
0.000840000000000
0.000864000000000
0.001040000000000
0.000963000000000
0.000862000000000
0.000830000000000
0.000942000000000
0.001131000000000
0.000855000000000
0.000869000000000
0.001042000000000
0.000794000000000
0.000833000000000
0.001208000000000
0.000837000000000
0.000981000000000
0.001871000000000
0.000860000000000
0.001364000000000
0.000845000000000
0.001038000000000
0.000843000000000
0.000935000000000
0.001009000000000
0.001059000000000
0.000827000000000
0.001105000000000
0.001835000000000
0.000868000000000
0.000794000000000
0.000838000000000
0.000921000000000
0.000830000000000
0.000849000000000
0.000831000000000
0.000942000000000
0.000936000000000
0.002255000000000
0.000812000000000
0.001065000000000
0.001723000000000
0.000890000000000
0.001511000000000
0.000851000000000
0.000900000000000
0.002228000000000
0.000867000000000
0.000914000000000
0.000914000000000
0.001903000000000
0.000843000000000
0.000813000000000
0.000879000000000
0.000898000000000
0.002135000000000
0.001035000000000
0.002265000000000
0.000841000000000
0.000860000000000
0.000833000000000
0.000991000000000
0.000957000000000
0.001030000000000
0.000830000000000
0.000859000000000
0.001010000000000
0.000850000000000
0.000893000000000
0.000838000000000
0.000875000000000
0.000848000000000
0.002378000000000
0.001046000000000
0.001081000000000
0.000901000000000
0.000836000000000
0.000801000000000
0.001114000000000
0.000853000000000
0.001572000000000
0.000863000000000
0.000838000000000
0.000802000000000
0.000834000000000
0.000836000000000
0.000859000000000
0.000855000000000
0.000915000000000
0.002120000000000
0.000906000000000
0.000856000000000
0.001203000000000
0.000837000000000
0.000807000000000
0.000914000000000
0.001174000000000
0.000866000000000
0.000966000000000
0.001145000000000
0.000836000000000
0.000955000000000
0.001037000000000
0.002167000000000
0.001154000000000
0.000859000000000
0.001228000000000
0.000856000000000
0.000843000000000
0.002867000000000
0.001169000000000
0.001154000000000
0.001100000000000
0.000864000000000
0.000851000000000
0.001237000000000
0.000915000000000
0.000901000000000
0.000857000000000
0.000988000000000
0.000923000000000
0.000762000000000
0.000798000000000
0.001512000000000
0.001744000000000
0.000872000000000
0.001302000000000
0.000904000000000
0.001022000000000
0.000869000000000
0.000850000000000
0.002870000000000
0.000986000000000
0.000859000000000
0.000799000000000
0.000822000000000
0.000791000000000
0.000853000000000
0.001154000000000
0.001001000000000
0.000888000000000
0.001208000000000
0.000757000000000
0.000847000000000
0.001003000000000
0.001458000000000
0.001403000000000
0.001276000000000
0.000857000000000
0.000758000000000
0.000863000000000
0.000804000000000
0.000975000000000
0.002174000000000
0.001020000000000
0.000936000000000
0.000848000000000
0.000895000000000
0.000857000000000
0.000829000000000
0.001083000000000
0.000832000000000
0.000778000000000
0.000801000000000
0.000805000000000
0.000857000000000
0.002283000000000
0.000804000000000
0.000855000000000
0.000839000000000
0.001191000000000
0.000838000000000
0.000812000000000
0.000845000000000
0.000836000000000
0.000814000000000
0.000962000000000
0.000913000000000
0.001926000000000
0.000854000000000
0.001465000000000
0.001012000000000
0.001734000000000
0.000767000000000
0.000802000000000
0.000862000000000
0.001269000000000
0.000848000000000
0.001104000000000
0.000815000000000
0.000988000000000
0.002214000000000
0.002233000000000
0.001620000000000
0.000832000000000
0.000855000000000
0.001107000000000
0.000849000000000
0.000874000000000
0.000810000000000
0.000853000000000
0.001028000000000
0.000791000000000
0.000820000000000
0.000848000000000
0.000843000000000
0.000831000000000
0.000828000000000
0.000872000000000
0.000875000000000
0.002179000000000
0.000853000000000
0.000863000000000
0.000897000000000
0.000877000000000
0.000840000000000
0.000805000000000
0.002211000000000
0.001637000000000
0.000833000000000
0.000874000000000
0.001950000000000
0.000766000000000
0.000805000000000
0.000855000000000
0.000839000000000
0.000829000000000
0.000890000000000
0.000853000000000
0.000885000000000
0.002091000000000
0.000761000000000
0.001395000000000
0.001976000000000
0.000846000000000
0.000811000000000
0.000838000000000
0.000841000000000
0.001268000000000
0.000817000000000
0.000788000000000
0.001206000000000
0.000863000000000
0.001043000000000
0.001022000000000
0.000805000000000
0.000835000000000
0.000865000000000
0.000844000000000
0.000851000000000
0.000864000000000
0.000804000000000
0.000894000000000
0.001374000000000
0.000764000000000
0.000853000000000
0.000832000000000
0.000866000000000
0.000848000000000
0.000845000000000
0.000899000000000
0.000810000000000
0.000985000000000
0.001861000000000
0.000768000000000
0.000860000000000
0.000905000000000
0.000919000000000
0.000840000000000
0.001025000000000
0.000856000000000
0.000850000000000
0.002245000000000
0.000890000000000
0.002196000000000
0.001950000000000
0.000761000000000
0.001252000000000
0.000871000000000
0.000847000000000
0.001508000000000
0.001005000000000
0.002271000000000
0.001694000000000
0.000856000000000
0.001188000000000
0.000856000000000
0.000844000000000
0.000844000000000
0.000845000000000
0.000883000000000
0.000846000000000
0.000877000000000
0.002160000000000
0.000849000000000
0.000842000000000
0.001207000000000
0.001985000000000
0.000854000000000
0.000803000000000
0.000910000000000
0.000809000000000
0.000845000000000
0.001662000000000
0.001694000000000
0.001221000000000
0.000869000000000
0.000864000000000
0.001190000000000
0.000920000000000
0.000843000000000
0.000857000000000
0.002352000000000
0.000947000000000
0.000865000000000
0.000868000000000
0.000840000000000
0.001768000000000
0.001108000000000
0.000857000000000
0.000977000000000
0.000843000000000
0.000867000000000
0.000858000000000
0.000846000000000
0.000879000000000
0.000892000000000
0.001543000000000
0.000845000000000
0.000886000000000
0.001016000000000
0.000859000000000
0.001282000000000
0.001936000000000
0.000958000000000
0.000861000000000
0.000863000000000
0.000862000000000
0.002293000000000
0.000851000000000
0.001146000000000
0.001258000000000
0.000823000000000
0.000845000000000
0.001125000000000
0.001177000000000
0.002253000000000
0.002267000000000
0.000844000000000
0.000841000000000
0.002186000000000
0.001466000000000
0.001146000000000
0.000851000000000
0.000859000000000
0.000889000000000
0.000858000000000
0.001024000000000
0.000864000000000
0.000891000000000
0.001178000000000
0.000935000000000
0.000849000000000
0.000831000000000
0.000831000000000
0.001028000000000
0.000896000000000
0.001076000000000
0.000859000000000
0.000852000000000
0.000957000000000
0.000871000000000
0.000887000000000
0.002261000000000
0.000863000000000
0.001662000000000
0.000857000000000
0.002231000000000
0.000875000000000
0.000802000000000
0.000850000000000
0.000849000000000
0.001572000000000
0.001207000000000
0.000833000000000
0.000848000000000
0.002275000000000
0.000879000000000
0.001617000000000
0.000806000000000
0.000866000000000
0.000840000000000
0.000857000000000
0.000866000000000
0.001132000000000
0.002202000000000
0.000801000000000
0.000861000000000
0.001916000000000
0.000817000000000
0.001455000000000
0.000828000000000
0.000830000000000
0.001426000000000
0.000842000000000
0.000848000000000
0.000849000000000
0.000864000000000
0.000809000000000
0.000820000000000
0.000867000000000
0.001028000000000
0.000893000000000
0.000849000000000
0.001687000000000
0.000833000000000
0.000889000000000
0.000893000000000
0.000865000000000
0.000872000000000
0.001003000000000
0.000854000000000
0.000834000000000
0.000865000000000
0.000859000000000
0.000845000000000
0.000844000000000
0.000856000000000
0.000857000000000
0.000857000000000
0.000842000000000
0.001549000000000
0.000869000000000
0.000842000000000
0.001175000000000
0.001270000000000
0.000892000000000
0.001010000000000
0.000806000000000
0.002258000000000
0.000884000000000
0.000883000000000
0.000891000000000
0.001019000000000
0.000966000000000
0.000859000000000
0.001920000000000
0.000767000000000
0.000817000000000
0.001612000000000
0.001444000000000
0.000890000000000
0.000939000000000
0.000832000000000
0.000932000000000
0.000842000000000
0.001581000000000
0.001295000000000
0.002029000000000
0.000856000000000
0.001096000000000
0.000971000000000
0.001048000000000
0.000872000000000
0.000857000000000
0.000844000000000
0.000817000000000
0.002202000000000
0.000831000000000
0.000986000000000
0.001049000000000
0.000806000000000
0.001351000000000
0.104923000000000
0.000825000000000
0.000857000000000
0.000841000000000
0.000870000000000
0.001850000000000
0.000991000000000
0.000853000000000
0.000869000000000
0.000850000000000
0.000809000000000
0.000997000000000
0.001260000000000
0.001139000000000
0.001987000000000
0.000993000000000
0.000836000000000
0.000939000000000
0.000843000000000
0.000848000000000
0.001054000000000
0.001186000000000
0.000771000000000
0.000907000000000
0.000860000000000
0.001028000000000
0.001177000000000
0.000865000000000
0.000842000000000
0.000862000000000
0.000849000000000
0.000875000000000
0.000854000000000
0.000823000000000
0.001036000000000
0.001492000000000
0.000998000000000
0.000843000000000
0.001180000000000
0.001186000000000
0.001216000000000
0.001189000000000
0.000963000000000
0.000841000000000
0.000858000000000
0.000857000000000
0.001968000000000
0.000869000000000
0.001107000000000
0.000900000000000
0.000867000000000
0.000842000000000
0.000918000000000
0.001010000000000
0.000930000000000
0.000883000000000
0.000890000000000
0.001216000000000
0.001914000000000
0.000855000000000
0.001275000000000
0.002026000000000
0.000865000000000
0.002235000000000
0.000857000000000
0.000763000000000
0.001467000000000
0.000850000000000
0.000857000000000
0.000988000000000
0.001511000000000
0.000943000000000
0.000843000000000
0.000855000000000
0.000830000000000
0.001646000000000
0.002056000000000
0.000796000000000
0.000884000000000
0.000859000000000
0.000962000000000
0.000781000000000
0.000841000000000
0.000875000000000
0.001023000000000
0.000823000000000
0.000844000000000
0.000957000000000
0.000841000000000
0.000785000000000
0.000903000000000
0.000895000000000
0.001020000000000
0.000845000000000
0.002061000000000
0.001091000000000
0.000999000000000
0.002206000000000
0.000872000000000
0.000873000000000
0.001035000000000
0.000862000000000
0.001957000000000
0.001715000000000
0.000829000000000
0.002887000000000
0.000929000000000
0.002266000000000
0.000853000000000
0.000877000000000
0.000993000000000
0.002599000000000
0.000864000000000
0.000868000000000
0.000809000000000
0.000885000000000
0.000837000000000
0.002448000000000
0.000844000000000
0.000867000000000
0.000860000000000
0.001236000000000
0.000861000000000
0.001030000000000
0.000960000000000
0.000854000000000
0.001169000000000
0.000833000000000
0.000839000000000
0.000857000000000
0.002257000000000
0.001396000000000
0.000853000000000
0.000906000000000
0.001173000000000
0.000978000000000
0.000849000000000
0.000863000000000
0.000774000000000
0.000767000000000
0.000996000000000
0.000869000000000
0.000862000000000
0.002018000000000
0.000855000000000
0.000867000000000
0.000852000000000
0.000848000000000
0.000885000000000
0.002850000000000
0.000857000000000
0.001128000000000
0.000987000000000
0.000843000000000
0.001144000000000
0.001151000000000
0.000901000000000
0.000861000000000
0.000868000000000
0.000869000000000
0.000853000000000
0.000860000000000
0.000986000000000
0.000770000000000
0.002113000000000
0.001500000000000
0.001146000000000
0.000808000000000
0.000778000000000
0.000855000000000
0.001904000000000
0.001012000000000
0.000842000000000
0.000852000000000
0.000848000000000
0.000862000000000
0.000821000000000
0.000930000000000
0.000849000000000
0.001659000000000
0.000844000000000
0.001109000000000
0.001123000000000
0.002068000000000
0.000959000000000
0.000882000000000
0.000787000000000
0.001389000000000
0.001551000000000
0.000826000000000
0.000815000000000
0.001116000000000
0.000866000000000
0.000910000000000
0.000867000000000
0.000896000000000
0.001590000000000
0.000987000000000
0.001192000000000
0.000838000000000
0.000865000000000
0.000850000000000
0.001109000000000
0.001077000000000
0.000853000000000
0.000851000000000
0.000969000000000
0.000822000000000
0.000871000000000
0.000958000000000
0.001057000000000
0.001498000000000
0.000867000000000
0.001151000000000
0.000860000000000
0.000834000000000
0.000850000000000
0.000859000000000
0.001220000000000
0.002067000000000
0.000874000000000
0.000821000000000
0.000864000000000
0.000857000000000
0.000886000000000
0.000850000000000
0.001158000000000
0.001215000000000
0.002317000000000
0.000820000000000
0.000793000000000
0.001364000000000
0.000864000000000
0.001021000000000
0.000867000000000
0.001212000000000
0.000835000000000
0.000852000000000
0.000842000000000
0.001861000000000
0.000892000000000
0.001667000000000
0.000858000000000
0.000835000000000
0.001062000000000
0.002305000000000
0.000861000000000
0.001067000000000
0.001857000000000
0.000972000000000
0.001517000000000
0.001101000000000
0.000865000000000
0.000866000000000
0.001854000000000
0.001187000000000
0.002360000000000
0.000914000000000
0.000847000000000
0.000860000000000
0.000854000000000
0.001023000000000
0.002185000000000
0.000785000000000
0.000857000000000
0.000878000000000
0.000858000000000
0.001029000000000
0.000962000000000
0.001029000000000
0.001188000000000
0.000845000000000
0.000847000000000
0.001295000000000
0.000859000000000
0.000859000000000
0.000869000000000
0.000863000000000
0.000842000000000
0.000876000000000
0.001246000000000
0.000976000000000
0.001053000000000
0.001083000000000
0.000852000000000
0.000841000000000
0.000872000000000
0.001690000000000
0.000860000000000
0.001172000000000
0.001163000000000
0.000985000000000
0.000793000000000
0.001028000000000
0.001124000000000
0.001175000000000
0.001907000000000
0.001642000000000
0.000835000000000
0.000853000000000
0.001588000000000
0.002745000000000
0.000937000000000
0.000839000000000
0.002089000000000
0.000827000000000
0.000856000000000
0.002233000000000
0.000860000000000
0.000875000000000
0.001246000000000
0.000883000000000
0.001306000000000
0.001043000000000
0.000864000000000
0.002051000000000
0.002125000000000
0.001108000000000
0.001152000000000
0.001499000000000
0.000853000000000
0.000763000000000
0.000859000000000
0.001426000000000
0.000826000000000
0.000852000000000
0.002262000000000
0.000847000000000
0.000871000000000
0.000918000000000
0.000847000000000
0.000806000000000
0.000842000000000
0.000866000000000
0.001013000000000
0.000850000000000
0.002261000000000
0.000973000000000
0.001925000000000
0.000794000000000
0.001027000000000
0.001320000000000
0.002291000000000
0.001175000000000
0.002212000000000
0.000860000000000
0.000862000000000
0.000857000000000
0.000842000000000
0.001122000000000
0.000903000000000
0.000863000000000
0.001795000000000
0.000841000000000
0.000857000000000
0.001071000000000
0.001968000000000
0.001848000000000
0.000884000000000
0.000816000000000
0.000943000000000
0.000850000000000
0.000848000000000
0.001376000000000
0.000855000000000
0.000864000000000
0.000863000000000
0.000804000000000
0.000876000000000
0.000859000000000
0.002257000000000
0.000857000000000
0.000866000000000
0.001005000000000
0.001246000000000
0.002284000000000
0.001513000000000
0.000827000000000
0.000816000000000
0.000989000000000
0.000865000000000
0.000984000000000
0.000865000000000
0.000849000000000
0.001111000000000
0.001167000000000
0.000767000000000
0.001137000000000
0.000985000000000
0.001235000000000
0.001052000000000
0.001079000000000
0.000847000000000
0.000843000000000
0.000862000000000
0.000812000000000
0.001381000000000
0.000856000000000
