0.002124000000000
0.001612000000000
0.001604000000000
0.001582000000000
0.001620000000000
0.001541000000000
0.001572000000000
0.001546000000000
0.001544000000000
0.001622000000000
0.001631000000000
0.001566000000000
0.001662000000000
0.001595000000000
0.001598000000000
0.001630000000000
0.001942000000000
0.001560000000000
0.001615000000000
0.001640000000000
0.001641000000000
0.001579000000000
0.001623000000000
0.001628000000000
0.001601000000000
0.001618000000000
0.001579000000000
0.001642000000000
0.001549000000000
0.001574000000000
0.001615000000000
0.001661000000000
0.001570000000000
0.001631000000000
0.001565000000000
0.001613000000000
0.001577000000000
0.001525000000000
0.001557000000000
0.001601000000000
0.001595000000000
0.001588000000000
0.001547000000000
0.001638000000000
0.001601000000000
0.001591000000000
0.001650000000000
0.001559000000000
0.001572000000000
0.001626000000000
0.001579000000000
0.001567000000000
0.001646000000000
0.001622000000000
0.001577000000000
0.001641000000000
0.001557000000000
0.001593000000000
0.001570000000000
0.001582000000000
0.001598000000000
0.001556000000000
0.001679000000000
0.001530000000000
0.001562000000000
0.001644000000000
0.001608000000000
0.001700000000000
0.001649000000000
0.001644000000000
0.001651000000000
0.001709000000000
0.001613000000000
0.001573000000000
0.001632000000000
0.001581000000000
0.001558000000000
0.001639000000000
0.001684000000000
0.001690000000000
0.001634000000000
0.001629000000000
0.001585000000000
0.001611000000000
0.001617000000000
0.001597000000000
0.001601000000000
0.001589000000000
0.001586000000000
0.001573000000000
0.001573000000000
0.001555000000000
0.001636000000000
0.001590000000000
0.001587000000000
0.001562000000000
0.001572000000000
0.001718000000000
0.001590000000000
