0.057962000000000
0.057026000000000
0.060745000000000
0.055970000000000
0.057257000000000
0.057191000000000
0.056031000000000
0.056576000000000
0.056603000000000
0.056098000000000
0.055605000000000
0.057428000000000
0.055868000000000
0.055619000000000
0.056374000000000
0.059886000000000
0.055285000000000
0.054932000000000
0.055799000000000
0.056566000000000
0.057516000000000
0.055431000000000
0.055475000000000
0.056546000000000
0.057229000000000
0.057062000000000
0.055343000000000
0.054733000000000
0.059779000000000
0.054598000000000
0.054794000000000
0.057092000000000
0.055192000000000
0.056559000000000
0.058280000000000
0.055650000000000
0.055231000000000
0.054958000000000
0.055199000000000
0.056610000000000
0.056187000000000
0.056716000000000
0.055166000000000
0.057658000000000
0.055976000000000
0.055448000000000
0.055744000000000
0.054931000000000
0.055935000000000
0.055851000000000
0.059242000000000
0.055686000000000
0.070511000000000
0.067751000000000
0.056997000000000
0.058594000000000
0.056805000000000
0.056515000000000
0.056182000000000
0.055734000000000
0.057743000000000
0.055561000000000
0.056160000000000
0.056684000000000
0.055316000000000
0.055844000000000
0.054433000000000
0.055359000000000
0.056865000000000
0.055728000000000
0.058267000000000
0.058325000000000
0.055919000000000
0.058689000000000
0.056250000000000
0.057211000000000
0.058307000000000
0.057903000000000
0.057321000000000
0.055722000000000
0.059369000000000
0.055323000000000
0.061760000000000
0.066464000000000
0.059203000000000
0.058259000000000
0.059107000000000
0.057530000000000
0.059994000000000
0.056916000000000
0.056464000000000
0.060330000000000
0.060850000000000
0.060529000000000
0.059969000000000
0.058166000000000
0.059345000000000
0.061550000000000
0.057321000000000
0.059655000000000
0.059128000000000
0.068158000000000
0.060138000000000
0.058612000000000
0.072725000000000
0.076759000000000
0.065868000000000
0.068414000000000
0.069742000000000
0.062955000000000
0.064573000000000
0.060734000000000
0.061083000000000
0.062758000000000
0.068005000000000
0.062056000000000
0.058803000000000
0.071480000000000
0.069747000000000
0.070097000000000
0.060070000000000
0.060964000000000
0.063746000000000
0.064215000000000
0.066093000000000
0.061260000000000
0.067585000000000
0.066928000000000
0.067406000000000
0.070846000000000
0.073532000000000
0.070132000000000
0.068036000000000
0.065880000000000
0.068917000000000
0.063238000000000
0.072024000000000
0.066576000000000
0.070261000000000
0.065410000000000
0.057398000000000
0.066658000000000
0.070470000000000
0.069541000000000
0.071344000000000
0.065800000000000
0.063702000000000
0.063388000000000
0.071572000000000
0.073638000000000
0.068203000000000
0.068212000000000
0.072437000000000
0.063763000000000
0.065053000000000
0.073249000000000
0.066595000000000
0.074547000000000
0.070086000000000
0.070710000000000
0.067304000000000
0.075176000000000
0.068804000000000
0.070890000000000
0.067276000000000
0.065170000000000
0.068444000000000
0.067265000000000
0.073885000000000
0.063988000000000
0.070048000000000
0.373372000000000
0.074168000000000
0.065064000000000
0.074212000000000
0.067467000000000
0.090272000000000
0.067520000000000
0.066393000000000
0.065850000000000
0.068777000000000
0.066328000000000
0.066598000000000
0.071506000000000
0.069975000000000
0.071108000000000
0.068042000000000
0.068876000000000
0.067259000000000
0.069920000000000
0.067986000000000
0.067882000000000
0.066574000000000
0.063492000000000
0.068988000000000
0.068154000000000
0.068268000000000
0.068962000000000
0.068373000000000
0.066767000000000
0.061838000000000
0.071525000000000
0.064872000000000
0.079883000000000
0.068478000000000
0.075200000000000
0.065870000000000
0.068201000000000
0.068148000000000
0.068906000000000
0.067284000000000
0.064082000000000
0.066131000000000
0.071932000000000
0.067977000000000
0.070790000000000
0.060402000000000
0.070624000000000
0.069809000000000
0.070843000000000
0.065376000000000
0.068024000000000
0.072876000000000
0.074928000000000
0.072668000000000
0.068961000000000
0.067753000000000
0.067480000000000
0.069140000000000
0.063420000000000
0.072589000000000
0.063436000000000
0.067583000000000
0.067359000000000
0.064560000000000
0.065785000000000
0.063811000000000
0.067411000000000
0.069774000000000
0.065672000000000
0.062592000000000
0.068527000000000
0.069369000000000
0.068885000000000
0.067694000000000
0.068579000000000
0.071818000000000
0.067492000000000
0.086754000000000
0.065323000000000
0.068988000000000
0.070448000000000
0.068562000000000
0.063317000000000
0.064069000000000
0.067105000000000
0.068998000000000
0.068294000000000
0.062148000000000
0.066243000000000
0.084867000000000
0.069457000000000
0.066635000000000
0.069117000000000
0.064963000000000
0.070289000000000
0.069669000000000
0.070016000000000
0.069299000000000
0.068109000000000
0.067414000000000
0.068743000000000
0.072010000000000
0.066327000000000
0.067093000000000
0.070888000000000
0.071842000000000
0.075047000000000
0.065474000000000
0.077053000000000
0.060410000000000
0.063851000000000
0.060469000000000
0.065263000000000
0.062702000000000
0.063161000000000
0.066965000000000
0.067299000000000
0.068835000000000
0.069795000000000
0.091922000000000
0.068110000000000
0.068951000000000
0.069264000000000
0.065091000000000
0.072813000000000
0.068473000000000
0.065788000000000
0.055886000000000
0.076441000000000
0.078930000000000
0.071111000000000
0.064238000000000
0.068399000000000
0.063739000000000
0.065201000000000
0.065606000000000
0.068212000000000
0.066544000000000
0.069109000000000
0.077898000000000
0.064500000000000
0.068287000000000
0.062594000000000
0.064651000000000
0.065640000000000
0.064330000000000
0.066717000000000
0.062385000000000
0.066002000000000
0.067519000000000
0.067681000000000
0.069044000000000
0.067496000000000
0.064511000000000
0.067828000000000
0.067893000000000
0.070921000000000
0.068087000000000
0.066841000000000
0.061927000000000
0.067155000000000
0.062516000000000
0.067124000000000
0.066188000000000
0.060741000000000
0.066036000000000
0.064444000000000
0.070526000000000
0.066620000000000
0.082163000000000
0.066574000000000
0.079229000000000
0.057603000000000
0.070151000000000
0.070772000000000
0.067559000000000
0.068680000000000
0.067888000000000
0.067282000000000
0.067496000000000
0.063326000000000
0.068844000000000
0.069349000000000
0.064886000000000
0.070627000000000
0.069620000000000
0.066429000000000
0.066662000000000
0.064314000000000
0.071224000000000
0.065325000000000
0.065977000000000
0.068507000000000
0.071596000000000
0.076248000000000
0.065232000000000
0.068609000000000
0.063400000000000
0.056394000000000
0.057648000000000
0.069298000000000
0.056065000000000
0.063853000000000
0.062387000000000
0.062467000000000
0.057965000000000
0.055869000000000
0.059484000000000
0.055041000000000
0.055341000000000
0.054396000000000
0.055007000000000
0.055144000000000
0.055253000000000
0.061236000000000
0.056157000000000
0.075178000000000
0.065112000000000
0.067617000000000
0.057198000000000
0.070368000000000
0.064020000000000
0.067391000000000
0.065378000000000
0.071173000000000
0.068126000000000
0.061635000000000
0.062838000000000
0.063337000000000
0.067729000000000
0.069977000000000
0.063801000000000
0.067100000000000
0.065803000000000
0.069814000000000
0.067541000000000
0.066809000000000
0.062944000000000
0.064277000000000
0.067661000000000
0.075570000000000
0.065657000000000
0.066503000000000
0.066779000000000
0.064938000000000
0.067051000000000
0.066381000000000
0.068835000000000
0.060640000000000
0.066622000000000
0.064075000000000
0.066551000000000
0.064232000000000
0.064566000000000
0.067753000000000
0.070514000000000
0.055218000000000
0.063076000000000
0.070714000000000
0.067238000000000
0.063269000000000
0.061565000000000
0.063042000000000
0.066110000000000
0.065841000000000
0.062754000000000
0.065036000000000
0.064268000000000
0.102800000000000
0.066318000000000
0.072645000000000
0.061656000000000
0.065489000000000
0.069375000000000
0.063584000000000
0.066430000000000
0.066715000000000
0.067080000000000
0.066882000000000
0.065804000000000
0.063711000000000
0.067228000000000
0.064117000000000
0.064211000000000
0.063757000000000
0.061337000000000
0.065895000000000
0.062551000000000
0.065315000000000
0.076225000000000
0.065045000000000
0.065903000000000
0.067981000000000
0.063524000000000
0.061535000000000
0.067135000000000
0.064862000000000
0.066011000000000
0.060636000000000
0.054626000000000
0.055898000000000
0.054911000000000
0.055026000000000
0.055147000000000
0.059598000000000
0.063913000000000
0.055404000000000
0.054930000000000
0.108378000000000
0.055879000000000
0.055375000000000
0.056470000000000
0.055187000000000
0.060302000000000
0.056413000000000
0.056263000000000
0.057056000000000
0.056333000000000
0.057124000000000
0.056128000000000
0.058119000000000
0.057107000000000
0.057040000000000
0.055684000000000
0.057208000000000
0.057181000000000
0.056258000000000
0.055695000000000
0.056176000000000
0.055902000000000
0.055454000000000
0.055298000000000
0.055715000000000
0.055915000000000
0.056704000000000
0.055054000000000
0.056194000000000
0.055438000000000
0.055564000000000
0.055368000000000
0.056408000000000
0.056330000000000
0.055540000000000
0.055884000000000
0.057854000000000
0.057476000000000
0.054505000000000
0.055881000000000
0.055523000000000
0.055540000000000
0.055129000000000
0.056188000000000
0.055938000000000
0.055351000000000
0.056125000000000
0.054317000000000
0.055486000000000
0.054910000000000
0.056188000000000
0.055509000000000
0.055305000000000
0.054828000000000
0.055312000000000
0.055452000000000
0.056211000000000
0.055035000000000
0.053798000000000
0.055481000000000
0.054732000000000
0.055265000000000
0.055201000000000
0.054971000000000
0.056330000000000
0.054742000000000
0.054988000000000
0.056367000000000
0.054101000000000
0.055215000000000
0.055532000000000
0.055309000000000
0.055962000000000
0.054563000000000
0.054790000000000
0.058587000000000
0.054527000000000
0.054711000000000
0.055219000000000
0.054592000000000
0.054798000000000
0.054795000000000
0.054864000000000
0.055182000000000
0.055433000000000
0.055057000000000
0.055285000000000
0.055323000000000
0.054341000000000
0.055370000000000
0.057756000000000
0.057822000000000
0.061148000000000
0.055038000000000
0.057306000000000
0.055618000000000
0.061380000000000
0.055619000000000
0.055786000000000
0.054327000000000
0.055209000000000
0.070536000000000
0.055749000000000
0.055558000000000
0.055266000000000
0.055204000000000
0.060674000000000
0.055001000000000
0.054829000000000
0.054069000000000
0.054726000000000
0.054985000000000
0.055677000000000
0.055119000000000
0.055014000000000
0.056256000000000
0.088865000000000
0.054514000000000
0.054122000000000
0.055387000000000
0.059638000000000
0.055521000000000
0.087505000000000
0.055720000000000
0.054636000000000
0.056499000000000
0.055247000000000
0.054815000000000
0.054672000000000
0.054859000000000
0.055653000000000
0.088834000000000
0.054980000000000
0.055249000000000
0.061758000000000
0.056135000000000
0.059482000000000
0.055308000000000
0.056108000000000
0.055360000000000
0.056184000000000
0.055018000000000
0.055472000000000
0.055739000000000
0.054605000000000
0.055224000000000
0.096294000000000
0.055148000000000
0.055955000000000
0.054460000000000
0.055809000000000
0.055095000000000
0.096238000000000
0.056175000000000
0.057836000000000
0.055491000000000
0.060101000000000
0.055906000000000
0.073006000000000
0.055429000000000
0.055814000000000
0.056647000000000
0.057384000000000
0.055410000000000
0.055915000000000
0.055473000000000
0.056100000000000
0.055849000000000
0.054936000000000
0.056046000000000
0.055472000000000
0.055391000000000
0.056337000000000
0.055643000000000
0.055579000000000
0.055409000000000
0.054805000000000
0.055944000000000
0.054626000000000
0.054653000000000
0.055776000000000
0.055483000000000
0.055466000000000
0.095270000000000
0.055006000000000
0.054719000000000
0.055309000000000
0.056158000000000
0.054130000000000
0.088451000000000
0.055600000000000
0.057514000000000
0.055551000000000
0.055523000000000
0.055599000000000
0.057167000000000
0.092108000000000
0.054158000000000
0.055225000000000
0.055647000000000
0.055032000000000
0.058958000000000
0.054624000000000
0.055440000000000
0.054959000000000
0.055661000000000
0.055293000000000
0.054912000000000
0.055394000000000
0.055913000000000
0.056902000000000
0.055169000000000
0.055373000000000
0.091443000000000
0.055907000000000
0.055255000000000
0.055529000000000
0.054476000000000
0.059156000000000
0.055148000000000
0.085074000000000
0.055261000000000
0.055152000000000
0.055348000000000
0.055101000000000
0.055376000000000
0.055457000000000
0.089855000000000
0.055178000000000
0.055442000000000
0.055841000000000
0.055876000000000
0.055088000000000
0.072972000000000
0.055182000000000
0.054575000000000
0.058827000000000
0.055920000000000
0.054651000000000
0.089805000000000
0.056249000000000
0.054917000000000
0.055953000000000
0.054982000000000
0.054975000000000
0.053812000000000
0.094392000000000
0.055468000000000
0.055036000000000
0.055904000000000
0.055231000000000
0.055582000000000
0.088309000000000
0.056890000000000
0.055280000000000
0.054476000000000
0.052684000000000
0.056860000000000
0.053085000000000
0.055128000000000
0.053898000000000
0.054023000000000
0.054638000000000
0.052229000000000
0.053483000000000
0.053828000000000
0.055088000000000
0.052757000000000
0.052702000000000
0.052373000000000
0.053776000000000
0.052950000000000
0.052806000000000
0.052563000000000
0.052685000000000
0.052746000000000
0.053142000000000
0.054742000000000
0.052990000000000
0.053241000000000
0.052737000000000
0.054318000000000
0.053129000000000
0.053361000000000
0.054136000000000
0.052857000000000
0.054169000000000
0.052571000000000
0.052321000000000
0.053680000000000
0.052903000000000
0.053104000000000
0.052867000000000
0.052834000000000
0.052605000000000
0.053253000000000
0.053220000000000
0.052531000000000
0.088462000000000
0.054445000000000
0.059751000000000
0.052643000000000
0.053056000000000
0.094967000000000
0.053918000000000
0.052537000000000
0.053927000000000
0.053425000000000
0.098200000000000
0.058428000000000
0.054465000000000
0.054404000000000
0.052516000000000
0.092859000000000
0.051763000000000
0.052487000000000
0.052322000000000
0.052542000000000
0.089519000000000
0.053148000000000
0.052318000000000
0.053776000000000
0.052042000000000
0.051760000000000
0.088105000000000
0.052219000000000
0.051983000000000
0.051824000000000
0.051827000000000
0.087755000000000
0.051801000000000
0.053709000000000
0.054586000000000
0.052340000000000
0.092174000000000
0.052821000000000
0.052093000000000
0.051788000000000
0.052187000000000
0.087143000000000
0.052408000000000
0.058470000000000
0.053868000000000
0.053161000000000
0.052403000000000
0.094977000000000
0.053308000000000
0.053152000000000
0.053655000000000
0.053427000000000
0.089003000000000
0.052874000000000
0.054276000000000
0.058544000000000
0.052907000000000
0.052413000000000
0.098682000000000
0.052481000000000
0.052533000000000
0.054773000000000
0.054250000000000
0.074456000000000
0.053337000000000
0.052456000000000
0.061110000000000
0.053422000000000
0.052965000000000
0.052159000000000
0.054351000000000
0.054102000000000
0.052842000000000
0.076449000000000
0.052944000000000
0.052883000000000
0.052732000000000
0.056173000000000
0.052932000000000
0.099234000000000
0.052392000000000
0.055934000000000
0.053090000000000
0.053879000000000
0.053401000000000
0.091292000000000
0.057508000000000
0.052576000000000
0.054902000000000
0.055080000000000
0.053504000000000
0.089326000000000
0.058286000000000
0.053188000000000
0.055944000000000
0.053008000000000
0.093176000000000
0.053204000000000
0.054041000000000
0.053242000000000
0.053809000000000
0.054268000000000
0.090483000000000
0.054504000000000
0.055106000000000
0.055009000000000
0.053493000000000
0.053106000000000
0.090243000000000
0.058464000000000
0.053861000000000
0.053291000000000
0.054997000000000
0.080096000000000
0.053658000000000
0.053243000000000
0.055490000000000
0.053659000000000
0.052867000000000
0.053453000000000
0.090499000000000
0.053509000000000
0.054353000000000
0.053838000000000
0.054220000000000
0.058022000000000
0.095007000000000
0.059585000000000
0.054978000000000
0.054091000000000
0.052922000000000
0.053252000000000
0.091662000000000
0.054493000000000
0.053256000000000
0.053210000000000
0.057801000000000
0.053503000000000
0.056952000000000
0.071645000000000
0.053063000000000
0.053606000000000
0.053108000000000
0.054162000000000
0.074011000000000
0.054689000000000
0.053604000000000
0.054394000000000
0.053458000000000
0.052775000000000
0.054314000000000
0.090581000000000
0.054111000000000
0.054583000000000
0.057108000000000
0.053821000000000
0.093516000000000
0.055642000000000
0.055078000000000
0.053125000000000
0.057572000000000
0.052802000000000
0.094750000000000
0.052634000000000
0.053984000000000
0.058372000000000
0.054985000000000
0.053051000000000
0.052832000000000
0.094884000000000
0.056801000000000
0.052831000000000
0.057000000000000
0.058968000000000
0.090948000000000
0.052366000000000
0.052662000000000
0.053016000000000
0.054169000000000
0.087866000000000
0.054036000000000
0.057927000000000
0.052557000000000
0.052453000000000
0.061546000000000
0.095053000000000
0.052568000000000
0.057900000000000
0.053247000000000
0.053159000000000
0.088263000000000
0.054749000000000
0.052575000000000
0.054251000000000
0.058262000000000
0.090628000000000
0.056528000000000
0.053908000000000
0.055274000000000
0.052706000000000
0.054202000000000
0.092783000000000
0.054004000000000
0.052746000000000
0.054387000000000
0.057732000000000
0.091075000000000
0.052098000000000
0.052382000000000
0.053709000000000
0.055743000000000
0.054699000000000
0.053396000000000
0.090890000000000
0.054019000000000
0.052306000000000
0.056648000000000
0.051724000000000
0.087466000000000
0.057689000000000
0.052373000000000
0.058581000000000
0.053413000000000
0.053042000000000
0.053248000000000
0.085454000000000
0.052228000000000
0.057365000000000
0.051800000000000
0.052797000000000
0.093231000000000
0.052404000000000
0.052591000000000
0.052751000000000
0.054335000000000
0.052846000000000
0.052122000000000
0.089452000000000
0.052055000000000
0.052125000000000
0.052269000000000
0.110296000000000
0.052639000000000
0.051971000000000
0.052600000000000
0.085382000000000
0.069487000000000
0.052207000000000
0.053617000000000
0.053315000000000
0.052425000000000
0.051952000000000
0.096618000000000
0.051817000000000
0.051863000000000
0.059672000000000
0.058046000000000
0.051910000000000
0.052838000000000
0.095677000000000
0.053471000000000
0.052245000000000
0.054127000000000
0.051935000000000
0.056797000000000
0.087745000000000
0.055227000000000
0.052529000000000
0.051995000000000
0.052498000000000
0.089395000000000
0.053359000000000
0.057821000000000
0.052034000000000
0.054380000000000
0.052108000000000
0.091319000000000
0.051846000000000
0.054665000000000
0.052098000000000
0.051951000000000
0.052302000000000
0.096258000000000
0.052134000000000
0.052683000000000
0.052149000000000
0.057592000000000
0.083462000000000
0.054971000000000
0.053129000000000
0.052764000000000
0.057253000000000
0.088286000000000
0.057200000000000
0.052028000000000
0.052002000000000
0.051823000000000
0.098073000000000
0.052095000000000
0.053298000000000
0.052444000000000
0.052831000000000
0.088406000000000
0.052817000000000
0.051848000000000
0.053258000000000
0.052383000000000
0.084773000000000
0.052895000000000
0.054369000000000
0.052841000000000
0.052225000000000
0.057894000000000
0.051817000000000
0.086547000000000
0.053846000000000
0.058051000000000
0.051672000000000
0.052508000000000
0.051902000000000
0.052014000000000
0.091269000000000
0.053931000000000
0.052040000000000
0.053944000000000
0.056333000000000
0.052259000000000
0.093877000000000
0.051918000000000
0.053076000000000
0.052150000000000
0.052796000000000
0.056977000000000
0.094427000000000
0.052310000000000
0.053942000000000
0.052842000000000
0.054872000000000
0.051981000000000
0.054503000000000
0.089545000000000
0.056491000000000
0.053401000000000
0.052486000000000
0.052095000000000
0.054006000000000
0.052668000000000
0.096541000000000
0.051824000000000
0.053650000000000
0.076121000000000
0.051967000000000
0.094044000000000
0.056691000000000
0.054478000000000
0.052683000000000
0.052477000000000
0.129009000000000
0.052688000000000
0.052324000000000
0.053097000000000
0.052239000000000
0.146036000000000
0.052963000000000
0.052084000000000
0.052033000000000
0.097279000000000
0.092468000000000
0.052871000000000
0.054353000000000
0.052830000000000
0.052026000000000
0.090439000000000
0.055858000000000
0.053303000000000
0.052653000000000
0.051854000000000
0.052108000000000
0.097510000000000
0.051920000000000
0.052213000000000
0.052350000000000
0.057532000000000
0.093228000000000
0.052607000000000
0.052053000000000
0.054314000000000
0.052752000000000
0.070333000000000
0.053108000000000
0.101979000000000
0.054027000000000
0.051695000000000
0.053513000000000
0.091273000000000
0.052097000000000
0.117743000000000
0.052217000000000
0.053577000000000
0.053770000000000
0.094561000000000
0.094271000000000
0.052845000000000
0.085389000000000
0.058121000000000
0.096604000000000
0.051971000000000
0.053063000000000
0.053841000000000
0.052254000000000
0.088525000000000
0.052543000000000
0.057063000000000
0.052319000000000
0.056394000000000
0.090293000000000
0.057078000000000
0.051767000000000
0.052219000000000
0.052343000000000
0.091048000000000
0.052733000000000
0.103898000000000
0.082330000000000
0.139498000000000
0.052580000000000
0.110449000000000
0.106506000000000
0.054722000000000
0.052122000000000
0.052236000000000
0.094803000000000
0.051808000000000
0.052946000000000
0.053555000000000
0.057970000000000
0.052460000000000
0.055829000000000
0.095003000000000
0.052746000000000
0.053309000000000
0.054457000000000
0.052514000000000
0.053705000000000
0.052000000000000
0.087339000000000
0.051725000000000
0.053780000000000
0.052317000000000
0.054197000000000
0.051578000000000
0.089814000000000
0.052992000000000
0.052699000000000
0.052507000000000
0.051549000000000
0.054407000000000
0.093226000000000
0.056438000000000
0.053174000000000
0.053217000000000
0.053581000000000
0.094959000000000
0.052139000000000
0.051336000000000
0.054866000000000
0.103397000000000
0.051960000000000
0.051971000000000
0.051993000000000
0.053793000000000
0.086805000000000
0.090295000000000
0.057071000000000
0.053410000000000
0.053679000000000
0.051911000000000
0.055428000000000
0.052746000000000
0.079642000000000
0.053352000000000
0.057163000000000
0.052968000000000
0.100561000000000
0.088841000000000
0.052704000000000
0.088195000000000
0.067253000000000
0.083726000000000
0.096554000000000
0.083607000000000
0.054457000000000
0.088417000000000
0.052289000000000
0.051681000000000
0.051884000000000
0.052788000000000
0.091660000000000
0.055019000000000
0.054120000000000
0.054465000000000
0.120724000000000
0.052285000000000
0.051509000000000
0.052536000000000
0.053024000000000
0.051826000000000
0.053551000000000
0.052940000000000
0.052667000000000
0.093378000000000
0.053871000000000
0.053025000000000
0.051854000000000
0.053356000000000
0.093597000000000
0.052425000000000
0.054222000000000
0.053545000000000
0.051819000000000
0.053438000000000
0.054095000000000
0.052546000000000
0.057434000000000
0.089217000000000
0.053346000000000
0.052032000000000
0.051790000000000
0.052541000000000
0.056326000000000
0.092063000000000
0.052154000000000
0.053179000000000
0.058332000000000
0.091749000000000
0.052702000000000
0.051804000000000
0.053728000000000
0.051647000000000
0.087698000000000
0.054554000000000
0.056620000000000
0.053636000000000
0.087725000000000
0.052359000000000
0.052240000000000
0.053602000000000
0.052163000000000
0.092117000000000
0.051985000000000
0.053978000000000
0.053185000000000
0.053215000000000
0.051819000000000
0.088063000000000
0.052193000000000
0.052140000000000
0.051685000000000
0.053000000000000
0.090629000000000
0.090203000000000
0.052370000000000
0.052562000000000
0.052854000000000
0.096834000000000
0.052052000000000
0.057556000000000
0.052271000000000
0.054543000000000
0.059884000000000
0.098594000000000
0.081171000000000
0.051904000000000
0.079377000000000
0.052452000000000
0.096609000000000
0.053591000000000
0.123304000000000
0.087063000000000
0.107089000000000
0.069385000000000
0.098850000000000
0.054363000000000
0.057741000000000
0.053187000000000
0.120087000000000
0.052690000000000
0.052387000000000
0.057018000000000
0.052325000000000
0.080440000000000
0.052165000000000
0.092754000000000
0.054412000000000
0.052048000000000
0.082524000000000
0.051996000000000
0.051383000000000
0.097173000000000
0.052185000000000
0.054763000000000
0.101213000000000
0.051900000000000
0.087110000000000
0.097715000000000
0.052933000000000
0.051363000000000
0.053992000000000
0.054487000000000
0.091189000000000
0.056900000000000
0.052487000000000
0.055796000000000
0.058410000000000
0.124697000000000
0.054290000000000
0.096576000000000
0.104204000000000
0.095545000000000
0.088876000000000
0.052360000000000
0.051772000000000
0.055409000000000
0.099574000000000
0.053436000000000
0.052602000000000
0.182030000000000
0.058430000000000
0.051605000000000
0.051988000000000
0.055226000000000
0.127690000000000
0.089786000000000
0.052237000000000
0.056303000000000
0.084394000000000
0.052270000000000
0.089499000000000
0.052359000000000
0.051589000000000
0.053596000000000
0.051774000000000
0.052133000000000
0.095963000000000
0.052914000000000
0.052299000000000
0.051923000000000
0.053845000000000
0.053063000000000
0.051629000000000
0.096014000000000
0.051665000000000
0.053823000000000
0.051589000000000
0.088722000000000
0.054157000000000
0.051591000000000
0.052091000000000
0.051977000000000
0.097052000000000
0.057592000000000
0.057094000000000
0.051977000000000
0.057544000000000
0.096546000000000
0.051512000000000
0.052895000000000
0.058260000000000
0.052098000000000
0.051821000000000
0.051754000000000
0.095251000000000
0.052179000000000
0.052919000000000
0.051794000000000
0.053513000000000
0.078018000000000
0.057546000000000
0.053382000000000
0.052171000000000
0.052146000000000
0.057469000000000
0.094294000000000
0.054101000000000
0.052333000000000
0.053922000000000
0.051701000000000
0.057640000000000
0.087462000000000
0.052739000000000
0.052132000000000
0.052782000000000
0.051941000000000
0.053671000000000
0.052167000000000
0.058441000000000
0.104104000000000
0.052121000000000
0.052415000000000
0.051597000000000
0.057199000000000
0.056678000000000
0.090170000000000
0.056038000000000
0.051379000000000
0.106354000000000
0.053865000000000
0.053375000000000
0.095887000000000
0.052086000000000
0.057327000000000
0.053231000000000
0.077728000000000
0.052380000000000
0.052712000000000
0.053956000000000
0.051423000000000
0.052199000000000
0.097499000000000
0.051883000000000
0.053287000000000
0.053104000000000
0.052103000000000
0.053110000000000
0.090958000000000
0.052634000000000
0.051865000000000
0.052047000000000
0.090402000000000
0.051919000000000
0.051728000000000
0.052817000000000
0.053576000000000
0.098145000000000
0.052088000000000
0.051857000000000
0.056346000000000
0.054238000000000
0.053037000000000
0.052255000000000
0.052977000000000
0.084365000000000
0.057099000000000
0.053896000000000
0.053395000000000
0.053393000000000
0.052561000000000
0.058028000000000
0.109310000000000
0.053599000000000
0.053413000000000
0.052783000000000
0.057126000000000
0.052770000000000
0.071151000000000
0.053319000000000
0.051756000000000
0.051639000000000
0.051253000000000
0.094936000000000
0.057418000000000
0.051768000000000
0.052238000000000
0.091812000000000
0.052168000000000
0.053251000000000
0.051437000000000
0.053003000000000
0.053166000000000
0.096150000000000
0.053263000000000
0.051774000000000
0.058846000000000
0.087806000000000
0.054097000000000
0.053563000000000
0.053774000000000
0.056369000000000
0.052610000000000
0.088674000000000
0.052476000000000
0.057233000000000
0.053542000000000
0.096757000000000
0.058689000000000
0.053451000000000
0.057766000000000
0.051324000000000
0.057430000000000
0.051682000000000
0.053422000000000
0.051939000000000
0.052523000000000
0.052649000000000
0.058101000000000
0.051497000000000
0.051970000000000
0.053218000000000
0.053181000000000
0.051667000000000
0.094887000000000
0.052937000000000
0.052338000000000
0.052287000000000
0.051523000000000
0.081036000000000
0.093483000000000
0.051422000000000
0.053474000000000
0.057006000000000
0.089223000000000
0.057502000000000
0.053151000000000
0.053354000000000
0.057315000000000
0.052466000000000
0.052065000000000
0.052203000000000
0.052147000000000
0.053576000000000
0.051555000000000
0.051917000000000
0.052668000000000
0.051651000000000
0.051432000000000
0.051935000000000
0.051910000000000
0.051842000000000
0.057181000000000
0.057894000000000
0.087736000000000
0.051932000000000
0.053705000000000
0.114506000000000
0.091601000000000
0.056951000000000
0.051442000000000
0.113196000000000
0.100033000000000
0.052321000000000
0.052363000000000
0.052525000000000
0.053132000000000
0.053077000000000
0.053779000000000
0.052950000000000
0.092090000000000
0.052550000000000
0.067832000000000
0.053094000000000
0.096129000000000
0.084184000000000
0.051900000000000
0.124433000000000
0.093812000000000
0.051751000000000
0.052384000000000
0.058211000000000
0.096733000000000
0.089745000000000
0.079931000000000
0.051714000000000
0.052816000000000
0.070628000000000
0.051972000000000
0.116782000000000
0.223218000000000
0.091939000000000
0.053690000000000
0.053764000000000
0.051939000000000
0.057866000000000
0.053455000000000
0.051665000000000
0.053691000000000
0.052027000000000
0.053255000000000
0.052220000000000
0.052458000000000
0.132243000000000
0.090739000000000
0.053413000000000
0.055836000000000
0.052067000000000
0.051994000000000
0.052730000000000
0.068387000000000
0.053994000000000
0.053445000000000
0.058273000000000
0.097880000000000
0.051528000000000
0.051775000000000
0.052387000000000
0.054750000000000
0.093515000000000
0.052227000000000
0.052512000000000
0.051994000000000
0.051871000000000
0.052666000000000
0.088520000000000
0.051956000000000
0.053600000000000
0.051845000000000
0.142847000000000
0.053389000000000
0.051937000000000
0.051333000000000
0.086989000000000
0.051756000000000
0.052204000000000
0.052087000000000
0.053640000000000
0.085446000000000
0.051568000000000
0.052922000000000
0.052767000000000
0.052789000000000
0.098458000000000
0.052801000000000
0.051746000000000
0.051890000000000
0.057198000000000
0.051667000000000
0.056486000000000
0.057045000000000
0.092766000000000
0.053460000000000
0.053105000000000
0.055469000000000
0.058457000000000
0.071571000000000
0.052554000000000
0.052035000000000
0.053002000000000
0.086813000000000
0.056406000000000
0.053922000000000
0.052133000000000
0.090893000000000
0.052268000000000
0.055806000000000
0.052668000000000
0.052156000000000
0.093705000000000
0.052612000000000
0.051726000000000
0.052991000000000
0.052593000000000
0.051419000000000
0.096280000000000
0.052088000000000
0.093295000000000
0.052865000000000
0.053788000000000
0.056761000000000
0.074256000000000
0.056532000000000
0.051529000000000
0.052365000000000
0.052169000000000
0.092477000000000
0.053179000000000
0.051961000000000
0.051832000000000
0.053890000000000
0.095200000000000
0.051450000000000
0.051862000000000
0.052675000000000
0.052150000000000
0.052512000000000
0.051295000000000
0.134655000000000
0.053181000000000
0.053720000000000
0.051840000000000
0.088509000000000
0.052307000000000
0.053375000000000
0.052481000000000
0.094050000000000
0.051985000000000
0.052247000000000
0.051480000000000
0.088896000000000
0.058244000000000
0.053446000000000
0.051640000000000
0.051757000000000
0.086515000000000
0.051880000000000
0.054971000000000
0.052790000000000
0.052579000000000
0.093534000000000
0.053439000000000
0.053597000000000
0.053209000000000
0.098117000000000
0.054333000000000
0.052189000000000
0.051710000000000
0.052991000000000
0.089911000000000
0.052284000000000
0.052642000000000
0.051603000000000
0.093552000000000
0.059523000000000
0.056783000000000
0.056155000000000
0.051667000000000
0.094557000000000
0.056273000000000
0.051680000000000
0.051949000000000
0.052673000000000
0.095577000000000
0.051954000000000
0.053820000000000
0.058179000000000
0.076319000000000
0.055458000000000
0.053634000000000
0.052590000000000
0.090127000000000
0.051234000000000
0.100049000000000
0.054838000000000
0.052543000000000
0.053178000000000
0.052433000000000
0.089933000000000
0.056452000000000
0.052648000000000
0.052453000000000
0.088606000000000
0.052090000000000
0.051866000000000
0.052710000000000
0.096386000000000
0.214907000000000
0.052883000000000
0.058275000000000
0.052122000000000
0.052373000000000
0.055080000000000
0.051376000000000
0.052284000000000
0.054439000000000
0.073393000000000
0.052083000000000
0.057833000000000
0.051511000000000
0.108466000000000
0.057898000000000
0.097963000000000
0.085619000000000
0.091641000000000
0.095504000000000
0.052450000000000
0.056456000000000
0.094458000000000
0.052519000000000
0.052911000000000
0.052022000000000
0.051476000000000
0.056309000000000
0.097297000000000
0.051636000000000
0.052374000000000
0.051868000000000
0.052067000000000
0.057155000000000
0.116797000000000
0.052643000000000
0.053819000000000
0.051362000000000
0.053788000000000
0.053488000000000
0.091908000000000
0.085193000000000
0.051989000000000
0.051616000000000
0.052421000000000
0.091586000000000
0.053150000000000
0.093610000000000
0.052171000000000
0.051729000000000
0.051576000000000
0.069780000000000
0.051356000000000
0.052768000000000
0.052602000000000
0.053232000000000
0.094918000000000
0.054436000000000
0.057751000000000
0.051645000000000
0.053693000000000
0.052634000000000
0.092441000000000
0.054179000000000
0.052517000000000
0.052547000000000
0.087429000000000
0.058220000000000
0.057338000000000
0.056703000000000
0.089869000000000
0.052356000000000
0.051886000000000
0.053128000000000
0.054111000000000
0.095448000000000
0.053554000000000
0.052234000000000
0.053867000000000
0.092958000000000
0.051995000000000
0.058210000000000
0.057697000000000
0.052628000000000
0.053859000000000
0.076268000000000
0.052628000000000
0.056353000000000
0.052625000000000
0.052470000000000
0.051923000000000
0.086878000000000
0.052208000000000
0.058603000000000
0.053801000000000
0.091596000000000
0.052578000000000
0.058199000000000
0.059006000000000
0.055225000000000
0.068846000000000
0.052560000000000
0.053404000000000
0.052629000000000
0.052447000000000
0.053748000000000
0.089833000000000
0.057006000000000
0.052738000000000
0.054085000000000
0.078864000000000
0.053482000000000
0.052290000000000
0.052823000000000
0.075505000000000
0.053533000000000
0.052886000000000
0.053549000000000
0.055036000000000
0.052997000000000
0.087079000000000
0.052914000000000
0.052528000000000
0.052820000000000
0.086476000000000
0.051914000000000
0.052200000000000
0.058090000000000
0.052941000000000
0.056544000000000
0.053248000000000
0.055848000000000
0.096962000000000
0.055635000000000
0.056758000000000
0.052573000000000
0.053174000000000
0.088467000000000
0.053058000000000
0.052641000000000
0.052859000000000
0.096573000000000
0.052082000000000
0.053908000000000
0.052161000000000
0.077592000000000
0.052194000000000
0.063969000000000
0.502673000000000
0.053187000000000
0.053939000000000
0.058010000000000
0.061168000000000
0.071709000000000
0.052549000000000
0.052619000000000
0.052449000000000
0.054007000000000
0.054014000000000
0.053722000000000
0.056489000000000
0.053350000000000
0.057639000000000
0.058461000000000
0.054004000000000
0.052819000000000
0.051940000000000
0.052555000000000
0.052203000000000
0.052774000000000
0.051521000000000
0.053152000000000
0.052527000000000
0.058527000000000
0.057237000000000
0.057433000000000
0.053246000000000
0.051428000000000
0.053416000000000
0.052340000000000
0.052892000000000
0.054439000000000
0.051748000000000
0.053925000000000
0.051668000000000
0.052317000000000
0.051837000000000
0.054476000000000
0.052303000000000
0.053108000000000
0.053617000000000
0.052414000000000
0.051982000000000
0.051737000000000
0.051518000000000
0.053031000000000
0.051496000000000
0.052416000000000
0.058227000000000
0.051833000000000
0.052044000000000
0.051931000000000
0.056441000000000
0.057063000000000
0.052646000000000
0.053988000000000
0.057411000000000
0.052086000000000
0.053122000000000
0.058097000000000
0.051533000000000
0.052971000000000
0.051958000000000
0.055250000000000
0.053212000000000
0.052168000000000
0.052001000000000
0.090684000000000
0.053777000000000
0.057536000000000
0.052255000000000
0.078860000000000
0.051535000000000
0.052090000000000
0.051905000000000
0.093388000000000
0.052609000000000
0.061279000000000
0.055105000000000
0.053063000000000
0.052489000000000
0.052398000000000
0.099540000000000
0.052488000000000
0.052415000000000
0.051929000000000
0.052334000000000
0.088509000000000
0.051620000000000
0.051807000000000
0.053393000000000
0.051772000000000
0.099627000000000
0.051585000000000
0.058216000000000
0.053069000000000
0.097430000000000
0.051520000000000
0.053311000000000
0.051403000000000
0.052984000000000
0.090068000000000
0.051766000000000
0.052120000000000
0.053072000000000
0.126495000000000
0.053429000000000
0.058278000000000
0.052087000000000
0.097900000000000
0.051799000000000
0.051955000000000
0.057010000000000
0.071931000000000
0.053477000000000
0.051931000000000
0.052684000000000
0.090101000000000
0.081103000000000
0.052645000000000
0.052547000000000
0.052450000000000
0.059284000000000
0.098504000000000
0.053942000000000
0.052135000000000
0.073331000000000
0.052240000000000
0.051591000000000
0.090109000000000
0.052458000000000
0.056478000000000
0.094666000000000
0.053085000000000
0.052177000000000
0.053994000000000
0.106976000000000
0.056525000000000
0.052556000000000
0.052985000000000
0.053042000000000
0.072899000000000
0.057934000000000
0.057995000000000
0.052130000000000
0.072965000000000
0.058298000000000
0.053278000000000
0.057155000000000
0.056980000000000
0.096365000000000
0.051909000000000
0.052000000000000
0.052147000000000
0.093908000000000
0.051859000000000
0.086849000000000
0.094066000000000
0.084978000000000
0.051700000000000
0.057566000000000
0.052551000000000
0.061598000000000
0.087894000000000
0.052194000000000
0.052242000000000
0.052274000000000
0.082869000000000
0.054100000000000
0.057670000000000
0.056513000000000
0.167289000000000
0.085829000000000
0.055963000000000
0.051364000000000
0.094390000000000
0.064271000000000
0.052538000000000
0.052315000000000
0.053098000000000
0.053501000000000
0.052071000000000
0.051985000000000
0.058645000000000
0.052202000000000
0.052182000000000
0.079156000000000
0.053733000000000
0.052426000000000
0.088246000000000
0.052101000000000
0.052823000000000
0.052785000000000
0.053771000000000
0.054032000000000
0.051577000000000
0.056377000000000
0.051788000000000
0.056610000000000
0.086228000000000
0.051595000000000
0.053846000000000
0.052990000000000
0.052316000000000
0.091700000000000
0.052940000000000
0.051510000000000
0.060367000000000
0.095419000000000
0.051712000000000
0.053048000000000
0.068990000000000
0.052271000000000
0.051675000000000
0.052557000000000
0.057416000000000
0.094615000000000
0.052647000000000
0.051985000000000
0.055707000000000
0.096149000000000
0.051298000000000
0.051921000000000
0.051577000000000
0.051646000000000
0.093778000000000
0.053771000000000
0.051670000000000
0.057721000000000
0.094954000000000
0.051806000000000
0.057264000000000
0.053890000000000
0.074729000000000
0.060549000000000
0.054263000000000
0.057383000000000
0.056749000000000
0.091415000000000
0.051595000000000
0.051293000000000
0.054507000000000
0.056377000000000
0.052187000000000
0.057851000000000
0.089074000000000
0.051583000000000
0.051758000000000
0.052465000000000
0.085095000000000
0.054087000000000
0.057338000000000
0.051659000000000
0.053658000000000
0.094251000000000
0.052372000000000
0.052434000000000
0.074930000000000
0.057609000000000
0.052072000000000
0.052047000000000
0.087516000000000
0.055890000000000
0.051983000000000
0.052281000000000
0.054214000000000
0.051765000000000
0.087031000000000
0.052141000000000
0.082894000000000
0.101566000000000
0.086847000000000
0.053416000000000
0.052604000000000
0.059235000000000
0.075443000000000
0.052297000000000
0.052483000000000
0.051877000000000
0.091355000000000
0.053664000000000
0.052034000000000
0.052850000000000
0.092316000000000
0.110972000000000
0.052093000000000
0.051662000000000
0.053902000000000
0.075376000000000
0.052348000000000
0.052260000000000
0.052802000000000
0.077038000000000
0.051904000000000
0.053557000000000
0.087820000000000
0.052194000000000
0.052213000000000
0.053136000000000
0.078542000000000
0.052836000000000
0.051552000000000
0.052202000000000
0.052371000000000
0.070457000000000
0.053364000000000
0.058002000000000
0.052253000000000
0.057304000000000
0.094717000000000
0.051583000000000
0.052576000000000
0.054916000000000
0.091039000000000
0.053773000000000
0.054100000000000
0.052417000000000
0.150679000000000
0.057354000000000
0.054170000000000
0.056430000000000
0.057260000000000
0.052036000000000
0.090842000000000
0.052340000000000
0.051687000000000
0.056772000000000
0.089393000000000
0.052450000000000
0.051300000000000
0.052163000000000
0.091706000000000
0.053916000000000
0.058614000000000
0.058447000000000
0.052355000000000
0.051807000000000
0.053717000000000
0.053067000000000
0.052832000000000
0.053301000000000
0.086163000000000
0.052418000000000
0.051671000000000
0.053391000000000
0.087025000000000
0.051873000000000
0.056464000000000
0.052955000000000
0.053243000000000
0.086483000000000
0.051852000000000
0.052830000000000
0.052256000000000
0.051966000000000
0.091569000000000
0.051574000000000
0.057947000000000
0.052192000000000
0.069913000000000
0.052430000000000
0.052032000000000
0.101660000000000
0.056116000000000
0.068945000000000
0.051597000000000
0.051729000000000
0.053156000000000
0.090516000000000
0.053629000000000
0.053792000000000
0.052002000000000
0.051888000000000
0.077598000000000
0.052291000000000
0.052725000000000
0.052861000000000
0.087100000000000
0.056816000000000
0.053102000000000
0.051857000000000
0.054642000000000
0.051832000000000
0.053577000000000
0.054446000000000
0.098113000000000
0.053705000000000
0.051893000000000
0.057868000000000
0.052401000000000
0.052054000000000
0.097397000000000
0.052098000000000
0.052858000000000
0.052372000000000
0.089528000000000
0.052957000000000
0.052273000000000
0.056927000000000
0.060975000000000
0.088075000000000
0.052629000000000
0.057407000000000
0.096032000000000
0.052234000000000
0.056551000000000
0.052015000000000
0.053156000000000
0.084357000000000
0.091251000000000
0.052142000000000
0.084818000000000
0.052175000000000
0.051708000000000
0.086951000000000
0.052968000000000
0.053573000000000
0.059446000000000
0.052218000000000
0.087984000000000
0.052045000000000
0.053105000000000
0.052040000000000
0.089780000000000
0.054081000000000
0.057912000000000
0.053684000000000
0.053722000000000
0.053439000000000
0.091286000000000
0.054981000000000
0.052349000000000
0.052423000000000
0.084784000000000
0.054786000000000
0.051857000000000
0.057037000000000
0.070990000000000
0.057936000000000
0.058008000000000
0.085749000000000
0.057963000000000
0.053716000000000
0.052975000000000
0.052169000000000
0.052786000000000
0.056166000000000
0.057418000000000
0.077134000000000
0.052625000000000
0.052281000000000
0.053149000000000
0.052763000000000
0.096496000000000
0.052413000000000
0.056412000000000
0.052135000000000
0.115229000000000
0.053168000000000
0.058406000000000
0.052487000000000
0.051919000000000
0.052717000000000
0.054750000000000
0.084425000000000
0.051899000000000
0.053529000000000
0.052626000000000
0.053264000000000
0.075445000000000
0.053340000000000
0.051818000000000
0.052384000000000
0.078508000000000
0.051999000000000
0.060005000000000
0.053246000000000
0.054144000000000
0.057798000000000
0.051971000000000
0.051765000000000
0.051458000000000
0.053806000000000
0.059390000000000
0.052806000000000
0.054049000000000
0.053779000000000
0.053324000000000
0.054601000000000
0.057798000000000
0.057997000000000
0.053360000000000
0.052188000000000
0.052367000000000
0.057539000000000
0.052568000000000
0.053301000000000
0.055520000000000
0.057377000000000
0.052129000000000
0.052753000000000
0.053519000000000
0.085886000000000
0.052038000000000
0.053495000000000
0.054001000000000
0.090941000000000
0.052175000000000
0.051888000000000
0.052145000000000
0.052424000000000
0.051804000000000
0.093991000000000
0.052029000000000
0.052145000000000
0.052376000000000
0.053945000000000
0.053803000000000
0.100308000000000
0.053698000000000
0.097620000000000
0.052637000000000
0.092809000000000
0.052966000000000
0.057461000000000
0.058337000000000
0.054025000000000
0.053377000000000
0.053212000000000
0.053670000000000
0.053782000000000
0.052986000000000
0.052425000000000
0.052214000000000
0.053876000000000
0.051864000000000
0.051938000000000
0.053441000000000
0.052667000000000
0.052504000000000
0.052950000000000
0.052707000000000
0.097629000000000
0.057318000000000
0.051925000000000
0.053790000000000
0.052540000000000
0.052559000000000
0.053681000000000
0.053116000000000
0.052891000000000
0.054085000000000
0.055125000000000
0.096810000000000
0.053205000000000
0.054015000000000
0.052905000000000
0.058456000000000
0.088375000000000
0.057247000000000
0.053620000000000
0.052429000000000
0.086211000000000
0.056119000000000
0.052881000000000
0.057831000000000
0.092725000000000
0.052216000000000
0.052853000000000
0.085462000000000
0.052289000000000
0.052628000000000
0.053663000000000
0.052396000000000
0.087999000000000
0.052759000000000
0.058875000000000
0.052641000000000
0.056006000000000
0.058086000000000
0.052492000000000
0.058122000000000
0.054015000000000
0.052220000000000
0.095933000000000
0.053721000000000
0.052209000000000
0.052197000000000
0.087797000000000
0.052217000000000
0.052419000000000
0.053262000000000
0.087296000000000
0.052618000000000
0.058327000000000
0.092168000000000
0.054994000000000
0.052550000000000
0.090672000000000
0.052387000000000
0.052266000000000
0.052475000000000
0.093241000000000
0.053058000000000
0.056648000000000
0.052348000000000
0.052924000000000
0.093531000000000
0.051925000000000
0.054085000000000
0.053884000000000
0.088791000000000
0.052970000000000
0.052984000000000
0.052268000000000
0.052618000000000
0.053018000000000
0.076337000000000
0.053261000000000
0.057398000000000
0.057227000000000
0.052844000000000
0.052187000000000
0.107949000000000
0.052128000000000
0.052413000000000
0.052562000000000
0.052738000000000
0.090875000000000
0.052201000000000
0.076060000000000
0.053469000000000
0.054648000000000
0.090028000000000
0.052020000000000
0.052272000000000
0.053062000000000
0.087530000000000
0.052530000000000
0.052168000000000
0.053698000000000
0.073373000000000
0.053155000000000
0.052580000000000
0.053901000000000
0.100779000000000
0.052734000000000
0.052362000000000
0.051828000000000
0.052584000000000
0.057634000000000
0.073787000000000
0.057386000000000
0.052014000000000
0.052257000000000
0.087122000000000
0.054322000000000
0.053110000000000
0.052050000000000
0.089382000000000
0.052230000000000
0.052411000000000
0.057575000000000
0.051843000000000
0.094078000000000
0.054528000000000
0.052191000000000
0.057313000000000
0.073454000000000
0.052370000000000
0.052017000000000
0.052417000000000
0.052829000000000
0.077681000000000
0.051965000000000
0.057805000000000
0.052552000000000
0.052334000000000
0.057057000000000
0.079213000000000
0.052479000000000
0.056259000000000
0.052731000000000
0.077467000000000
0.052660000000000
0.057675000000000
0.052114000000000
0.086294000000000
0.052347000000000
0.057085000000000
0.084869000000000
0.052445000000000
0.052517000000000
0.052328000000000
0.055700000000000
0.089365000000000
0.152698000000000
0.057336000000000
0.052536000000000
0.085429000000000
0.052362000000000
0.051985000000000
0.052410000000000
0.086478000000000
0.052177000000000
0.057267000000000
0.088353000000000
0.052227000000000
0.057569000000000
0.052669000000000
0.082285000000000
0.052246000000000
0.055231000000000
0.076829000000000
0.055192000000000
0.053580000000000
0.053643000000000
0.058449000000000
0.052419000000000
0.052618000000000
0.053907000000000
0.054111000000000
0.052625000000000
0.052879000000000
0.052942000000000
0.052968000000000
0.058154000000000
0.052788000000000
0.052422000000000
0.095679000000000
0.054714000000000
0.052783000000000
0.054030000000000
0.052825000000000
0.110791000000000
0.053945000000000
0.052814000000000
0.076522000000000
0.052471000000000
0.053963000000000
0.054547000000000
0.059551000000000
0.093216000000000
0.053962000000000
0.053512000000000
0.053685000000000
0.054926000000000
0.054227000000000
0.052795000000000
0.093624000000000
0.052985000000000
0.053227000000000
0.052547000000000
0.092337000000000
0.060992000000000
0.053227000000000
0.057031000000000
0.088577000000000
0.053265000000000
0.054120000000000
0.064676000000000
0.055308000000000
0.057201000000000
0.052699000000000
0.058870000000000
0.053410000000000
0.052824000000000
0.053378000000000
0.052944000000000
0.074490000000000
0.053226000000000
0.053122000000000
0.057121000000000
0.052645000000000
0.057852000000000
0.084998000000000
0.053072000000000
0.052889000000000
0.052575000000000
0.095055000000000
0.053114000000000
0.052803000000000
0.052429000000000
0.088825000000000
0.054404000000000
0.052635000000000
0.052757000000000
0.053276000000000
0.057121000000000
0.086604000000000
0.058023000000000
0.053743000000000
0.053603000000000
0.052804000000000
0.093276000000000
0.108753000000000
0.051898000000000
0.052139000000000
0.052416000000000
0.096395000000000
0.051678000000000
0.052480000000000
0.093854000000000
0.052243000000000
0.052053000000000
0.051987000000000
0.052702000000000
0.090593000000000
0.052978000000000
0.055299000000000
0.084341000000000
0.053429000000000
0.057087000000000
0.053272000000000
0.090939000000000
0.058195000000000
0.052461000000000
0.051882000000000
0.075891000000000
0.052515000000000
0.052101000000000
0.053766000000000
0.053620000000000
0.093718000000000
0.054834000000000
0.053634000000000
0.087408000000000
0.053356000000000
0.052808000000000
0.051867000000000
0.086137000000000
0.052032000000000
0.051959000000000
0.051939000000000
0.057814000000000
0.093349000000000
0.052077000000000
0.053497000000000
0.052148000000000
0.053345000000000
0.075866000000000
0.051896000000000
0.053065000000000
0.051764000000000
0.087886000000000
0.052165000000000
0.053842000000000
0.053199000000000
0.052851000000000
0.053169000000000
0.088017000000000
0.057162000000000
0.053240000000000
0.052813000000000
0.096263000000000
0.053348000000000
0.052251000000000
0.052446000000000
0.088434000000000
0.053090000000000
0.052208000000000
0.057748000000000
0.079324000000000
0.051998000000000
0.053472000000000
0.105172000000000
0.053296000000000
0.054363000000000
0.052560000000000
0.071244000000000
0.054736000000000
0.052779000000000
0.052288000000000
0.104446000000000
0.053490000000000
0.055187000000000
0.107687000000000
0.058614000000000
0.058530000000000
0.052297000000000
0.052429000000000
0.052733000000000
0.054640000000000
0.054535000000000
0.053099000000000
0.057358000000000
0.094927000000000
0.056248000000000
0.053038000000000
0.055037000000000
0.090131000000000
0.052725000000000
0.057958000000000
0.052094000000000
0.054021000000000
0.053615000000000
0.075117000000000
0.061736000000000
0.054042000000000
0.053047000000000
0.089601000000000
0.053225000000000
0.054590000000000
0.052411000000000
0.052485000000000
0.057203000000000
0.052893000000000
0.053165000000000
0.058924000000000
0.054553000000000
0.091046000000000
0.053164000000000
0.052629000000000
0.052725000000000
0.058133000000000
0.053642000000000
0.053010000000000
0.059781000000000
0.075246000000000
0.054207000000000
0.052961000000000
0.087148000000000
0.094303000000000
0.053740000000000
0.054295000000000
0.052329000000000
0.052676000000000
0.058357000000000
0.095327000000000
0.053258000000000
0.054272000000000
0.052597000000000
0.053055000000000
0.053629000000000
0.052406000000000
0.053074000000000
0.058284000000000
0.070378000000000
0.052288000000000
0.052682000000000
0.057289000000000
0.089117000000000
0.053412000000000
0.053609000000000
0.084957000000000
0.052261000000000
0.053714000000000
0.052977000000000
0.093245000000000
0.053489000000000
0.058039000000000
0.052786000000000
0.091284000000000
0.054117000000000
0.053225000000000
0.077874000000000
0.054228000000000
0.056558000000000
0.058611000000000
0.058517000000000
0.096227000000000
0.055245000000000
0.052357000000000
0.052520000000000
0.087116000000000
0.053031000000000
0.052434000000000
0.053834000000000
0.052962000000000
0.055246000000000
0.082624000000000
0.052563000000000
0.053925000000000
0.060182000000000
0.097448000000000
0.054420000000000
0.052959000000000
0.058806000000000
0.052490000000000
0.071171000000000
0.052648000000000
0.052628000000000
0.052393000000000
0.054535000000000
0.052478000000000
0.052586000000000
0.076321000000000
0.052751000000000
0.052275000000000
0.059095000000000
0.088439000000000
0.052929000000000
0.053065000000000
0.059011000000000
0.054794000000000
0.054476000000000
0.093868000000000
0.053781000000000
0.056137000000000
0.052673000000000
0.057659000000000
0.059499000000000
0.077436000000000
0.058538000000000
0.052649000000000
0.053224000000000
0.052544000000000
0.090863000000000
0.058162000000000
0.053546000000000
0.051574000000000
0.051879000000000
0.085355000000000
0.053451000000000
0.057664000000000
0.052343000000000
0.052047000000000
0.092644000000000
0.053751000000000
0.052417000000000
0.077227000000000
0.057949000000000
0.053279000000000
0.052891000000000
0.052570000000000
0.057876000000000
0.089175000000000
0.052975000000000
0.053717000000000
0.071391000000000
0.057838000000000
0.053073000000000
0.052579000000000
0.053991000000000
0.090126000000000
0.052742000000000
0.054136000000000
0.053906000000000
0.084908000000000
0.058004000000000
0.054215000000000
0.057090000000000
0.052313000000000
0.057406000000000
0.057896000000000
0.052741000000000
0.052620000000000
0.057605000000000
0.071292000000000
0.051927000000000
0.053267000000000
0.071948000000000
0.057926000000000
0.052858000000000
0.070564000000000
0.052971000000000
0.056955000000000
0.084613000000000
0.058340000000000
0.058057000000000
0.052450000000000
0.052095000000000
0.087098000000000
0.051893000000000
0.053455000000000
0.054234000000000
0.053837000000000
0.086610000000000
0.051977000000000
0.053558000000000
0.057709000000000
0.077407000000000
0.052131000000000
0.058165000000000
0.070061000000000
0.052265000000000
0.052769000000000
0.052486000000000
0.056363000000000
0.085497000000000
0.053384000000000
0.054758000000000
0.079573000000000
0.057320000000000
0.051677000000000
0.092991000000000
0.052368000000000
0.057262000000000
0.053472000000000
0.058144000000000
0.054239000000000
0.051831000000000
0.086715000000000
0.053667000000000
0.057556000000000
0.093574000000000
0.052922000000000
0.053036000000000
0.092468000000000
0.052789000000000
0.052489000000000
0.053543000000000
0.095387000000000
0.058230000000000
0.056367000000000
0.052200000000000
0.052568000000000
0.087785000000000
0.052361000000000
0.053807000000000
0.056537000000000
0.068554000000000
0.056189000000000
0.052173000000000
0.094761000000000
0.052401000000000
0.052459000000000
0.052113000000000
0.095080000000000
0.052946000000000
0.101488000000000
0.089461000000000
0.054998000000000
0.057344000000000
0.052137000000000
0.051876000000000
0.052804000000000
0.057604000000000
0.052602000000000
0.051867000000000
0.058779000000000
0.051812000000000
0.052073000000000
0.052118000000000
0.052653000000000
0.076953000000000
0.059591000000000
0.057582000000000
0.075217000000000
0.051756000000000
0.052101000000000
0.052730000000000
0.055289000000000
0.078352000000000
0.054735000000000
0.052076000000000
0.053622000000000
0.085177000000000
0.056560000000000
0.052252000000000
0.053133000000000
0.052545000000000
0.052298000000000
0.052407000000000
0.057884000000000
0.052695000000000
0.053988000000000
0.058289000000000
0.095291000000000
0.054188000000000
0.052572000000000
0.052576000000000
0.094546000000000
0.051696000000000
0.052540000000000
0.054565000000000
0.072295000000000
0.057576000000000
0.057869000000000
0.052099000000000
0.052332000000000
0.085391000000000
0.057379000000000
0.054149000000000
0.073065000000000
0.052724000000000
0.053939000000000
0.052948000000000
0.052983000000000
0.079301000000000
0.058351000000000
0.052570000000000
0.051939000000000
0.087169000000000
0.051989000000000
0.052330000000000
0.052844000000000
0.053881000000000
0.085944000000000
0.052288000000000
0.052415000000000
0.054381000000000
0.052266000000000
0.057744000000000
0.093880000000000
0.052207000000000
0.051958000000000
0.060362000000000
0.084635000000000
0.052284000000000
0.052036000000000
0.090141000000000
0.052100000000000
0.053291000000000
0.053310000000000
0.052288000000000
0.056478000000000
0.052772000000000
0.087158000000000
0.052054000000000
0.052235000000000
0.056551000000000
0.092150000000000
0.053601000000000
0.053410000000000
0.087346000000000
0.058163000000000
0.059556000000000
0.053147000000000
0.052217000000000
0.051812000000000
0.077859000000000
0.054068000000000
0.054165000000000
0.053947000000000
0.094107000000000
0.054144000000000
0.052957000000000
0.054635000000000
0.075914000000000
0.052199000000000
0.052537000000000
0.052398000000000
0.089417000000000
0.057984000000000
0.052039000000000
0.051930000000000
0.090874000000000
0.052664000000000
0.052464000000000
0.093137000000000
0.056772000000000
0.052402000000000
0.058163000000000
0.052547000000000
0.052195000000000
0.083989000000000
0.054037000000000
0.055339000000000
0.053215000000000
0.095726000000000
0.052256000000000
0.052909000000000
0.051937000000000
0.069410000000000
0.057479000000000
0.058077000000000
0.052344000000000
0.070900000000000
0.051586000000000
0.105243000000000
0.057090000000000
0.053094000000000
0.059050000000000
0.086172000000000
0.056196000000000
0.052426000000000
0.055283000000000
0.054089000000000
0.091653000000000
0.053546000000000
0.057299000000000
0.059334000000000
0.068956000000000
0.052690000000000
0.057291000000000
0.087713000000000
0.058027000000000
0.051978000000000
0.089732000000000
0.052541000000000
0.052196000000000
0.057710000000000
0.054413000000000
0.094182000000000
0.058149000000000
0.087152000000000
0.081078000000000
0.051961000000000
0.051720000000000
0.093717000000000
0.052360000000000
0.052705000000000
0.052542000000000
0.091406000000000
0.053081000000000
0.054306000000000
0.057475000000000
0.057519000000000
0.053036000000000
0.053495000000000
0.059212000000000
0.053444000000000
0.052381000000000
0.051831000000000
0.054351000000000
0.086062000000000
0.053891000000000
0.052120000000000
0.091492000000000
0.054590000000000
0.059768000000000
0.105016000000000
0.052665000000000
0.057983000000000
0.052112000000000
0.053790000000000
0.053824000000000
0.051774000000000
0.053726000000000
0.054662000000000
0.051695000000000
0.052803000000000
0.052772000000000
0.053420000000000
0.052653000000000
0.076559000000000
0.052401000000000
0.051955000000000
0.094729000000000
0.052238000000000
0.053330000000000
0.052453000000000
0.052557000000000
0.076670000000000
0.051663000000000
0.052527000000000
0.057012000000000
0.057768000000000
0.078326000000000
0.053064000000000
0.057650000000000
0.056077000000000
0.116970000000000
0.053400000000000
0.056523000000000
0.057795000000000
0.088379000000000
0.057588000000000
0.053739000000000
0.088312000000000
0.055576000000000
0.052193000000000
0.073533000000000
0.052958000000000
0.056106000000000
0.093963000000000
0.057307000000000
0.052139000000000
0.087663000000000
0.056286000000000
0.058007000000000
0.054284000000000
0.086419000000000
0.051856000000000
0.052819000000000
0.067798000000000
0.051637000000000
0.052932000000000
0.053960000000000
0.052621000000000
0.089879000000000
0.051899000000000
0.052529000000000
0.052334000000000
0.071578000000000
0.054260000000000
0.052228000000000
0.092405000000000
0.052787000000000
0.052241000000000
0.086379000000000
0.056991000000000
0.057985000000000
0.087390000000000
0.052266000000000
0.053767000000000
0.076671000000000
0.052032000000000
0.052497000000000
0.087845000000000
0.052609000000000
0.056473000000000
0.053864000000000
0.094440000000000
0.057880000000000
0.053697000000000
0.092525000000000
0.055851000000000
0.058696000000000
0.051565000000000
0.085807000000000
0.053176000000000
0.052178000000000
0.057921000000000
0.087993000000000
0.052650000000000
0.052354000000000
0.093080000000000
0.051874000000000
0.052411000000000
0.052339000000000
0.094641000000000
0.052144000000000
0.051964000000000
0.052748000000000
0.094875000000000
0.052286000000000
0.053191000000000
0.068856000000000
0.051714000000000
0.052839000000000
0.052754000000000
0.052848000000000
0.075993000000000
0.052411000000000
0.052293000000000
0.052557000000000
0.058936000000000
0.052427000000000
0.070432000000000
0.052707000000000
0.053300000000000
0.111951000000000
0.052215000000000
0.057770000000000
0.077448000000000
0.052279000000000
0.051791000000000
0.090764000000000
0.052173000000000
0.052408000000000
0.052239000000000
0.091816000000000
0.052761000000000
0.052300000000000
0.054072000000000
0.076977000000000
0.055344000000000
0.052416000000000
0.053787000000000
0.090518000000000
0.053064000000000
0.051697000000000
0.087724000000000
0.052845000000000
0.053094000000000
0.073396000000000
0.052392000000000
0.052129000000000
0.052423000000000
0.079103000000000
0.054911000000000
0.052530000000000
0.055100000000000
0.089807000000000
0.052336000000000
0.052442000000000
0.085522000000000
0.052569000000000
0.093287000000000
0.088557000000000
0.076601000000000
0.051741000000000
0.053786000000000
0.081219000000000
0.052624000000000
0.058054000000000
0.052842000000000
0.089240000000000
0.056593000000000
0.052150000000000
0.093258000000000
0.052855000000000
0.052746000000000
0.096828000000000
0.052247000000000
0.052144000000000
0.090765000000000
0.052095000000000
0.053497000000000
0.101365000000000
0.051790000000000
0.077422000000000
0.128083000000000
0.057481000000000
0.090472000000000
0.051795000000000
0.052742000000000
0.051972000000000
0.068022000000000
0.052181000000000
0.057051000000000
0.052352000000000
0.053279000000000
0.070530000000000
0.052866000000000
0.053122000000000
0.054004000000000
0.053779000000000
0.052417000000000
0.078894000000000
0.058825000000000
0.053205000000000
0.051921000000000
0.089404000000000
0.052130000000000
0.052657000000000
0.057556000000000
0.092925000000000
0.052360000000000
0.051888000000000
0.056305000000000
0.051627000000000
0.095459000000000
0.053282000000000
0.084703000000000
0.052605000000000
0.091019000000000
0.053944000000000
0.051985000000000
0.094419000000000
0.052273000000000
0.056372000000000
0.087103000000000
0.059129000000000
0.052242000000000
0.052372000000000
0.052167000000000
0.094585000000000
0.052103000000000
0.053408000000000
0.055635000000000
0.085334000000000
0.052134000000000
0.057216000000000
0.053295000000000
0.051736000000000
0.056134000000000
0.072156000000000
0.052340000000000
0.053476000000000
0.057888000000000
0.056559000000000
0.089634000000000
0.052552000000000
0.057630000000000
0.052094000000000
0.087439000000000
0.053892000000000
0.052161000000000
0.086363000000000
0.057740000000000
0.058284000000000
0.051790000000000
0.052185000000000
0.052427000000000
0.095186000000000
0.051717000000000
0.052940000000000
0.087557000000000
0.053446000000000
0.052274000000000
0.052835000000000
0.054008000000000
0.057584000000000
0.095015000000000
0.053800000000000
0.052478000000000
0.084904000000000
0.052542000000000
0.052389000000000
0.086048000000000
0.057520000000000
0.052127000000000
0.092807000000000
0.051962000000000
0.054120000000000
0.058637000000000
0.093595000000000
0.052184000000000
0.052749000000000
0.087725000000000
0.054365000000000
0.052158000000000
0.082170000000000
0.052793000000000
0.052999000000000
0.058074000000000
0.088811000000000
0.052569000000000
0.057515000000000
0.071162000000000
0.054061000000000
0.052170000000000
0.088398000000000
0.052273000000000
0.058012000000000
0.052326000000000
0.091925000000000
0.053533000000000
0.052472000000000
0.095730000000000
0.052962000000000
0.052114000000000
0.053649000000000
0.052705000000000
0.072564000000000
0.052504000000000
0.052168000000000
0.051850000000000
0.052331000000000
0.067998000000000
0.053881000000000
0.052177000000000
0.093523000000000
0.056019000000000
0.058694000000000
0.071658000000000
0.052937000000000
0.052998000000000
0.091993000000000
0.052684000000000
0.051991000000000
0.052142000000000
0.074132000000000
0.052243000000000
0.052677000000000
0.096432000000000
0.052156000000000
0.052325000000000
0.052288000000000
0.070465000000000
0.052019000000000
0.052367000000000
0.053422000000000
0.090402000000000
0.052714000000000
0.052764000000000
0.087410000000000
0.053231000000000
0.052228000000000
0.088323000000000
0.051929000000000
0.061439000000000
0.052338000000000
0.129756000000000
0.053207000000000
0.058202000000000
0.052343000000000
0.088356000000000
0.057957000000000
0.053844000000000
0.068522000000000
0.053590000000000
0.053903000000000
0.052659000000000
0.052344000000000
0.054058000000000
0.052240000000000
0.053255000000000
0.053120000000000
0.052556000000000
0.052508000000000
0.058007000000000
0.052148000000000
0.054159000000000
0.052287000000000
0.090148000000000
0.052232000000000
0.053705000000000
0.054338000000000
0.088876000000000
0.053646000000000
0.053267000000000
0.053615000000000
0.052253000000000
0.086223000000000
0.052201000000000
0.052463000000000
0.094778000000000
0.058368000000000
0.053930000000000
0.053672000000000
0.094597000000000
0.053120000000000
0.052371000000000
0.058067000000000
0.089092000000000
0.056162000000000
0.058625000000000
0.110258000000000
0.056814000000000
0.053644000000000
0.053364000000000
0.087135000000000
0.056648000000000
0.052773000000000
0.089068000000000
0.058842000000000
0.052723000000000
0.054055000000000
0.095705000000000
0.052635000000000
0.053310000000000
0.070708000000000
0.054322000000000
0.053900000000000
0.052682000000000
0.052544000000000
0.087322000000000
0.053865000000000
0.052694000000000
0.086706000000000
0.053639000000000
0.056151000000000
0.081959000000000
0.052118000000000
0.053881000000000
0.075571000000000
0.052599000000000
0.052761000000000
0.087072000000000
0.054470000000000
0.053200000000000
0.053962000000000
0.091658000000000
0.052097000000000
0.058116000000000
0.089923000000000
0.052130000000000
0.052445000000000
0.091222000000000
0.056928000000000
0.054064000000000
0.052158000000000
0.091258000000000
0.052730000000000
0.052442000000000
0.094456000000000
0.054029000000000
0.052683000000000
0.106591000000000
0.052137000000000
0.052948000000000
0.073462000000000
0.052182000000000
0.057959000000000
0.083544000000000
0.052608000000000
0.053738000000000
0.089769000000000
0.054601000000000
0.057140000000000
0.093431000000000
0.055267000000000
0.059215000000000
0.091315000000000
0.058165000000000
0.058624000000000
0.091355000000000
0.053649000000000
0.052898000000000
0.053007000000000
0.053998000000000
0.092444000000000
0.054456000000000
0.052519000000000
0.058279000000000
0.096222000000000
0.056795000000000
0.052754000000000
0.081460000000000
0.053201000000000
0.054584000000000
0.054439000000000
0.057918000000000
0.052960000000000
0.053096000000000
0.052612000000000
0.055009000000000
0.055128000000000
0.091465000000000
0.053205000000000
0.055288000000000
0.071436000000000
0.055224000000000
0.052819000000000
0.092943000000000
0.053828000000000
0.054259000000000
0.057714000000000
0.092914000000000
0.055098000000000
0.054465000000000
0.078394000000000
0.055259000000000
0.054005000000000
0.095030000000000
0.054875000000000
0.056394000000000
0.099701000000000
0.054516000000000
0.150100000000000
0.055289000000000
0.077901000000000
0.055319000000000
0.053572000000000
0.101809000000000
0.053387000000000
0.053264000000000
0.054004000000000
0.053370000000000
0.058923000000000
0.055123000000000
0.053178000000000
0.054295000000000
0.054304000000000
0.053085000000000
0.057206000000000
0.053995000000000
0.054938000000000
0.054432000000000
0.055877000000000
0.054145000000000
0.057936000000000
0.058113000000000
0.053970000000000
0.057696000000000
0.052973000000000
0.052673000000000
0.058542000000000
0.052339000000000
0.052252000000000
0.057274000000000
0.058607000000000
0.052533000000000
0.052125000000000
0.054204000000000
0.052500000000000
0.053900000000000
0.052741000000000
0.052679000000000
0.052611000000000
0.052930000000000
0.058679000000000
0.057069000000000
0.053662000000000
0.060674000000000
0.053441000000000
0.058421000000000
0.058854000000000
0.138107000000000
0.053211000000000
0.054189000000000
0.054656000000000
0.053044000000000
0.053081000000000
0.054745000000000
0.054576000000000
0.059469000000000
0.054193000000000
0.052792000000000
0.052283000000000
0.053523000000000
0.054798000000000
0.054297000000000
0.053463000000000
0.058932000000000
0.054777000000000
0.055225000000000
0.053357000000000
0.052867000000000
0.059416000000000
0.056983000000000
0.083132000000000
0.054071000000000
0.226942000000000
0.152115000000000
0.054102000000000
0.089206000000000
0.058737000000000
0.053046000000000
0.052942000000000
0.057776000000000
0.053551000000000
0.055349000000000
0.057642000000000
0.055153000000000
0.054777000000000
0.056823000000000
0.060315000000000
0.055535000000000
0.055038000000000
0.058145000000000
0.054101000000000
0.054177000000000
0.053422000000000
0.055375000000000
0.056630000000000
0.055485000000000
0.077682000000000
0.058584000000000
0.057239000000000
0.058511000000000
0.053843000000000
0.059623000000000
0.054377000000000
0.058818000000000
0.053025000000000
0.058997000000000
0.053885000000000
0.054786000000000
0.057987000000000
0.053245000000000
0.055469000000000
0.054105000000000
0.054282000000000
0.053316000000000
0.053805000000000
0.052608000000000
0.053994000000000
0.052377000000000
0.054596000000000
0.053197000000000
0.052909000000000
0.054021000000000
0.053562000000000
0.057102000000000
0.052579000000000
0.052915000000000
0.053459000000000
0.054009000000000
0.057111000000000
0.053667000000000
0.111719000000000
0.053556000000000
0.054551000000000
0.054878000000000
0.057789000000000
0.058390000000000
0.052863000000000
0.057311000000000
0.058388000000000
0.057813000000000
0.056311000000000
0.053066000000000
0.054565000000000
0.055054000000000
0.091335000000000
0.053918000000000
0.057863000000000
0.054091000000000
0.095566000000000
0.053032000000000
0.054937000000000
0.056265000000000
0.114742000000000
0.056511000000000
0.073539000000000
0.063651000000000
0.053929000000000
0.060093000000000
0.054994000000000
0.056892000000000
0.058208000000000
0.056444000000000
0.059346000000000
0.077681000000000
0.059623000000000
0.053884000000000
0.057124000000000
0.052851000000000
0.056965000000000
0.053184000000000
0.053061000000000
0.060785000000000
0.058699000000000
0.052837000000000
0.054318000000000
0.106985000000000
0.123053000000000
0.057976000000000
0.058857000000000
0.053546000000000
0.100306000000000
0.054590000000000
0.054382000000000
0.053965000000000
0.054722000000000
0.053748000000000
0.060593000000000
0.103455000000000
0.053326000000000
0.057038000000000
0.056761000000000
0.057735000000000
0.059207000000000
0.058690000000000
0.054052000000000
0.052982000000000
0.056839000000000
0.054162000000000
0.054546000000000
0.058549000000000
0.054961000000000
0.052889000000000
0.055201000000000
0.067115000000000
0.054553000000000
0.058584000000000
0.087538000000000
0.053868000000000
0.052883000000000
0.053947000000000
0.059210000000000
0.052917000000000
0.052829000000000
0.122101000000000
0.053952000000000
