0.000901000000000
0.000781000000000
0.000825000000000
0.000838000000000
0.000941000000000
0.000810000000000
0.000786000000000
0.000831000000000
0.000858000000000
0.001182000000000
0.000792000000000
0.000863000000000
0.001462000000000
0.000853000000000
0.000788000000000
0.000762000000000
0.000849000000000
0.000868000000000
0.000753000000000
0.000855000000000
0.000847000000000
0.000780000000000
0.000815000000000
0.000842000000000
0.001312000000000
0.000861000000000
0.001721000000000
0.002239000000000
0.000972000000000
0.000845000000000
0.000783000000000
0.001766000000000
0.000839000000000
0.000845000000000
0.000840000000000
0.000867000000000
0.000855000000000
0.001177000000000
0.000854000000000
0.000862000000000
0.000852000000000
0.000911000000000
0.000863000000000
0.000868000000000
0.000926000000000
0.000876000000000
0.001169000000000
0.000891000000000
0.001189000000000
0.000840000000000
0.000847000000000
0.000849000000000
0.000812000000000
0.000848000000000
0.000874000000000
0.000925000000000
0.000868000000000
0.001018000000000
0.001962000000000
0.000967000000000
0.002184000000000
0.000800000000000
0.001105000000000
0.000951000000000
0.000895000000000
0.000849000000000
0.001105000000000
0.000865000000000
0.000853000000000
0.000844000000000
0.000919000000000
0.000850000000000
0.000848000000000
0.000836000000000
0.001117000000000
0.000841000000000
0.000845000000000
0.000871000000000
0.000784000000000
0.001403000000000
0.002188000000000
0.000871000000000
0.000879000000000
0.000850000000000
0.000852000000000
0.000845000000000
0.000861000000000
0.000845000000000
0.000841000000000
0.001174000000000
0.001199000000000
0.000851000000000
0.000866000000000
0.001502000000000
0.000862000000000
0.000801000000000
0.002285000000000
0.000831000000000
0.000853000000000
0.001133000000000
0.000846000000000
0.000857000000000
0.000765000000000
0.000857000000000
0.001374000000000
0.001800000000000
0.000876000000000
0.000867000000000
0.001171000000000
0.000875000000000
0.000856000000000
0.000851000000000
0.000813000000000
0.001162000000000
0.000847000000000
0.000857000000000
0.000779000000000
0.000875000000000
0.000938000000000
0.000845000000000
0.000873000000000
0.000804000000000
0.001120000000000
0.001254000000000
0.001169000000000
0.000806000000000
0.002043000000000
0.001097000000000
0.000848000000000
0.000852000000000
0.001132000000000
0.000850000000000
0.001260000000000
0.000866000000000
0.000853000000000
0.000868000000000
0.000981000000000
0.000857000000000
0.000818000000000
0.001146000000000
0.001765000000000
0.000988000000000
0.000843000000000
0.001249000000000
0.000853000000000
0.000898000000000
0.000888000000000
0.000846000000000
0.001691000000000
0.000857000000000
0.000853000000000
0.000869000000000
0.001193000000000
0.000820000000000
0.001052000000000
0.001229000000000
0.000853000000000
0.001030000000000
0.000829000000000
0.001499000000000
0.000816000000000
0.001397000000000
0.001941000000000
0.000935000000000
0.001779000000000
0.000928000000000
0.000831000000000
0.000829000000000
0.000883000000000
0.000944000000000
0.000856000000000
0.000855000000000
0.000871000000000
0.000855000000000
0.000812000000000
0.000854000000000
0.000848000000000
0.000835000000000
0.000851000000000
0.000871000000000
0.000871000000000
0.000882000000000
0.000843000000000
0.002074000000000
0.001458000000000
0.000850000000000
0.000861000000000
0.000849000000000
0.001023000000000
0.001942000000000
0.000878000000000
0.001204000000000
0.001901000000000
0.000909000000000
0.001002000000000
0.000885000000000
0.000861000000000
0.000960000000000
0.001931000000000
0.001070000000000
0.000908000000000
0.001080000000000
0.000996000000000
0.001018000000000
0.001191000000000
0.000758000000000
0.000876000000000
0.002286000000000
0.000954000000000
0.000911000000000
0.000860000000000
0.000833000000000
0.000854000000000
0.000796000000000
0.000868000000000
0.000812000000000
0.000869000000000
0.001185000000000
0.000849000000000
0.000866000000000
0.001179000000000
0.000781000000000
0.000856000000000
0.002962000000000
0.000858000000000
0.000869000000000
0.000851000000000
0.000807000000000
0.000856000000000
0.000857000000000
0.000866000000000
0.001170000000000
0.001206000000000
0.000840000000000
0.000874000000000
0.000800000000000
0.000869000000000
0.001939000000000
0.002303000000000
0.000838000000000
0.000866000000000
0.000918000000000
0.001199000000000
0.000845000000000
0.001174000000000
0.002033000000000
0.000808000000000
0.000862000000000
0.000880000000000
0.000839000000000
0.000875000000000
0.000863000000000
0.001138000000000
0.000868000000000
0.001150000000000
0.000855000000000
0.001194000000000
0.000835000000000
0.001221000000000
0.000990000000000
0.000854000000000
0.000788000000000
0.000873000000000
0.000873000000000
0.000984000000000
0.001461000000000
0.000850000000000
0.000888000000000
0.000759000000000
0.000854000000000
0.000852000000000
0.001101000000000
0.000822000000000
0.001268000000000
0.000875000000000
0.000791000000000
0.000795000000000
0.000863000000000
0.001505000000000
0.001917000000000
0.001789000000000
0.000765000000000
0.000957000000000
0.000839000000000
0.000812000000000
0.002300000000000
0.000852000000000
0.000838000000000
0.000856000000000
0.000833000000000
0.000872000000000
0.000870000000000
0.000807000000000
0.000849000000000
0.000852000000000
0.000852000000000
0.000841000000000
0.000845000000000
0.000847000000000
0.002270000000000
0.000902000000000
0.000878000000000
0.000754000000000
0.000847000000000
0.000876000000000
0.001187000000000
0.000993000000000
0.000863000000000
0.000797000000000
0.000902000000000
0.000850000000000
0.002247000000000
0.001326000000000
0.000827000000000
0.000856000000000
0.000845000000000
0.000833000000000
0.002251000000000
0.000934000000000
0.000804000000000
0.000866000000000
0.000888000000000
0.000798000000000
0.000870000000000
0.001236000000000
0.000823000000000
0.000848000000000
0.001169000000000
0.000871000000000
0.000866000000000
0.000859000000000
0.000836000000000
0.000938000000000
0.000854000000000
0.000834000000000
0.000844000000000
0.001947000000000
0.000798000000000
0.000834000000000
0.000796000000000
0.000881000000000
0.000929000000000
0.000918000000000
0.000913000000000
0.000830000000000
0.000871000000000
0.000808000000000
0.000855000000000
0.001288000000000
0.000871000000000
0.000842000000000
0.000843000000000
0.000859000000000
0.001203000000000
0.000806000000000
0.000889000000000
0.000869000000000
0.001180000000000
0.000818000000000
0.001224000000000
0.000831000000000
0.000766000000000
0.000858000000000
0.000868000000000
0.000841000000000
0.001988000000000
0.000866000000000
0.001361000000000
0.000850000000000
0.000902000000000
0.000891000000000
0.001198000000000
0.000852000000000
0.000763000000000
0.000945000000000
0.000804000000000
0.000877000000000
0.000850000000000
0.001660000000000
0.001338000000000
0.000808000000000
0.000867000000000
0.000883000000000
0.000987000000000
0.001004000000000
0.000864000000000
0.001081000000000
0.002710000000000
0.002454000000000
0.000857000000000
0.000859000000000
0.000910000000000
0.000849000000000
0.000864000000000
0.001198000000000
0.000944000000000
0.000855000000000
0.000848000000000
0.000853000000000
0.000807000000000
0.002031000000000
0.000808000000000
0.000860000000000
0.000859000000000
0.000858000000000
0.000866000000000
0.000868000000000
0.000868000000000
0.000926000000000
0.001066000000000
0.000858000000000
0.001305000000000
0.001130000000000
0.002172000000000
0.000849000000000
0.000860000000000
0.000852000000000
0.000972000000000
0.000868000000000
0.000856000000000
0.002459000000000
0.000804000000000
0.001020000000000
0.001197000000000
0.000959000000000
0.001138000000000
0.000835000000000
0.000851000000000
0.000865000000000
0.001558000000000
0.000846000000000
0.000847000000000
0.000878000000000
0.002323000000000
0.000948000000000
0.001145000000000
0.000857000000000
0.001332000000000
0.000927000000000
0.000856000000000
0.000865000000000
0.000861000000000
0.000862000000000
0.002072000000000
0.001355000000000
0.000837000000000
0.000875000000000
0.000843000000000
0.002086000000000
0.000843000000000
0.000845000000000
0.000867000000000
0.000854000000000
0.002268000000000
0.001445000000000
0.000887000000000
0.000888000000000
0.000818000000000
0.000892000000000
0.000872000000000
0.000932000000000
0.000857000000000
0.000801000000000
0.000802000000000
0.000861000000000
0.000772000000000
0.000852000000000
0.000919000000000
0.000855000000000
0.000852000000000
0.000835000000000
0.000999000000000
0.002242000000000
0.001269000000000
0.000767000000000
0.001034000000000
0.001818000000000
0.001159000000000
0.000806000000000
0.000866000000000
0.001008000000000
0.000890000000000
0.000850000000000
0.001178000000000
0.000848000000000
0.002090000000000
0.000989000000000
0.000869000000000
0.001402000000000
0.000900000000000
0.000927000000000
0.000860000000000
0.001626000000000
0.001243000000000
0.000863000000000
0.001973000000000
0.000852000000000
0.000883000000000
0.000860000000000
0.000867000000000
0.001151000000000
0.000863000000000
0.000928000000000
0.000958000000000
0.000853000000000
0.001106000000000
0.000857000000000
0.001223000000000
0.001872000000000
0.000853000000000
0.000853000000000
0.002344000000000
0.000851000000000
0.000871000000000
0.000876000000000
0.000868000000000
0.000983000000000
0.001314000000000
0.000801000000000
0.000801000000000
0.001205000000000
0.000867000000000
0.000841000000000
0.000849000000000
0.000862000000000
0.001164000000000
0.000853000000000
0.000849000000000
0.002229000000000
0.001456000000000
0.000854000000000
0.000847000000000
0.002293000000000
0.000846000000000
0.000888000000000
0.000919000000000
0.000794000000000
0.000903000000000
0.000861000000000
0.000980000000000
0.000932000000000
0.000828000000000
0.000826000000000
0.000958000000000
0.000856000000000
0.001581000000000
0.000856000000000
0.001201000000000
0.001988000000000
0.000896000000000
0.000861000000000
0.000869000000000
0.000857000000000
0.001013000000000
0.000889000000000
0.000864000000000
0.000862000000000
0.000792000000000
0.000894000000000
0.000848000000000
0.000859000000000
0.001381000000000
0.000845000000000
0.000858000000000
0.000890000000000
0.000939000000000
0.000866000000000
0.001752000000000
0.000811000000000
0.000874000000000
0.001158000000000
0.000858000000000
0.000879000000000
0.000857000000000
0.000804000000000
0.000868000000000
0.000890000000000
0.001266000000000
0.000831000000000
0.000856000000000
0.000967000000000
0.001242000000000
0.000758000000000
0.001318000000000
0.000981000000000
0.000860000000000
0.000806000000000
0.000868000000000
0.000868000000000
0.000918000000000
0.000918000000000
0.001020000000000
0.001910000000000
0.000883000000000
0.000855000000000
0.000871000000000
0.000864000000000
0.001020000000000
0.001380000000000
0.000852000000000
0.001194000000000
0.000785000000000
0.001208000000000
0.001023000000000
0.001544000000000
0.001324000000000
0.000952000000000
0.000857000000000
0.000999000000000
0.000952000000000
0.000911000000000
0.001353000000000
0.000830000000000
0.001244000000000
0.000843000000000
0.000861000000000
0.000860000000000
0.000863000000000
0.000860000000000
0.002288000000000
0.001236000000000
0.000865000000000
0.000980000000000
0.000857000000000
0.000869000000000
0.000858000000000
0.000822000000000
0.001212000000000
0.000849000000000
0.000866000000000
0.000837000000000
0.001180000000000
0.001005000000000
0.000858000000000
0.000868000000000
0.001744000000000
0.000875000000000
0.001407000000000
0.000812000000000
0.002198000000000
0.000845000000000
0.000846000000000
0.000875000000000
0.000854000000000
0.000864000000000
0.000849000000000
0.000848000000000
0.000899000000000
0.000865000000000
0.000836000000000
0.000855000000000
0.000847000000000
0.000860000000000
0.000883000000000
0.000801000000000
0.000961000000000
0.000929000000000
0.001063000000000
0.000816000000000
0.000858000000000
0.000871000000000
0.002218000000000
0.001088000000000
0.000835000000000
0.001214000000000
0.001183000000000
0.000846000000000
0.000841000000000
0.000869000000000
0.001069000000000
0.000872000000000
0.002319000000000
0.001192000000000
0.000860000000000
0.000866000000000
0.002393000000000
0.000849000000000
0.000864000000000
0.002379000000000
0.000859000000000
0.000871000000000
0.001163000000000
0.001959000000000
0.000855000000000
0.001315000000000
0.001256000000000
0.000853000000000
0.000882000000000
0.000850000000000
0.001243000000000
0.001611000000000
0.000866000000000
0.001076000000000
0.002086000000000
0.000846000000000
0.002273000000000
0.000855000000000
0.001173000000000
0.000882000000000
0.000966000000000
0.001077000000000
0.000837000000000
0.000892000000000
0.001365000000000
0.000851000000000
0.001465000000000
0.000827000000000
0.000859000000000
0.000868000000000
0.002264000000000
0.001177000000000
0.001740000000000
0.001039000000000
0.000843000000000
0.001133000000000
0.002258000000000
0.001977000000000
0.000851000000000
0.001534000000000
0.001630000000000
0.000944000000000
0.000866000000000
0.001202000000000
0.001063000000000
0.000835000000000
0.002259000000000
0.000855000000000
0.000862000000000
0.002234000000000
0.000836000000000
0.000806000000000
0.000842000000000
0.000848000000000
0.001148000000000
0.001968000000000
0.000999000000000
0.001684000000000
0.001314000000000
0.001621000000000
0.001639000000000
0.001426000000000
0.002184000000000
0.000837000000000
0.000857000000000
0.000869000000000
0.001193000000000
0.000924000000000
0.002224000000000
0.001413000000000
0.001246000000000
0.000852000000000
0.000878000000000
0.000849000000000
0.002262000000000
0.000843000000000
0.000836000000000
0.001473000000000
0.000858000000000
0.000843000000000
0.002245000000000
0.000854000000000
0.000849000000000
0.000814000000000
0.001032000000000
0.000850000000000
0.000809000000000
0.000879000000000
0.000817000000000
0.000857000000000
0.001350000000000
0.000847000000000
0.002022000000000
0.000873000000000
0.000849000000000
0.000864000000000
0.000864000000000
0.000998000000000
0.002383000000000
0.000981000000000
0.000834000000000
0.001075000000000
0.002276000000000
0.000888000000000
0.000888000000000
0.000877000000000
0.001125000000000
0.000842000000000
0.001028000000000
0.000834000000000
0.000927000000000
0.000925000000000
0.001184000000000
0.001204000000000
0.001177000000000
0.000921000000000
0.000879000000000
0.002229000000000
0.000793000000000
0.000870000000000
0.000939000000000
0.000871000000000
0.002220000000000
0.000832000000000
0.000857000000000
0.000856000000000
0.000859000000000
0.001443000000000
0.000849000000000
0.000875000000000
0.000842000000000
0.000862000000000
0.000838000000000
0.000867000000000
0.000819000000000
0.001879000000000
0.001177000000000
0.000842000000000
0.000875000000000
0.000864000000000
0.001171000000000
0.000844000000000
0.001938000000000
0.000981000000000
0.000955000000000
0.002346000000000
0.000834000000000
0.000872000000000
0.001056000000000
0.002204000000000
0.000858000000000
0.001092000000000
0.000862000000000
0.000859000000000
0.001818000000000
0.000853000000000
0.000841000000000
0.000852000000000
0.000944000000000
0.000841000000000
0.002136000000000
0.002182000000000
0.000903000000000
0.000798000000000
0.001167000000000
0.000926000000000
0.000853000000000
0.001766000000000
0.000883000000000
0.000880000000000
0.000876000000000
0.001580000000000
0.000858000000000
0.001002000000000
0.000849000000000
0.000899000000000
0.000852000000000
0.000884000000000
0.000846000000000
0.000850000000000
0.000802000000000
0.000848000000000
0.000828000000000
0.002199000000000
0.000835000000000
0.001375000000000
0.000839000000000
0.000847000000000
0.002255000000000
0.001316000000000
0.000868000000000
0.002239000000000
0.000768000000000
0.000853000000000
0.001003000000000
0.001111000000000
0.000823000000000
0.001041000000000
0.001270000000000
0.000865000000000
0.000865000000000
0.001365000000000
0.001034000000000
0.001507000000000
0.000804000000000
0.001909000000000
0.001232000000000
0.000852000000000
0.000873000000000
0.000849000000000
0.001163000000000
0.001747000000000
0.002006000000000
0.000859000000000
0.000857000000000
0.000845000000000
0.001157000000000
0.001526000000000
0.000880000000000
0.000850000000000
0.001257000000000
0.000910000000000
0.000992000000000
0.000850000000000
0.001096000000000
0.000879000000000
0.000841000000000
0.000957000000000
0.001055000000000
0.000843000000000
0.001508000000000
0.000872000000000
0.000872000000000
0.000865000000000
0.000840000000000
0.001734000000000
0.001069000000000
0.000885000000000
0.001067000000000
0.001162000000000
0.001212000000000
0.001185000000000
0.000863000000000
0.002326000000000
0.000851000000000
0.001177000000000
0.001006000000000
0.000851000000000
0.000913000000000
0.000885000000000
0.000869000000000
0.002284000000000
0.000813000000000
0.001070000000000
0.000855000000000
0.000966000000000
0.000872000000000
0.001233000000000
0.000859000000000
0.000845000000000
0.000858000000000
0.000970000000000
0.001008000000000
0.000842000000000
0.000865000000000
0.000948000000000
0.000844000000000
0.002276000000000
0.001196000000000
0.001209000000000
0.000875000000000
0.000860000000000
0.002832000000000
0.000865000000000
0.000887000000000
0.000801000000000
0.000842000000000
0.000908000000000
0.001022000000000
0.001025000000000
0.001246000000000
0.000864000000000
0.000880000000000
0.000870000000000
0.001175000000000
0.001478000000000
0.000842000000000
0.002265000000000
0.000891000000000
0.001172000000000
0.000793000000000
0.000833000000000
0.000870000000000
0.000854000000000
0.000864000000000
0.001352000000000
0.000961000000000
0.001944000000000
0.001135000000000
0.000855000000000
0.000874000000000
0.000865000000000
0.000910000000000
0.002403000000000
0.001079000000000
0.000811000000000
0.000838000000000
0.000849000000000
0.000876000000000
0.000837000000000
0.001630000000000
0.000864000000000
0.000989000000000
0.001928000000000
0.001189000000000
0.002317000000000
0.000843000000000
0.000868000000000
0.001769000000000
0.001592000000000
