0.002380000000000
0.002087000000000
0.001547000000000
0.001607000000000
0.001648000000000
0.001627000000000
0.001564000000000
0.001674000000000
0.001608000000000
0.001590000000000
0.001579000000000
0.001569000000000
0.001631000000000
0.001619000000000
0.001662000000000
0.001615000000000
0.001679000000000
0.001619000000000
0.001636000000000
0.001603000000000
0.001649000000000
0.001675000000000
0.001573000000000
0.001682000000000
0.001655000000000
0.001754000000000
0.001572000000000
0.001589000000000
0.001574000000000
0.001541000000000
0.001696000000000
0.001566000000000
0.001620000000000
0.001550000000000
0.001586000000000
0.001573000000000
0.001667000000000
0.001655000000000
0.001631000000000
0.001583000000000
0.001816000000000
0.001566000000000
0.001566000000000
0.001658000000000
0.001579000000000
0.001559000000000
0.001568000000000
0.001566000000000
0.001603000000000
0.001557000000000
0.001605000000000
0.001652000000000
0.001574000000000
0.001669000000000
0.001682000000000
0.001580000000000
0.001579000000000
0.001639000000000
0.001616000000000
0.001632000000000
0.001591000000000
0.001637000000000
0.001670000000000
0.001590000000000
0.001585000000000
0.001566000000000
0.001617000000000
0.001562000000000
0.001589000000000
0.001628000000000
0.001609000000000
0.001584000000000
0.001640000000000
0.001560000000000
0.001558000000000
0.001622000000000
0.001574000000000
0.001573000000000
0.001601000000000
0.001566000000000
0.001689000000000
0.001580000000000
0.001565000000000
0.001564000000000
0.001599000000000
0.001565000000000
0.001575000000000
0.001941000000000
0.001647000000000
0.001574000000000
0.001568000000000
0.001678000000000
0.001679000000000
0.001575000000000
0.001520000000000
0.001504000000000
0.001515000000000
0.001537000000000
0.001521000000000
