0.055250000000000
0.053775000000000
0.055292000000000
0.054341000000000
0.052949000000000
0.053709000000000
0.053937000000000
0.057760000000000
0.052241000000000
0.053357000000000
0.053475000000000
0.052708000000000
0.053356000000000
0.053945000000000
0.053441000000000
0.053685000000000
0.053053000000000
0.053668000000000
0.053575000000000
0.053053000000000
0.058721000000000
0.057932000000000
0.054159000000000
0.054458000000000
0.053075000000000
0.053942000000000
0.053313000000000
0.052152000000000
0.057752000000000
0.052243000000000
0.052518000000000
0.051897000000000
0.051448000000000
0.052141000000000
0.053655000000000
0.053179000000000
0.055314000000000
0.052630000000000
0.052583000000000
0.053569000000000
0.052049000000000
0.052272000000000
0.053153000000000
0.053080000000000
0.052066000000000
0.052270000000000
0.052805000000000
0.060234000000000
0.053623000000000
0.054989000000000
0.053545000000000
0.053389000000000
0.057189000000000
0.052595000000000
0.052217000000000
0.053730000000000
0.052276000000000
0.052941000000000
0.055015000000000
0.058013000000000
0.053947000000000
0.052389000000000
0.052964000000000
0.052059000000000
0.053468000000000
0.053039000000000
0.054210000000000
0.053434000000000
0.053525000000000
0.053031000000000
0.052118000000000
0.053425000000000
0.054265000000000
0.052573000000000
0.053880000000000
0.052560000000000
0.052295000000000
0.053064000000000
0.053386000000000
0.053091000000000
0.053904000000000
0.053992000000000
0.053589000000000
0.054556000000000
0.055839000000000
0.052312000000000
0.053417000000000
0.053211000000000
0.057502000000000
0.054252000000000
0.053343000000000
0.053715000000000
0.053792000000000
0.055887000000000
0.053423000000000
0.055072000000000
0.054757000000000
0.056685000000000
0.052494000000000
0.052621000000000
0.058915000000000
0.053755000000000
0.054153000000000
0.053818000000000
0.057305000000000
0.053745000000000
0.054914000000000
0.052561000000000
0.054348000000000
0.054691000000000
0.051601000000000
0.052168000000000
0.052883000000000
0.052607000000000
0.057076000000000
0.052281000000000
0.053061000000000
0.053128000000000
0.058207000000000
0.054909000000000
0.053461000000000
0.052156000000000
0.054053000000000
0.055260000000000
0.054443000000000
0.053974000000000
0.053937000000000
0.054189000000000
0.054435000000000
0.055159000000000
0.051756000000000
0.052828000000000
0.058509000000000
0.053171000000000
0.053952000000000
0.053177000000000
0.051599000000000
0.054790000000000
0.054441000000000
0.053008000000000
0.053541000000000
0.053478000000000
0.052821000000000
0.051885000000000
0.052755000000000
0.053109000000000
0.051952000000000
0.052046000000000
0.053038000000000
0.052947000000000
0.052125000000000
0.053626000000000
0.052237000000000
0.051628000000000
0.051463000000000
0.052595000000000
0.052421000000000
0.051758000000000
0.052256000000000
0.053391000000000
0.053260000000000
0.053280000000000
0.053661000000000
0.051930000000000
0.052818000000000
0.055877000000000
0.052826000000000
0.054446000000000
0.053912000000000
0.052022000000000
0.052911000000000
0.053119000000000
0.053022000000000
0.052837000000000
0.053836000000000
0.053166000000000
0.053020000000000
0.053749000000000
0.054234000000000
0.053179000000000
0.054312000000000
0.054606000000000
0.052250000000000
0.053218000000000
0.052577000000000
0.052542000000000
0.053601000000000
0.057089000000000
0.052276000000000
0.056549000000000
0.052954000000000
0.052767000000000
0.054093000000000
0.052976000000000
0.052020000000000
0.055934000000000
0.053772000000000
0.054248000000000
0.053309000000000
0.052985000000000
0.053780000000000
0.053166000000000
0.051612000000000
0.056491000000000
0.052697000000000
0.052662000000000
0.052674000000000
0.053631000000000
0.054801000000000
0.054085000000000
0.052672000000000
0.057030000000000
0.051746000000000
0.053691000000000
0.054001000000000
0.053521000000000
0.053539000000000
0.053237000000000
0.053179000000000
0.054309000000000
0.052052000000000
0.052238000000000
0.052144000000000
0.052262000000000
0.052778000000000
0.052634000000000
0.055864000000000
0.054180000000000
0.052793000000000
0.052046000000000
0.053755000000000
0.053569000000000
0.053285000000000
0.053425000000000
0.055997000000000
0.051677000000000
0.052673000000000
0.053707000000000
0.057817000000000
0.053891000000000
0.054408000000000
0.054107000000000
0.056511000000000
0.053702000000000
0.052129000000000
0.053832000000000
0.052037000000000
0.051811000000000
0.054077000000000
0.053525000000000
0.052077000000000
0.053976000000000
0.052294000000000
0.052456000000000
0.054263000000000
0.053931000000000
0.054476000000000
0.054810000000000
0.052893000000000
0.053027000000000
0.053969000000000
0.053313000000000
0.053660000000000
0.054527000000000
0.053196000000000
0.053136000000000
0.054149000000000
0.053020000000000
0.052261000000000
0.053163000000000
0.053899000000000
0.053036000000000
0.053251000000000
0.054355000000000
0.052733000000000
0.054922000000000
0.052879000000000
0.053127000000000
0.053333000000000
0.052837000000000
0.057834000000000
0.051985000000000
0.053251000000000
0.053872000000000
0.053354000000000
0.053071000000000
0.051882000000000
0.053889000000000
0.054139000000000
0.052730000000000
0.055135000000000
0.053425000000000
0.053963000000000
0.054595000000000
0.053616000000000
0.052634000000000
0.053749000000000
0.053899000000000
0.053417000000000
0.054539000000000
0.054326000000000
0.053094000000000
0.052560000000000
0.052497000000000
0.052952000000000
0.054171000000000
0.053165000000000
0.054381000000000
0.054176000000000
0.054036000000000
0.052575000000000
0.052897000000000
0.053273000000000
0.056053000000000
0.053807000000000
0.055047000000000
0.053108000000000
0.057024000000000
0.054069000000000
0.053618000000000
0.053121000000000
0.053224000000000
0.052522000000000
0.053125000000000
0.054113000000000
0.053751000000000
0.052974000000000
0.053501000000000
0.052341000000000
0.054427000000000
0.052583000000000
0.054415000000000
0.053365000000000
0.053307000000000
0.054603000000000
0.052599000000000
0.052953000000000
0.054172000000000
0.052318000000000
0.052693000000000
0.054346000000000
0.053780000000000
0.054161000000000
0.054146000000000
0.052947000000000
0.053526000000000
0.054191000000000
0.055552000000000
0.052944000000000
0.053969000000000
0.052815000000000
0.053992000000000
0.052703000000000
0.053269000000000
0.054462000000000
0.059861000000000
0.054274000000000
0.054543000000000
0.054053000000000
0.054794000000000
0.053889000000000
0.053004000000000
0.053602000000000
0.053662000000000
0.058466000000000
0.053062000000000
0.054025000000000
0.053667000000000
0.053455000000000
0.053219000000000
0.053173000000000
0.053330000000000
0.052716000000000
0.053305000000000
0.053043000000000
0.053189000000000
0.054129000000000
0.055191000000000
0.052787000000000
0.054930000000000
0.054466000000000
0.053414000000000
0.052839000000000
0.057407000000000
0.052827000000000
0.053904000000000
0.052688000000000
0.053786000000000
0.054376000000000
0.053466000000000
0.052450000000000
0.053958000000000
0.053265000000000
0.056145000000000
0.053762000000000
0.054838000000000
0.054608000000000
0.053581000000000
0.053343000000000
0.053047000000000
0.052797000000000
0.053444000000000
0.054116000000000
0.054697000000000
0.053419000000000
0.053197000000000
0.053152000000000
0.053689000000000
0.054596000000000
0.054274000000000
0.054030000000000
0.053182000000000
0.053532000000000
0.053163000000000
0.053694000000000
0.054105000000000
0.055692000000000
0.052525000000000
0.053301000000000
0.052270000000000
0.053566000000000
0.052482000000000
0.052462000000000
0.053657000000000
0.052657000000000
0.052739000000000
0.053768000000000
0.052921000000000
0.052141000000000
0.052901000000000
0.052891000000000
0.052413000000000
0.052220000000000
0.051882000000000
0.052691000000000
0.051898000000000
0.051931000000000
0.054356000000000
0.052014000000000
0.054060000000000
0.053093000000000
0.054068000000000
0.053825000000000
0.052223000000000
0.052287000000000
0.053065000000000
0.052418000000000
0.053250000000000
0.051660000000000
0.052872000000000
0.053931000000000
0.053591000000000
0.052098000000000
0.052781000000000
0.053030000000000
0.052927000000000
0.051734000000000
0.053153000000000
0.053894000000000
0.053345000000000
0.054409000000000
0.052321000000000
0.052193000000000
0.052260000000000
0.092943000000000
0.055202000000000
0.053076000000000
0.052609000000000
0.053823000000000
0.058594000000000
0.054430000000000
0.053668000000000
0.108840000000000
0.052586000000000
0.053675000000000
0.053714000000000
0.053100000000000
0.053488000000000
0.052989000000000
0.053553000000000
0.054439000000000
0.053285000000000
0.094369000000000
0.053072000000000
0.057988000000000
0.053328000000000
0.055099000000000
0.054468000000000
0.092092000000000
0.053997000000000
0.054253000000000
0.052791000000000
0.054533000000000
0.053295000000000
0.090289000000000
0.054075000000000
0.054154000000000
0.056675000000000
0.053356000000000
0.054465000000000
0.057565000000000
0.092046000000000
0.054007000000000
0.052242000000000
0.052565000000000
0.053968000000000
0.053150000000000
0.096072000000000
0.053385000000000
0.055140000000000
0.055749000000000
0.053661000000000
0.056936000000000
0.088570000000000
0.052908000000000
0.057900000000000
0.061943000000000
0.052744000000000
0.052615000000000
0.053668000000000
0.053334000000000
0.090551000000000
0.054815000000000
0.052947000000000
0.053060000000000
0.053503000000000
0.054282000000000
0.087506000000000
0.054689000000000
0.055097000000000
0.056645000000000
0.053902000000000
0.053144000000000
0.081902000000000
0.052589000000000
0.055417000000000
0.053256000000000
0.055853000000000
0.052536000000000
0.096631000000000
0.053694000000000
0.054325000000000
0.054631000000000
0.055231000000000
0.055428000000000
0.090207000000000
0.053721000000000
0.055785000000000
0.053097000000000
0.055139000000000
0.053322000000000
0.055034000000000
0.053128000000000
0.054747000000000
0.053600000000000
0.055767000000000
0.058143000000000
0.054703000000000
0.053973000000000
0.052853000000000
0.054919000000000
0.052851000000000
0.054815000000000
0.058103000000000
0.052577000000000
0.054118000000000
0.055658000000000
0.055164000000000
0.052665000000000
0.053475000000000
0.054271000000000
0.066548000000000
0.054347000000000
0.053512000000000
0.053505000000000
0.055353000000000
0.054143000000000
0.053971000000000
0.054324000000000
0.054787000000000
0.054540000000000
0.052958000000000
0.052331000000000
0.054512000000000
0.053237000000000
0.053590000000000
0.052367000000000
0.054633000000000
0.054006000000000
0.053334000000000
0.054971000000000
0.056798000000000
0.053138000000000
0.053833000000000
0.052978000000000
0.053785000000000
0.055059000000000
0.053376000000000
0.053703000000000
0.054501000000000
0.054936000000000
0.053685000000000
0.055582000000000
0.054383000000000
0.054697000000000
0.060938000000000
0.054287000000000
0.054522000000000
0.061420000000000
0.054011000000000
0.053802000000000
0.053603000000000
0.054611000000000
0.104375000000000
0.052814000000000
0.052871000000000
0.053258000000000
0.057170000000000
0.055155000000000
0.053811000000000
0.120790000000000
0.052797000000000
0.060780000000000
0.056264000000000
0.053974000000000
0.056340000000000
0.118507000000000
0.054335000000000
0.054190000000000
0.055913000000000
0.054810000000000
0.058981000000000
0.053373000000000
0.074270000000000
0.053892000000000
0.053710000000000
0.055255000000000
0.053230000000000
0.062533000000000
0.124819000000000
0.052788000000000
0.054812000000000
0.053612000000000
0.055228000000000
0.053600000000000
0.057397000000000
0.070068000000000
0.054775000000000
0.054546000000000
0.053622000000000
0.055641000000000
0.055372000000000
0.056289000000000
0.053756000000000
0.054585000000000
0.052956000000000
0.054551000000000
0.054920000000000
0.054010000000000
0.082474000000000
0.054763000000000
0.055987000000000
0.057348000000000
0.061645000000000
0.055047000000000
0.089157000000000
0.052488000000000
0.054305000000000
0.054377000000000
0.053244000000000
0.055772000000000
0.055005000000000
0.055469000000000
0.054485000000000
0.054495000000000
0.059078000000000
0.057459000000000
0.093482000000000
0.053249000000000
0.053361000000000
0.052876000000000
0.053090000000000
0.052529000000000
0.053409000000000
0.069161000000000
0.053383000000000
0.053459000000000
0.055964000000000
0.055001000000000
0.053220000000000
0.053925000000000
0.087432000000000
0.056756000000000
0.073886000000000
0.055191000000000
0.054321000000000
0.052427000000000
0.053474000000000
0.070389000000000
0.059934000000000
0.053418000000000
0.054693000000000
0.053948000000000
0.053255000000000
0.088559000000000
0.053902000000000
0.052758000000000
0.058267000000000
0.054763000000000
0.053831000000000
0.055066000000000
0.053074000000000
0.053444000000000
0.053988000000000
0.059990000000000
0.054219000000000
0.053723000000000
0.081180000000000
0.053729000000000
0.054519000000000
0.054319000000000
0.057236000000000
0.055088000000000
0.093654000000000
0.061333000000000
0.054297000000000
0.054486000000000
0.053440000000000
0.053871000000000
0.108180000000000
0.057234000000000
0.056355000000000
0.055590000000000
0.054274000000000
0.055554000000000
0.054834000000000
0.055258000000000
0.055070000000000
0.054239000000000
0.054846000000000
0.054995000000000
0.054483000000000
0.055451000000000
0.055215000000000
0.054321000000000
0.056788000000000
0.053912000000000
0.053478000000000
0.054558000000000
0.055439000000000
0.054115000000000
0.096069000000000
0.054965000000000
0.054854000000000
0.053330000000000
0.054797000000000
0.054246000000000
0.068765000000000
0.060018000000000
0.054501000000000
0.054730000000000
0.053615000000000
0.054138000000000
0.055880000000000
0.052727000000000
0.107728000000000
0.054803000000000
0.054981000000000
0.053518000000000
0.054255000000000
0.053473000000000
0.054510000000000
0.054690000000000
0.056233000000000
0.058760000000000
0.053735000000000
0.052773000000000
0.055191000000000
0.052787000000000
0.052165000000000
0.052429000000000
0.069360000000000
0.054163000000000
0.055384000000000
0.054667000000000
0.054011000000000
0.055443000000000
0.054080000000000
0.055905000000000
0.052602000000000
0.053915000000000
0.053868000000000
0.053761000000000
0.119000000000000
0.053505000000000
0.055091000000000
0.054417000000000
0.053643000000000
0.053548000000000
0.054533000000000
0.086344000000000
0.052658000000000
0.054500000000000
0.053999000000000
0.053781000000000
0.053186000000000
0.103155000000000
0.053854000000000
0.054177000000000
0.055583000000000
0.055169000000000
0.054245000000000
0.065953000000000
0.053231000000000
0.055396000000000
0.055076000000000
0.054731000000000
0.054327000000000
0.077309000000000
0.055293000000000
0.057946000000000
0.054900000000000
0.053934000000000
0.055338000000000
0.096025000000000
0.053868000000000
0.053864000000000
0.057165000000000
0.052921000000000
0.054829000000000
0.066984000000000
0.053532000000000
0.057844000000000
0.053360000000000
0.053457000000000
0.057964000000000
0.054488000000000
0.082970000000000
0.057901000000000
0.056257000000000
0.052421000000000
0.054490000000000
0.052664000000000
0.052059000000000
0.052088000000000
0.053997000000000
0.053188000000000
0.054527000000000
0.091225000000000
0.053764000000000
0.054365000000000
0.053597000000000
0.054505000000000
0.054923000000000
0.088613000000000
0.053219000000000
0.054087000000000
0.054743000000000
0.053285000000000
0.052801000000000
0.054675000000000
0.054008000000000
0.054073000000000
0.088771000000000
0.052472000000000
0.053291000000000
0.053767000000000
0.058196000000000
0.055209000000000
0.092623000000000
0.053584000000000
0.053427000000000
0.052409000000000
0.052221000000000
0.056676000000000
0.054526000000000
0.052298000000000
0.085939000000000
0.052871000000000
0.053313000000000
0.054246000000000
0.054655000000000
0.053657000000000
0.086684000000000
0.054442000000000
0.054190000000000
0.052552000000000
0.055651000000000
0.061659000000000
0.084849000000000
0.052097000000000
0.053555000000000
0.056279000000000
0.056900000000000
0.054115000000000
0.054793000000000
0.054114000000000
0.054309000000000
0.056419000000000
0.054933000000000
0.054330000000000
0.053989000000000
0.057290000000000
0.094803000000000
0.052739000000000
0.052962000000000
0.056170000000000
0.052357000000000
0.051979000000000
0.053254000000000
0.089706000000000
0.053049000000000
0.053226000000000
0.054613000000000
0.054307000000000
0.053155000000000
0.052785000000000
0.075002000000000
0.055386000000000
0.054165000000000
0.056036000000000
0.055264000000000
0.054683000000000
0.085042000000000
0.054588000000000
0.053381000000000
0.052455000000000
0.060240000000000
0.082192000000000
0.057664000000000
0.055819000000000
0.054279000000000
0.054072000000000
0.053709000000000
0.053698000000000
0.053247000000000
0.054313000000000
0.055203000000000
0.054856000000000
0.057680000000000
0.060964000000000
0.053762000000000
0.053124000000000
0.055686000000000
0.055349000000000
0.055237000000000
0.055635000000000
0.052908000000000
0.056495000000000
0.053968000000000
0.053907000000000
0.053291000000000
0.054100000000000
0.087340000000000
0.055187000000000
0.052689000000000
0.055582000000000
0.056989000000000
0.054482000000000
0.054305000000000
0.066062000000000
0.056892000000000
0.058640000000000
0.053759000000000
0.054379000000000
0.052891000000000
0.054035000000000
0.054634000000000
0.054942000000000
0.057094000000000
0.053026000000000
0.055400000000000
0.054258000000000
0.054250000000000
0.053026000000000
0.053280000000000
0.102451000000000
0.054086000000000
0.055585000000000
0.054428000000000
0.054373000000000
0.063653000000000
0.053345000000000
0.053654000000000
0.059428000000000
0.053631000000000
0.054061000000000
0.087749000000000
0.058026000000000
0.053931000000000
0.055804000000000
0.054428000000000
0.055845000000000
0.061094000000000
0.054769000000000
0.053185000000000
0.054644000000000
0.055243000000000
0.054272000000000
0.054640000000000
0.053797000000000
0.056568000000000
0.053741000000000
0.063799000000000
0.056552000000000
0.054699000000000
0.176198000000000
0.054710000000000
0.056927000000000
0.054021000000000
0.053451000000000
0.082203000000000
0.054973000000000
0.058049000000000
0.053846000000000
0.054400000000000
0.054780000000000
0.062389000000000
0.060031000000000
0.094630000000000
0.054912000000000
0.053859000000000
0.055178000000000
0.054847000000000
0.053873000000000
0.054770000000000
0.057031000000000
0.053749000000000
0.057742000000000
0.055110000000000
0.053256000000000
0.054526000000000
0.058105000000000
0.054116000000000
0.052499000000000
0.053110000000000
0.055716000000000
0.053532000000000
0.052981000000000
0.054808000000000
0.057949000000000
0.054718000000000
0.058834000000000
0.059354000000000
0.054822000000000
0.055152000000000
0.054089000000000
0.054664000000000
0.053385000000000
0.060785000000000
0.056863000000000
0.054834000000000
0.054850000000000
0.054434000000000
0.055862000000000
0.071545000000000
0.054132000000000
0.053626000000000
0.053980000000000
0.055377000000000
0.054216000000000
0.054809000000000
0.054692000000000
0.054575000000000
0.059076000000000
0.054660000000000
0.057056000000000
0.057354000000000
0.054371000000000
0.060901000000000
0.054019000000000
0.053141000000000
0.053204000000000
0.054804000000000
0.053344000000000
0.053859000000000
0.053856000000000
0.055187000000000
0.097699000000000
0.055226000000000
0.055668000000000
0.053817000000000
0.053884000000000
0.055653000000000
0.059117000000000
0.053425000000000
0.057496000000000
0.052951000000000
0.079242000000000
0.053573000000000
0.054110000000000
0.055031000000000
0.054289000000000
0.053671000000000
0.094799000000000
0.054853000000000
0.057113000000000
0.054921000000000
0.053302000000000
0.053313000000000
0.052814000000000
0.057097000000000
0.054625000000000
0.054740000000000
0.053060000000000
0.088344000000000
0.057883000000000
0.052722000000000
0.053162000000000
0.053551000000000
0.053806000000000
0.053847000000000
0.054886000000000
0.099368000000000
0.053015000000000
0.056900000000000
0.058484000000000
0.054469000000000
0.054221000000000
0.053461000000000
0.055623000000000
0.056247000000000
0.054059000000000
0.053707000000000
0.059689000000000
0.054007000000000
0.055049000000000
0.055769000000000
0.055030000000000
0.083524000000000
0.055943000000000
0.055630000000000
0.054911000000000
0.054666000000000
0.055631000000000
0.055393000000000
0.058564000000000
0.054498000000000
0.054604000000000
0.055513000000000
0.057035000000000
0.053892000000000
0.054128000000000
0.055746000000000
0.054838000000000
0.055556000000000
0.057351000000000
0.068654000000000
0.055486000000000
0.056090000000000
0.055143000000000
0.057048000000000
0.055060000000000
0.055518000000000
0.055234000000000
0.057299000000000
0.055006000000000
0.053043000000000
0.054667000000000
0.072326000000000
0.053738000000000
0.053278000000000
0.055508000000000
0.052922000000000
0.053103000000000
0.073180000000000
0.052917000000000
0.055455000000000
0.053522000000000
0.054172000000000
0.070456000000000
0.053754000000000
0.095502000000000
0.054458000000000
0.106473000000000
0.054737000000000
0.052806000000000
0.052450000000000
0.053272000000000
0.054988000000000
0.053343000000000
0.080516000000000
0.054097000000000
0.054894000000000
0.053751000000000
0.059218000000000
0.055013000000000
0.057320000000000
0.071149000000000
0.052799000000000
0.054240000000000
0.056883000000000
0.087719000000000
0.053348000000000
0.053655000000000
0.094144000000000
0.056981000000000
0.054280000000000
0.055538000000000
0.056461000000000
0.118849000000000
0.054724000000000
0.054074000000000
0.055013000000000
0.055526000000000
0.053429000000000
0.053392000000000
0.053852000000000
0.073737000000000
0.053607000000000
0.052236000000000
0.053867000000000
0.054545000000000
0.053945000000000
0.081779000000000
0.054128000000000
0.053124000000000
0.054620000000000
0.055032000000000
0.057210000000000
0.086745000000000
0.052895000000000
0.055402000000000
0.054405000000000
0.053174000000000
0.098361000000000
0.055216000000000
0.061408000000000
0.055347000000000
0.052624000000000
0.054621000000000
0.054623000000000
0.055449000000000
0.053813000000000
0.069269000000000
0.057947000000000
0.052903000000000
0.053413000000000
0.054096000000000
0.093398000000000
0.054619000000000
0.057575000000000
0.054828000000000
0.063449000000000
0.053223000000000
0.054033000000000
0.053990000000000
0.072302000000000
0.063653000000000
0.053973000000000
0.057098000000000
0.053770000000000
0.057872000000000
0.067129000000000
0.053042000000000
0.054290000000000
0.054867000000000
0.053514000000000
0.054773000000000
0.103775000000000
0.058260000000000
0.054297000000000
0.057818000000000
0.059853000000000
0.058827000000000
0.072990000000000
0.054567000000000
0.057903000000000
0.053685000000000
0.054356000000000
0.090448000000000
0.052811000000000
0.057184000000000
0.055313000000000
0.056093000000000
0.072076000000000
0.057074000000000
0.054440000000000
0.053072000000000
0.053167000000000
0.054187000000000
0.072357000000000
0.053989000000000
0.053674000000000
0.061407000000000
0.055992000000000
0.076763000000000
0.058363000000000
0.087014000000000
0.055678000000000
0.056272000000000
0.058813000000000
0.083818000000000
0.113974000000000
0.110438000000000
0.054217000000000
0.054529000000000
0.054658000000000
0.053832000000000
0.092163000000000
0.060154000000000
0.053823000000000
0.053912000000000
0.053572000000000
0.095597000000000
0.053585000000000
0.054960000000000
0.052688000000000
0.053282000000000
0.100881000000000
0.088079000000000
0.052605000000000
0.098637000000000
0.100274000000000
0.052866000000000
0.095537000000000
0.054703000000000
0.092475000000000
0.074460000000000
0.054284000000000
0.054234000000000
0.087547000000000
0.077371000000000
0.054749000000000
0.053799000000000
0.057741000000000
0.087319000000000
0.052173000000000
0.087148000000000
0.094257000000000
0.052675000000000
0.052735000000000
0.054273000000000
0.054206000000000
0.054185000000000
0.052864000000000
0.052173000000000
0.053441000000000
0.056947000000000
0.155258000000000
0.054666000000000
0.052422000000000
0.054614000000000
0.054959000000000
0.054625000000000
0.090512000000000
0.054108000000000
0.053843000000000
0.054294000000000
0.054729000000000
0.096043000000000
0.108073000000000
0.054412000000000
0.058171000000000
0.053243000000000
0.059299000000000
0.089395000000000
0.055744000000000
0.054688000000000
0.054246000000000
0.054260000000000
0.095143000000000
0.053681000000000
0.054754000000000
0.057532000000000
0.055114000000000
0.054484000000000
0.054268000000000
0.054226000000000
0.055630000000000
0.054506000000000
0.055842000000000
0.053691000000000
0.053501000000000
0.104050000000000
0.165223000000000
0.053558000000000
0.053999000000000
0.053601000000000
0.054511000000000
0.080726000000000
0.054090000000000
0.053662000000000
0.053403000000000
0.053459000000000
0.059222000000000
0.057604000000000
0.064445000000000
0.061764000000000
0.052943000000000
0.059045000000000
0.053568000000000
0.053596000000000
0.058354000000000
0.052595000000000
0.057113000000000
0.067596000000000
0.057636000000000
0.054562000000000
0.052384000000000
0.053489000000000
0.053984000000000
0.100291000000000
0.054635000000000
0.054785000000000
0.058421000000000
0.055312000000000
0.055330000000000
0.106281000000000
0.055289000000000
0.055416000000000
0.070691000000000
0.053609000000000
0.054217000000000
0.054114000000000
0.073861000000000
0.054596000000000
0.083578000000000
0.058530000000000
0.059950000000000
0.054878000000000
0.056140000000000
0.091247000000000
0.054592000000000
0.059412000000000
0.053140000000000
0.056706000000000
0.110994000000000
0.091036000000000
0.055519000000000
0.054114000000000
0.054262000000000
0.053172000000000
0.089281000000000
0.055948000000000
0.054260000000000
0.054603000000000
0.058489000000000
0.052887000000000
0.054558000000000
0.058297000000000
0.089534000000000
0.055786000000000
0.054016000000000
0.095075000000000
0.054104000000000
0.053967000000000
0.054605000000000
0.053593000000000
0.056580000000000
0.054394000000000
0.054315000000000
0.055181000000000
0.054456000000000
0.054161000000000
0.053076000000000
0.054887000000000
0.059636000000000
0.054489000000000
0.075570000000000
0.054834000000000
0.052648000000000
0.055519000000000
0.072209000000000
0.052876000000000
0.054123000000000
0.053147000000000
0.057642000000000
0.090077000000000
0.055684000000000
0.053995000000000
0.054012000000000
0.053472000000000
0.085645000000000
0.054808000000000
0.053149000000000
0.053730000000000
0.052926000000000
0.055164000000000
0.055092000000000
0.053641000000000
0.053416000000000
0.054817000000000
0.054516000000000
0.091932000000000
0.059104000000000
0.053677000000000
0.054619000000000
0.095878000000000
0.054268000000000
0.058373000000000
0.053926000000000
0.054200000000000
0.054475000000000
0.053626000000000
0.087577000000000
0.055553000000000
0.055136000000000
0.054574000000000
0.090704000000000
0.053918000000000
0.056835000000000
0.055042000000000
0.052958000000000
0.055780000000000
0.066798000000000
0.054846000000000
0.054015000000000
0.060953000000000
0.058239000000000
0.054762000000000
0.098385000000000
0.054622000000000
0.054241000000000
0.052565000000000
0.080296000000000
0.055374000000000
0.053139000000000
0.054677000000000
0.058435000000000
0.106319000000000
0.055357000000000
0.053395000000000
0.053694000000000
0.059341000000000
0.099712000000000
0.054460000000000
0.054252000000000
0.058436000000000
0.054686000000000
0.053685000000000
0.054436000000000
0.055682000000000
0.096574000000000
0.059263000000000
0.054797000000000
0.052357000000000
0.060752000000000
0.102567000000000
0.054897000000000
0.054170000000000
0.058557000000000
0.053059000000000
0.054728000000000
0.053211000000000
0.052876000000000
0.053570000000000
0.056695000000000
0.054437000000000
0.054124000000000
0.092273000000000
0.058960000000000
0.054635000000000
0.054302000000000
0.081089000000000
0.053925000000000
0.059202000000000
0.055363000000000
0.057407000000000
0.057468000000000
0.055032000000000
0.052785000000000
0.059085000000000
0.102383000000000
0.053926000000000
0.059123000000000
0.053030000000000
0.058012000000000
0.056014000000000
0.055701000000000
0.057531000000000
0.059277000000000
0.088563000000000
0.052729000000000
0.053037000000000
0.054226000000000
0.053105000000000
0.055499000000000
0.053115000000000
0.054197000000000
0.052650000000000
0.053966000000000
0.053145000000000
0.053968000000000
0.053692000000000
0.054953000000000
0.068587000000000
0.058607000000000
0.057416000000000
0.054519000000000
0.070617000000000
0.059393000000000
0.054430000000000
0.055732000000000
0.074351000000000
0.053532000000000
0.058890000000000
0.054317000000000
0.053350000000000
0.053639000000000
0.058120000000000
0.055295000000000
0.098071000000000
0.052611000000000
0.054191000000000
0.056473000000000
0.054699000000000
0.052728000000000
0.090519000000000
0.054453000000000
0.053508000000000
0.058797000000000
0.052779000000000
0.067739000000000
0.055436000000000
0.058729000000000
0.052572000000000
0.092123000000000
0.076820000000000
0.053117000000000
0.055328000000000
0.061128000000000
0.055876000000000
0.053822000000000
0.060246000000000
0.074724000000000
0.135447000000000
0.055219000000000
0.054114000000000
0.054966000000000
0.054456000000000
0.054488000000000
0.090843000000000
0.055209000000000
0.061898000000000
0.105741000000000
0.056107000000000
0.055335000000000
0.306443000000000
0.087236000000000
0.056124000000000
0.055620000000000
0.058686000000000
0.055602000000000
0.054724000000000
0.059779000000000
0.056805000000000
0.055921000000000
0.055751000000000
0.111050000000000
0.058406000000000
0.114143000000000
0.059526000000000
0.054321000000000
0.058131000000000
0.054585000000000
0.100864000000000
0.053721000000000
0.055766000000000
0.061313000000000
0.053177000000000
0.054974000000000
0.133740000000000
0.055437000000000
0.139996000000000
0.056053000000000
0.058832000000000
0.055619000000000
0.219480000000000
0.131846000000000
0.055866000000000
0.053686000000000
0.058658000000000
0.058822000000000
0.055531000000000
0.055355000000000
0.093230000000000
0.055115000000000
0.053646000000000
0.056735000000000
0.078986000000000
0.054897000000000
0.054122000000000
0.053541000000000
0.053801000000000
0.055762000000000
0.077694000000000
0.055271000000000
0.054607000000000
0.056125000000000
0.055597000000000
0.056176000000000
0.072641000000000
0.056194000000000
0.054004000000000
0.056836000000000
0.054248000000000
0.055107000000000
0.054437000000000
0.058949000000000
0.095478000000000
0.054928000000000
0.055617000000000
0.055879000000000
0.054572000000000
0.055134000000000
0.094961000000000
0.055088000000000
0.055406000000000
0.056230000000000
0.096692000000000
0.054512000000000
0.055352000000000
0.055074000000000
0.078413000000000
0.057668000000000
0.055223000000000
0.054974000000000
0.055669000000000
0.056381000000000
0.096280000000000
0.053744000000000
0.058401000000000
0.055035000000000
0.101523000000000
0.058571000000000
0.059268000000000
0.053316000000000
0.056441000000000
0.073885000000000
0.057159000000000
0.054972000000000
0.055088000000000
0.076503000000000
0.056139000000000
0.056277000000000
0.059059000000000
0.054135000000000
0.101116000000000
0.059931000000000
0.058741000000000
0.054038000000000
0.055307000000000
0.088794000000000
0.055372000000000
0.055108000000000
0.089421000000000
0.059017000000000
0.057988000000000
0.052581000000000
0.055543000000000
0.056729000000000
0.070809000000000
0.054351000000000
0.054523000000000
0.055415000000000
0.054993000000000
0.075128000000000
0.054083000000000
0.070336000000000
0.058467000000000
0.054618000000000
0.054600000000000
0.054323000000000
0.058610000000000
0.053012000000000
0.054784000000000
0.055878000000000
0.054841000000000
0.083855000000000
0.054286000000000
0.056891000000000
0.053708000000000
0.055213000000000
0.054170000000000
0.078739000000000
0.054419000000000
0.054335000000000
0.053807000000000
0.096918000000000
0.054967000000000
0.073057000000000
0.053192000000000
0.054711000000000
0.054096000000000
0.053106000000000
0.122331000000000
0.055092000000000
0.054090000000000
0.055006000000000
0.096981000000000
0.132263000000000
0.059849000000000
0.110054000000000
0.053867000000000
0.056182000000000
0.054607000000000
0.107479000000000
0.057397000000000
0.055857000000000
0.054277000000000
0.054380000000000
0.071753000000000
0.057722000000000
0.060528000000000
0.055595000000000
0.054705000000000
0.054580000000000
0.058683000000000
0.054346000000000
0.103184000000000
0.055553000000000
0.075760000000000
0.107846000000000
0.058416000000000
0.054918000000000
0.055887000000000
0.053861000000000
0.054420000000000
0.053993000000000
0.054136000000000
0.054648000000000
0.054219000000000
0.052412000000000
0.053085000000000
0.053252000000000
0.052567000000000
0.055338000000000
0.053421000000000
0.053264000000000
0.054184000000000
0.055513000000000
0.131305000000000
0.052660000000000
0.058665000000000
0.054486000000000
0.054005000000000
0.057107000000000
0.055814000000000
0.056635000000000
0.185340000000000
0.055171000000000
0.055095000000000
0.053895000000000
0.055089000000000
0.058900000000000
0.054107000000000
0.056019000000000
0.054562000000000
0.055443000000000
0.054921000000000
0.053710000000000
0.053676000000000
0.060063000000000
0.052868000000000
0.057249000000000
0.055960000000000
0.054408000000000
0.053953000000000
0.053039000000000
0.054887000000000
0.054953000000000
0.054133000000000
0.055133000000000
0.093589000000000
0.055701000000000
0.096098000000000
0.058851000000000
0.054099000000000
0.080015000000000
0.055164000000000
0.054344000000000
0.053290000000000
0.103087000000000
0.053020000000000
0.052932000000000
0.075477000000000
0.059571000000000
0.172080000000000
0.056047000000000
0.055168000000000
0.053646000000000
0.053806000000000
0.054437000000000
0.053948000000000
0.077886000000000
0.055533000000000
0.058887000000000
0.053646000000000
0.054160000000000
0.054536000000000
0.054754000000000
0.053929000000000
0.053800000000000
0.057016000000000
0.054104000000000
0.064442000000000
0.055552000000000
0.091205000000000
0.054856000000000
0.058349000000000
0.059129000000000
0.056653000000000
0.056274000000000
0.069487000000000
0.057112000000000
0.054065000000000
0.055263000000000
0.053426000000000
0.053230000000000
0.055163000000000
0.055791000000000
0.055420000000000
0.057926000000000
0.110706000000000
0.123536000000000
0.059256000000000
0.058149000000000
0.054694000000000
0.054866000000000
0.056194000000000
0.054868000000000
0.124673000000000
0.054148000000000
0.054922000000000
0.057492000000000
0.053489000000000
0.058728000000000
0.053512000000000
0.095457000000000
0.055784000000000
0.053659000000000
0.057297000000000
0.055143000000000
0.054199000000000
0.054269000000000
0.056501000000000
0.054431000000000
0.054819000000000
0.054932000000000
0.055533000000000
0.054753000000000
0.061901000000000
0.072864000000000
0.058466000000000
0.053347000000000
0.054193000000000
0.054391000000000
0.055198000000000
0.074612000000000
0.054125000000000
0.055678000000000
0.054929000000000
0.053582000000000
0.053979000000000
0.055013000000000
0.081689000000000
0.056299000000000
0.053911000000000
0.059549000000000
0.053933000000000
0.074216000000000
0.054771000000000
0.054003000000000
0.059196000000000
0.054169000000000
0.054445000000000
0.053140000000000
0.059076000000000
0.054525000000000
0.053685000000000
0.069577000000000
0.054910000000000
0.054129000000000
0.054452000000000
0.068403000000000
0.054375000000000
0.054348000000000
0.053715000000000
0.058554000000000
0.072797000000000
0.054105000000000
0.053992000000000
0.054630000000000
0.076304000000000
0.071880000000000
0.057872000000000
0.058183000000000
0.054541000000000
0.053477000000000
0.053846000000000
0.090335000000000
0.062817000000000
0.054213000000000
0.054208000000000
0.054957000000000
0.075024000000000
0.058168000000000
0.056334000000000
0.054872000000000
0.078664000000000
0.055444000000000
0.053504000000000
0.055082000000000
0.053709000000000
0.091056000000000
0.054155000000000
0.055161000000000
0.058028000000000
0.053973000000000
0.091494000000000
0.054210000000000
0.054163000000000
0.053940000000000
0.094414000000000
0.055112000000000
0.054048000000000
0.055107000000000
0.054457000000000
0.059417000000000
0.054367000000000
0.052825000000000
0.053635000000000
0.097010000000000
0.053099000000000
0.060242000000000
0.054816000000000
0.056472000000000
0.061776000000000
0.081593000000000
0.054941000000000
0.058202000000000
0.055379000000000
0.055031000000000
0.067233000000000
0.054396000000000
0.055054000000000
0.058641000000000
0.090157000000000
0.054438000000000
0.054171000000000
0.053622000000000
0.054006000000000
0.053749000000000
0.090700000000000
0.054267000000000
0.053666000000000
0.054224000000000
0.053171000000000
0.072422000000000
0.054369000000000
0.054731000000000
0.105512000000000
0.104596000000000
0.055063000000000
0.055791000000000
0.053248000000000
0.054734000000000
0.053267000000000
0.053682000000000
0.073778000000000
0.059333000000000
0.057744000000000
0.055656000000000
0.055305000000000
0.053831000000000
0.058557000000000
0.078270000000000
0.055275000000000
0.055262000000000
0.057769000000000
0.054149000000000
0.055951000000000
0.054680000000000
0.055112000000000
0.055054000000000
0.055585000000000
0.059250000000000
0.055704000000000
0.054121000000000
0.055654000000000
0.055112000000000
0.059293000000000
0.053033000000000
0.053504000000000
0.053919000000000
0.059345000000000
0.054254000000000
0.054426000000000
0.061113000000000
0.053550000000000
0.055212000000000
0.059283000000000
0.079092000000000
0.058091000000000
0.055112000000000
0.055749000000000
0.054060000000000
0.059793000000000
0.054691000000000
0.080202000000000
0.053774000000000
0.054124000000000
0.060340000000000
0.056076000000000
0.068613000000000
0.054792000000000
0.054773000000000
0.054132000000000
0.053629000000000
0.054397000000000
0.054546000000000
0.057374000000000
0.055260000000000
0.053915000000000
0.055208000000000
0.053687000000000
0.059561000000000
0.055991000000000
0.053611000000000
0.054337000000000
0.054322000000000
0.081026000000000
0.055233000000000
0.055384000000000
0.057850000000000
0.052966000000000
0.054143000000000
0.081964000000000
0.059135000000000
0.053237000000000
0.059980000000000
0.053860000000000
0.054990000000000
0.058460000000000
0.089277000000000
0.055022000000000
0.054501000000000
0.059819000000000
0.059418000000000
0.093114000000000
0.055418000000000
0.052847000000000
0.054442000000000
0.055269000000000
0.053368000000000
0.060345000000000
0.054959000000000
0.053485000000000
0.055106000000000
0.056462000000000
0.054931000000000
0.053448000000000
0.054021000000000
0.053007000000000
0.055098000000000
0.059275000000000
0.057590000000000
0.053632000000000
0.053615000000000
0.053674000000000
0.052484000000000
0.274343000000000
0.058918000000000
0.052982000000000
0.053414000000000
0.054570000000000
0.052910000000000
0.095100000000000
0.063921000000000
0.055577000000000
0.054327000000000
0.054048000000000
0.055106000000000
0.053845000000000
0.060094000000000
0.059453000000000
0.055796000000000
0.057750000000000
0.122373000000000
0.054166000000000
0.055383000000000
0.060830000000000
0.053613000000000
0.053957000000000
0.091874000000000
0.053644000000000
0.059483000000000
0.055942000000000
0.089494000000000
0.053892000000000
0.055177000000000
0.055667000000000
0.085243000000000
0.054997000000000
0.053432000000000
0.054878000000000
0.059764000000000
0.054013000000000
0.106136000000000
0.058310000000000
0.054848000000000
0.054140000000000
0.054354000000000
0.052970000000000
0.053424000000000
0.059222000000000
0.055415000000000
0.053850000000000
0.052703000000000
0.058049000000000
0.054358000000000
0.059251000000000
0.099499000000000
0.053891000000000
0.053768000000000
0.052595000000000
0.094171000000000
0.058564000000000
0.053938000000000
0.054722000000000
0.094195000000000
0.054813000000000
0.058373000000000
0.054068000000000
0.055731000000000
0.057995000000000
0.056413000000000
0.106205000000000
0.059565000000000
0.054658000000000
0.054418000000000
0.061890000000000
0.054753000000000
0.060371000000000
0.055306000000000
0.055068000000000
0.058614000000000
0.054639000000000
0.053625000000000
0.053683000000000
0.086983000000000
0.053387000000000
0.054032000000000
0.053980000000000
0.053042000000000
0.053004000000000
0.113183000000000
0.056347000000000
0.055018000000000
0.055277000000000
0.056149000000000
0.054977000000000
0.086001000000000
0.053201000000000
0.053615000000000
0.056035000000000
0.054530000000000
0.054780000000000
0.053284000000000
0.054398000000000
0.093816000000000
0.055143000000000
0.055731000000000
0.054281000000000
0.054233000000000
0.065568000000000
0.053628000000000
0.058433000000000
0.054031000000000
0.054934000000000
0.094921000000000
0.052867000000000
0.054807000000000
0.055345000000000
0.091272000000000
0.055159000000000
0.057850000000000
0.054112000000000
0.067579000000000
0.053878000000000
0.056001000000000
0.053012000000000
0.056693000000000
0.053398000000000
0.059150000000000
0.083271000000000
0.053259000000000
0.054444000000000
0.054670000000000
0.053090000000000
0.053868000000000
0.086530000000000
0.054134000000000
0.054729000000000
0.054754000000000
0.053633000000000
0.054054000000000
0.091716000000000
0.053132000000000
0.054572000000000
0.055513000000000
0.054419000000000
0.055584000000000
0.072470000000000
0.055458000000000
0.056437000000000
0.064579000000000
0.073027000000000
0.055469000000000
0.057994000000000
0.057024000000000
0.054540000000000
0.058483000000000
0.054645000000000
0.060651000000000
0.056533000000000
0.055331000000000
0.055145000000000
0.085082000000000
0.078163000000000
0.054898000000000
0.055465000000000
0.117572000000000
0.059313000000000
0.055894000000000
0.056223000000000
0.060419000000000
0.055601000000000
0.055738000000000
0.057026000000000
0.067517000000000
0.055250000000000
0.058229000000000
0.058545000000000
0.096311000000000
0.081529000000000
0.055453000000000
0.253217000000000
0.122127000000000
0.223477000000000
0.401633000000000
0.663367000000000
0.141875000000000
0.183338000000000
0.196417000000000
0.247405000000000
0.055220000000000
0.054768000000000
0.095415000000000
0.053747000000000
0.054490000000000
0.094582000000000
0.058361000000000
0.058433000000000
0.056674000000000
0.056120000000000
0.056276000000000
0.056071000000000
0.055615000000000
0.055522000000000
0.056456000000000
0.056496000000000
0.056525000000000
0.055637000000000
0.056720000000000
0.056554000000000
0.057246000000000
0.056141000000000
0.056578000000000
0.058643000000000
0.057634000000000
0.056927000000000
0.055932000000000
0.056049000000000
0.055469000000000
0.056932000000000
0.055731000000000
0.098228000000000
0.055320000000000
0.056875000000000
0.056020000000000
0.058707000000000
0.055733000000000
0.056318000000000
0.055915000000000
0.070612000000000
0.056143000000000
0.055830000000000
0.056165000000000
0.055684000000000
0.055473000000000
0.057846000000000
0.055779000000000
0.055951000000000
0.055983000000000
0.056792000000000
0.055737000000000
0.059393000000000
0.055803000000000
0.055632000000000
0.056393000000000
0.056789000000000
0.055987000000000
0.057338000000000
0.056735000000000
0.055814000000000
0.056335000000000
0.055470000000000
0.056831000000000
0.056266000000000
0.056134000000000
0.055323000000000
0.056787000000000
0.056822000000000
0.055918000000000
0.056085000000000
0.056044000000000
0.055482000000000
0.056395000000000
0.055795000000000
0.055534000000000
0.056127000000000
0.056437000000000
0.058231000000000
0.055955000000000
0.055785000000000
0.056643000000000
0.055832000000000
0.056641000000000
0.056025000000000
0.058518000000000
0.059303000000000
0.055515000000000
0.055761000000000
0.055571000000000
0.084334000000000
0.056882000000000
0.055837000000000
0.056681000000000
0.057283000000000
0.055660000000000
0.103141000000000
0.055481000000000
0.055622000000000
0.057339000000000
0.055444000000000
0.057696000000000
0.056490000000000
0.055748000000000
0.056248000000000
0.055369000000000
0.058110000000000
0.055843000000000
0.055210000000000
0.055962000000000
0.075100000000000
0.059250000000000
0.054909000000000
0.055905000000000
0.056550000000000
0.055673000000000
0.071322000000000
0.056388000000000
0.055651000000000
0.056620000000000
0.056713000000000
0.055391000000000
0.055188000000000
0.056151000000000
0.055199000000000
0.056701000000000
0.056280000000000
0.110613000000000
0.054979000000000
0.055530000000000
0.056016000000000
0.055420000000000
0.080009000000000
0.055587000000000
0.055472000000000
0.055917000000000
0.055381000000000
0.058867000000000
0.055468000000000
0.055781000000000
0.055281000000000
0.055492000000000
0.055107000000000
0.082722000000000
0.056339000000000
0.058615000000000
0.055480000000000
0.055414000000000
0.055895000000000
0.055765000000000
0.056503000000000
0.056180000000000
0.055415000000000
0.055898000000000
0.055505000000000
0.056049000000000
0.056463000000000
0.055506000000000
0.058583000000000
0.056494000000000
0.070544000000000
0.055931000000000
0.055447000000000
0.056488000000000
0.056717000000000
0.056292000000000
0.071642000000000
0.055324000000000
0.058545000000000
0.058717000000000
0.059636000000000
0.089817000000000
0.056587000000000
0.055678000000000
0.059244000000000
0.068537000000000
0.055399000000000
0.055991000000000
0.055628000000000
0.055828000000000
0.073630000000000
0.056532000000000
0.056962000000000
0.055214000000000
0.056613000000000
0.056103000000000
0.055445000000000
0.054854000000000
0.055448000000000
0.056424000000000
0.055190000000000
0.066405000000000
0.056147000000000
0.055808000000000
0.055738000000000
0.077942000000000
0.056594000000000
0.055376000000000
0.055913000000000
0.075701000000000
0.056026000000000
0.055533000000000
0.055339000000000
0.075826000000000
0.056316000000000
0.058027000000000
0.055768000000000
0.057920000000000
0.067622000000000
0.055700000000000
0.055544000000000
0.055471000000000
0.086246000000000
0.061026000000000
0.059142000000000
0.055504000000000
0.055492000000000
0.055640000000000
0.062949000000000
0.057740000000000
0.056702000000000
0.056614000000000
0.056575000000000
0.056113000000000
0.074223000000000
0.056305000000000
0.055900000000000
0.074505000000000
0.056676000000000
0.055680000000000
0.055594000000000
0.055565000000000
0.055972000000000
0.055127000000000
0.055269000000000
0.056377000000000
0.087793000000000
0.055847000000000
0.055682000000000
0.056511000000000
0.056658000000000
0.082261000000000
0.055547000000000
0.056199000000000
0.056809000000000
0.057440000000000
0.055736000000000
0.056346000000000
0.055619000000000
0.056248000000000
0.055662000000000
0.071007000000000
0.055906000000000
0.055617000000000
0.055709000000000
0.056057000000000
0.056347000000000
0.092809000000000
0.056179000000000
0.055780000000000
0.055808000000000
0.055448000000000
0.055134000000000
0.055063000000000
0.074298000000000
0.055323000000000
0.056095000000000
0.058647000000000
0.087562000000000
0.054634000000000
0.054626000000000
0.072268000000000
0.054143000000000
0.054645000000000
0.055443000000000
0.056183000000000
0.054981000000000
0.054125000000000
0.057911000000000
0.055261000000000
0.054610000000000
0.099405000000000
0.054505000000000
0.054227000000000
0.054446000000000
0.054756000000000
0.067469000000000
0.055399000000000
0.054293000000000
0.054808000000000
0.054553000000000
0.096401000000000
0.058771000000000
0.054514000000000
0.055383000000000
0.054574000000000
0.092529000000000
0.056924000000000
0.058932000000000
0.054035000000000
0.055633000000000
0.054428000000000
0.055230000000000
0.070822000000000
0.055271000000000
0.055629000000000
0.054382000000000
0.054434000000000
0.054905000000000
0.055009000000000
0.067677000000000
0.055226000000000
0.055254000000000
0.054521000000000
0.097811000000000
0.054960000000000
0.054835000000000
0.054540000000000
0.054957000000000
0.094664000000000
0.054338000000000
0.056441000000000
0.055080000000000
0.054500000000000
0.055174000000000
0.143870000000000
0.079654000000000
0.054970000000000
0.054921000000000
0.085924000000000
0.056292000000000
0.056943000000000
0.055060000000000
0.088912000000000
0.054309000000000
0.055191000000000
0.055198000000000
0.081536000000000
0.054229000000000
0.055329000000000
0.054792000000000
0.071321000000000
0.054931000000000
0.055026000000000
0.055147000000000
0.122781000000000
0.055153000000000
0.054872000000000
0.054446000000000
0.054704000000000
0.054439000000000
0.067881000000000
0.054284000000000
0.054346000000000
0.054513000000000
0.069794000000000
0.059163000000000
0.055775000000000
0.054867000000000
0.119621000000000
0.054685000000000
0.054794000000000
0.105621000000000
0.055314000000000
0.054884000000000
0.054184000000000
0.054651000000000
0.054794000000000
0.054606000000000
0.054123000000000
0.054526000000000
0.096796000000000
0.054220000000000
0.054312000000000
0.054484000000000
0.053777000000000
0.067156000000000
0.055338000000000
0.054191000000000
0.054923000000000
0.055344000000000
0.054473000000000
0.054462000000000
0.054272000000000
0.108262000000000
0.055082000000000
0.054913000000000
0.055707000000000
0.056040000000000
0.058360000000000
0.077304000000000
0.055421000000000
0.056168000000000
0.056252000000000
0.056015000000000
0.056205000000000
0.054490000000000
0.055654000000000
0.054751000000000
0.054589000000000
0.054764000000000
0.056364000000000
0.055271000000000
0.054834000000000
0.057626000000000
0.055225000000000
0.073774000000000
0.054716000000000
0.055956000000000
0.055361000000000
0.056083000000000
0.055249000000000
0.095565000000000
0.055398000000000
0.055304000000000
0.056812000000000
0.056128000000000
0.065157000000000
0.055886000000000
0.055613000000000
0.055280000000000
0.073334000000000
0.056316000000000
0.056047000000000
0.055099000000000
0.054373000000000
0.055409000000000
0.056393000000000
0.056161000000000
0.055322000000000
0.056904000000000
0.071651000000000
0.054831000000000
0.061245000000000
0.055237000000000
0.055168000000000
0.055241000000000
0.128089000000000
0.055094000000000
0.054678000000000
0.055368000000000
0.056152000000000
0.055300000000000
0.055403000000000
0.054329000000000
0.054617000000000
0.055254000000000
0.055250000000000
0.055588000000000
0.055198000000000
0.090914000000000
0.054608000000000
0.054534000000000
0.054404000000000
0.066221000000000
0.054284000000000
0.054593000000000
0.055578000000000
0.054786000000000
0.055532000000000
0.054889000000000
0.075730000000000
0.055070000000000
0.056462000000000
0.055272000000000
0.058468000000000
0.054266000000000
0.054565000000000
0.054138000000000
0.054767000000000
0.059001000000000
0.054452000000000
0.069994000000000
0.055591000000000
0.055027000000000
0.054846000000000
0.054945000000000
0.075902000000000
0.055673000000000
0.054873000000000
0.055056000000000
0.055235000000000
0.055834000000000
0.055366000000000
0.054233000000000
0.054897000000000
0.054328000000000
0.054109000000000
0.056737000000000
0.079745000000000
0.054501000000000
0.054752000000000
0.054607000000000
0.091062000000000
0.055466000000000
0.054932000000000
0.054831000000000
0.095843000000000
0.054500000000000
0.054465000000000
0.054800000000000
0.055242000000000
0.072403000000000
0.055204000000000
0.054751000000000
0.054597000000000
0.073111000000000
0.156494000000000
0.055387000000000
0.055905000000000
0.054934000000000
0.077751000000000
0.061340000000000
0.054385000000000
0.055489000000000
0.055222000000000
0.055101000000000
0.056619000000000
0.054219000000000
0.054486000000000
0.056064000000000
0.054681000000000
0.096975000000000
0.055237000000000
0.054379000000000
0.054927000000000
0.054072000000000
0.091101000000000
0.054551000000000
0.054728000000000
0.054581000000000
0.091853000000000
0.054317000000000
0.054630000000000
0.055882000000000
0.055070000000000
0.091694000000000
0.054448000000000
0.054661000000000
0.054953000000000
0.055135000000000
0.060527000000000
0.074839000000000
0.056217000000000
0.079676000000000
0.139285000000000
0.056852000000000
0.054470000000000
0.055262000000000
0.087574000000000
0.055015000000000
0.056421000000000
0.054248000000000
0.055835000000000
0.054825000000000
0.092948000000000
0.055186000000000
0.054978000000000
0.057063000000000
0.094495000000000
0.055146000000000
0.055329000000000
0.055209000000000
0.086775000000000
0.054026000000000
0.055093000000000
0.054738000000000
0.054923000000000
0.055601000000000
0.053937000000000
0.054555000000000
0.054274000000000
0.054953000000000
0.055081000000000
0.054794000000000
0.057371000000000
0.077553000000000
0.054574000000000
0.055745000000000
0.054357000000000
0.054726000000000
0.054530000000000
0.055038000000000
0.054739000000000
0.054381000000000
0.055667000000000
0.054442000000000
0.054782000000000
0.054220000000000
0.067420000000000
0.055091000000000
0.056665000000000
0.086393000000000
0.054776000000000
0.054930000000000
0.055117000000000
0.055114000000000
0.055642000000000
0.054498000000000
0.054446000000000
0.055660000000000
0.054468000000000
0.055514000000000
0.054373000000000
0.055131000000000
0.054522000000000
0.054684000000000
0.055067000000000
0.055923000000000
0.054868000000000
0.055767000000000
0.054287000000000
0.054578000000000
0.059309000000000
0.054989000000000
0.054533000000000
0.072528000000000
0.055061000000000
0.055322000000000
0.055885000000000
0.055137000000000
0.054949000000000
0.069792000000000
0.055661000000000
0.055015000000000
0.055109000000000
0.075224000000000
0.055269000000000
0.054398000000000
0.055240000000000
0.071969000000000
0.054271000000000
0.058846000000000
0.056559000000000
0.069883000000000
0.056119000000000
0.054844000000000
0.062105000000000
0.092745000000000
0.055380000000000
0.055481000000000
0.054782000000000
0.146655000000000
0.056854000000000
0.054940000000000
0.054942000000000
0.054726000000000
0.060283000000000
0.054616000000000
0.054335000000000
0.055222000000000
0.054476000000000
0.054469000000000
0.053840000000000
0.054359000000000
0.055297000000000
0.054429000000000
0.054358000000000
0.054995000000000
0.054451000000000
0.054727000000000
0.077901000000000
0.055203000000000
0.055058000000000
0.055714000000000
0.054282000000000
0.054781000000000
0.054467000000000
0.054473000000000
0.054450000000000
0.054519000000000
0.057926000000000
0.054305000000000
0.054727000000000
0.055250000000000
0.056082000000000
0.054884000000000
0.094763000000000
0.054389000000000
0.055024000000000
0.057738000000000
0.054861000000000
0.093245000000000
0.055076000000000
0.054771000000000
0.055015000000000
0.059593000000000
0.054888000000000
0.107487000000000
0.055037000000000
0.054948000000000
0.055226000000000
0.076222000000000
0.054881000000000
0.054318000000000
0.054612000000000
0.054759000000000
0.054921000000000
0.070557000000000
0.054918000000000
0.055028000000000
0.054868000000000
0.055309000000000
0.064742000000000
0.054343000000000
0.060843000000000
0.054928000000000
0.056343000000000
0.076264000000000
0.055409000000000
0.054608000000000
0.057112000000000
0.055823000000000
0.055498000000000
0.056787000000000
0.057050000000000
0.054897000000000
0.054948000000000
0.054721000000000
0.055309000000000
0.054667000000000
0.055606000000000
0.055232000000000
0.054422000000000
0.055057000000000
0.055287000000000
0.055743000000000
0.054524000000000
0.057506000000000
0.055607000000000
0.055508000000000
0.056305000000000
0.055961000000000
0.055721000000000
0.055578000000000
0.055546000000000
0.055968000000000
0.057642000000000
0.071800000000000
0.055215000000000
0.057677000000000
0.054620000000000
0.054494000000000
0.054513000000000
0.056603000000000
0.056630000000000
0.054724000000000
0.054874000000000
0.054485000000000
0.056176000000000
0.058480000000000
0.054921000000000
0.054511000000000
0.088270000000000
0.055654000000000
0.056666000000000
0.234860000000000
0.055572000000000
0.055916000000000
0.074452000000000
0.054942000000000
0.055279000000000
0.054445000000000
0.072712000000000
0.055819000000000
0.055236000000000
0.055715000000000
0.111545000000000
0.056190000000000
0.055961000000000
0.055756000000000
0.055060000000000
0.055393000000000
0.055182000000000
0.055161000000000
0.118695000000000
0.055058000000000
0.054607000000000
0.056134000000000
0.054195000000000
0.055203000000000
0.089758000000000
0.055096000000000
0.054578000000000
0.056127000000000
0.088665000000000
0.054319000000000
0.054940000000000
0.055725000000000
0.080881000000000
0.055629000000000
0.057856000000000
0.059554000000000
0.054536000000000
0.072473000000000
0.062638000000000
0.105613000000000
0.056397000000000
0.054801000000000
0.055122000000000
0.128029000000000
0.056425000000000
0.056382000000000
0.057427000000000
0.143993000000000
0.059922000000000
0.055350000000000
0.055240000000000
0.195986000000000
0.055078000000000
0.055857000000000
0.055911000000000
0.055145000000000
0.055261000000000
0.055329000000000
0.055244000000000
0.056295000000000
0.057252000000000
0.056098000000000
0.056138000000000
0.055449000000000
0.054875000000000
0.054352000000000
0.056634000000000
0.055240000000000
0.055687000000000
0.054357000000000
0.054087000000000
0.054077000000000
0.054399000000000
0.054264000000000
0.054155000000000
0.054460000000000
0.057246000000000
0.054492000000000
0.055137000000000
0.054799000000000
0.054063000000000
0.055003000000000
0.054320000000000
0.054859000000000
0.055234000000000
0.054784000000000
0.056266000000000
0.054700000000000
0.054449000000000
0.054201000000000
0.054062000000000
0.055117000000000
0.055691000000000
0.054385000000000
0.055698000000000
0.054819000000000
0.054507000000000
0.106392000000000
0.055651000000000
0.054954000000000
0.054209000000000
0.055263000000000
0.055133000000000
0.054493000000000
0.055199000000000
0.055208000000000
0.054423000000000
0.054926000000000
0.054174000000000
0.054585000000000
0.055340000000000
0.055930000000000
0.055058000000000
0.055351000000000
0.054898000000000
0.055002000000000
0.054807000000000
0.054378000000000
0.056028000000000
0.055382000000000
0.053864000000000
0.054832000000000
0.054566000000000
0.056230000000000
0.055490000000000
0.055458000000000
0.142321000000000
0.057157000000000
0.055888000000000
0.054853000000000
0.151100000000000
0.055439000000000
0.055094000000000
0.055616000000000
0.054460000000000
0.055288000000000
0.055147000000000
0.055608000000000
0.054445000000000
0.055658000000000
0.054038000000000
0.054851000000000
0.055416000000000
0.054811000000000
0.055733000000000
0.054855000000000
0.054578000000000
0.055133000000000
0.055920000000000
0.054624000000000
0.054342000000000
0.059949000000000
0.055029000000000
0.053995000000000
0.079692000000000
0.055026000000000
0.056075000000000
0.055122000000000
0.054518000000000
0.063167000000000
0.055092000000000
0.054356000000000
0.055397000000000
0.058193000000000
0.059132000000000
0.055965000000000
0.054506000000000
0.054507000000000
0.053992000000000
0.054158000000000
0.054168000000000
0.055103000000000
0.053823000000000
0.054740000000000
0.053833000000000
0.054205000000000
0.054093000000000
0.054073000000000
0.054716000000000
0.092229000000000
0.055138000000000
0.058225000000000
0.055807000000000
0.067485000000000
0.055287000000000
0.055062000000000
0.054403000000000
0.071008000000000
0.054614000000000
0.054736000000000
0.054405000000000
0.053854000000000
0.053890000000000
0.054515000000000
0.054227000000000
0.054119000000000
0.055303000000000
0.054727000000000
0.054121000000000
0.054034000000000
0.055213000000000
0.054347000000000
0.127015000000000
0.054904000000000
0.055320000000000
0.067694000000000
0.057157000000000
0.054220000000000
0.096595000000000
0.056103000000000
0.054695000000000
0.055143000000000
0.092770000000000
0.054358000000000
0.057171000000000
0.054807000000000
0.069924000000000
0.053897000000000
0.053704000000000
0.053730000000000
0.092925000000000
0.054126000000000
0.054835000000000
0.053844000000000
0.096217000000000
0.054313000000000
0.058209000000000
0.053916000000000
0.084097000000000
0.054450000000000
0.058221000000000
0.075875000000000
0.054172000000000
0.054277000000000
0.054182000000000
0.056195000000000
0.054297000000000
0.054397000000000
0.054796000000000
0.055413000000000
0.055281000000000
0.055057000000000
0.088893000000000
0.054530000000000
0.055400000000000
0.055479000000000
0.054463000000000
0.091094000000000
0.054206000000000
0.054348000000000
0.054936000000000
0.066770000000000
0.054186000000000
0.056459000000000
0.054602000000000
0.055703000000000
0.067325000000000
0.054553000000000
0.055665000000000
0.072644000000000
0.054495000000000
0.054693000000000
0.054272000000000
0.054063000000000
0.055122000000000
0.061417000000000
0.054668000000000
0.055346000000000
0.054349000000000
0.058461000000000
0.054871000000000
0.122728000000000
0.056250000000000
0.055610000000000
0.054445000000000
0.054748000000000
0.054259000000000
0.058424000000000
0.054784000000000
0.056396000000000
0.054730000000000
0.054359000000000
0.054737000000000
0.055081000000000
0.054112000000000
0.054603000000000
0.054687000000000
0.054749000000000
0.137241000000000
0.054403000000000
0.055502000000000
0.054874000000000
0.054120000000000
0.054861000000000
0.095327000000000
0.054828000000000
0.053951000000000
0.055185000000000
0.057050000000000
0.100327000000000
0.054524000000000
0.054053000000000
0.054629000000000
0.056078000000000
0.055211000000000
0.086673000000000
0.054511000000000
0.054790000000000
0.058075000000000
0.054648000000000
0.068338000000000
0.055088000000000
0.054510000000000
0.054819000000000
0.055877000000000
0.092309000000000
0.054681000000000
0.054502000000000
0.054512000000000
0.055573000000000
0.069974000000000
0.055082000000000
0.054931000000000
0.054562000000000
0.055363000000000
0.089884000000000
0.055025000000000
0.054624000000000
0.054969000000000
0.054909000000000
0.073316000000000
0.054319000000000
0.055106000000000
0.054459000000000
0.095499000000000
0.054461000000000
0.054166000000000
0.059069000000000
0.069820000000000
0.054237000000000
0.054778000000000
0.102709000000000
0.055481000000000
0.055015000000000
0.054450000000000
0.100641000000000
0.054331000000000
0.057200000000000
0.054647000000000
0.094359000000000
0.055543000000000
0.054348000000000
0.055131000000000
0.073244000000000
0.054737000000000
0.054657000000000
0.054108000000000
0.052970000000000
0.054241000000000
0.055027000000000
0.054663000000000
0.055244000000000
0.057128000000000
0.054157000000000
0.055248000000000
0.054944000000000
0.054686000000000
0.054201000000000
0.055023000000000
0.055264000000000
0.066777000000000
0.053834000000000
0.058784000000000
0.070074000000000
0.055019000000000
0.074095000000000
0.054981000000000
0.055688000000000
0.069597000000000
0.054100000000000
0.054187000000000
0.055368000000000
0.054178000000000
0.077610000000000
0.054805000000000
0.054262000000000
0.054793000000000
0.054336000000000
0.094515000000000
0.054382000000000
0.055007000000000
0.056236000000000
0.096038000000000
0.054947000000000
0.054166000000000
0.054696000000000
0.054121000000000
0.054294000000000
0.086611000000000
0.054492000000000
0.059302000000000
0.055500000000000
0.055550000000000
0.054920000000000
0.055275000000000
0.081468000000000
0.054970000000000
0.054992000000000
0.055243000000000
0.096692000000000
0.054433000000000
0.055589000000000
0.054568000000000
0.055211000000000
0.080281000000000
0.057535000000000
0.058322000000000
0.069634000000000
0.054400000000000
0.054837000000000
0.054743000000000
0.056390000000000
0.058686000000000
0.055096000000000
0.084018000000000
0.054993000000000
0.055170000000000
0.176165000000000
0.058015000000000
0.054629000000000
0.092145000000000
0.055938000000000
0.074317000000000
0.055462000000000
0.055770000000000
0.056793000000000
0.087166000000000
0.056992000000000
0.056271000000000
0.086682000000000
0.056411000000000
0.056762000000000
0.055314000000000
0.056071000000000
0.055289000000000
0.056689000000000
0.056186000000000
0.056195000000000
0.055999000000000
0.055351000000000
0.055620000000000
0.056388000000000
0.054931000000000
0.056984000000000
0.058393000000000
0.055375000000000
0.055357000000000
0.056038000000000
0.056143000000000
0.054559000000000
0.054644000000000
0.054659000000000
0.055161000000000
0.055122000000000
0.054963000000000
0.054876000000000
0.054536000000000
0.055302000000000
0.055336000000000
0.054986000000000
0.056108000000000
0.055137000000000
0.058654000000000
0.055037000000000
0.055194000000000
0.055368000000000
0.055068000000000
0.055593000000000
0.054754000000000
0.054882000000000
0.054348000000000
0.054836000000000
0.056138000000000
0.055044000000000
0.054735000000000
0.054805000000000
0.054222000000000
0.054412000000000
0.054847000000000
0.054461000000000
0.054667000000000
0.056151000000000
0.059196000000000
0.055777000000000
0.055461000000000
0.055451000000000
0.055527000000000
0.091820000000000
0.055937000000000
0.057832000000000
0.076719000000000
0.054924000000000
0.056031000000000
0.055824000000000
0.054655000000000
0.054941000000000
0.054325000000000
0.069376000000000
0.054709000000000
0.054556000000000
0.069982000000000
0.054395000000000
0.054913000000000
0.054545000000000
0.064535000000000
0.057198000000000
0.054888000000000
0.112727000000000
0.054532000000000
0.054945000000000
0.055974000000000
0.058486000000000
0.074087000000000
0.056201000000000
0.054942000000000
0.055285000000000
0.055782000000000
0.054389000000000
0.071344000000000
0.055927000000000
0.054512000000000
0.094294000000000
0.054406000000000
0.055031000000000
0.056284000000000
0.087964000000000
0.055653000000000
0.055141000000000
0.054878000000000
0.055770000000000
0.054823000000000
0.055435000000000
0.055737000000000
0.078456000000000
0.055137000000000
0.054971000000000
0.054858000000000
0.068525000000000
0.054597000000000
0.054944000000000
0.054533000000000
0.059475000000000
0.054614000000000
0.078653000000000
0.054924000000000
0.059781000000000
0.054471000000000
0.055178000000000
0.055697000000000
0.056563000000000
0.091226000000000
0.056343000000000
0.055872000000000
0.055450000000000
0.101866000000000
0.055116000000000
0.055044000000000
0.056262000000000
0.056202000000000
0.111638000000000
0.054797000000000
0.057784000000000
0.061620000000000
0.072930000000000
0.055190000000000
0.055662000000000
0.054253000000000
0.088392000000000
0.055763000000000
0.055040000000000
0.058194000000000
0.087523000000000
0.054741000000000
0.055182000000000
0.055633000000000
0.109288000000000
0.056720000000000
0.054607000000000
0.059093000000000
0.097188000000000
0.054966000000000
0.054846000000000
0.094410000000000
0.057853000000000
0.054944000000000
0.087042000000000
0.054544000000000
0.057364000000000
0.105572000000000
0.059401000000000
0.056106000000000
0.055645000000000
0.091483000000000
0.054479000000000
0.056334000000000
0.054814000000000
0.092027000000000
0.055009000000000
0.055198000000000
0.054963000000000
0.054987000000000
0.055481000000000
0.105112000000000
0.056256000000000
0.054500000000000
0.059428000000000
0.054628000000000
0.076680000000000
0.057800000000000
0.055114000000000
0.054426000000000
0.076230000000000
0.054391000000000
0.057078000000000
0.054684000000000
0.101817000000000
0.054863000000000
0.055167000000000
0.084376000000000
0.056213000000000
0.055396000000000
0.055259000000000
0.079855000000000
0.054955000000000
0.055079000000000
0.055576000000000
0.090250000000000
0.056491000000000
0.054377000000000
0.055147000000000
0.054524000000000
0.054512000000000
0.094779000000000
0.054862000000000
0.054996000000000
0.054581000000000
0.055714000000000
0.110187000000000
0.059236000000000
0.055087000000000
0.055757000000000
0.058299000000000
0.075996000000000
0.054234000000000
0.056001000000000
0.054333000000000
0.055917000000000
0.116379000000000
0.055935000000000
0.054435000000000
0.054194000000000
0.055807000000000
0.069884000000000
0.055018000000000
0.054475000000000
0.054913000000000
0.054260000000000
0.092147000000000
0.054328000000000
0.054612000000000
0.054911000000000
0.091289000000000
0.054619000000000
0.056400000000000
0.055436000000000
0.055370000000000
0.054736000000000
0.056473000000000
0.076770000000000
0.054705000000000
0.055156000000000
0.059388000000000
0.106702000000000
0.054786000000000
0.061203000000000
0.054644000000000
0.085924000000000
0.055082000000000
0.054778000000000
0.109565000000000
0.055868000000000
0.057069000000000
0.054706000000000
0.082479000000000
0.054905000000000
0.054551000000000
0.055016000000000
0.073815000000000
0.054336000000000
0.054999000000000
0.055354000000000
0.055355000000000
0.055246000000000
0.058973000000000
0.055807000000000
0.054767000000000
0.059882000000000
0.055022000000000
0.057837000000000
0.055932000000000
0.073353000000000
0.055384000000000
0.055299000000000
0.055614000000000
0.056032000000000
0.107028000000000
0.055712000000000
0.056001000000000
0.054554000000000
0.055388000000000
0.054881000000000
0.055091000000000
0.054671000000000
0.054970000000000
0.055012000000000
0.092707000000000
0.055824000000000
0.054808000000000
0.055808000000000
0.055087000000000
0.054715000000000
0.055254000000000
0.056186000000000
0.055496000000000
0.055782000000000
0.082602000000000
0.058567000000000
0.055167000000000
0.054670000000000
0.054937000000000
0.055746000000000
0.054352000000000
0.054834000000000
0.056817000000000
0.088752000000000
0.056035000000000
0.054977000000000
0.054907000000000
0.105729000000000
0.055856000000000
0.055758000000000
0.055732000000000
0.056933000000000
0.054904000000000
0.055589000000000
0.055366000000000
0.055291000000000
0.055087000000000
0.055698000000000
0.055098000000000
0.073795000000000
0.055200000000000
0.109435000000000
0.055160000000000
0.056840000000000
0.056840000000000
0.056062000000000
0.057335000000000
0.055612000000000
0.059948000000000
0.055787000000000
0.055591000000000
0.056675000000000
0.055106000000000
0.055003000000000
0.056360000000000
0.057668000000000
0.056104000000000
0.055215000000000
0.056368000000000
0.055504000000000
0.057670000000000
0.055968000000000
0.056274000000000
0.055141000000000
0.055573000000000
0.057478000000000
0.056522000000000
0.056905000000000
0.056025000000000
0.057002000000000
0.057891000000000
0.081436000000000
0.055356000000000
0.055371000000000
0.054809000000000
0.055468000000000
0.055801000000000
0.099263000000000
0.054814000000000
0.055098000000000
0.054910000000000
0.055716000000000
0.056872000000000
0.055017000000000
0.054289000000000
0.054296000000000
0.055089000000000
0.054067000000000
0.055336000000000
0.056048000000000
0.126325000000000
0.055207000000000
0.056362000000000
0.058867000000000
0.054971000000000
0.057404000000000
0.055321000000000
0.112050000000000
0.055494000000000
0.055325000000000
0.055060000000000
0.072981000000000
0.065440000000000
0.055449000000000
0.055715000000000
0.055096000000000
0.055568000000000
0.056037000000000
0.074953000000000
0.060258000000000
0.054994000000000
0.059037000000000
0.056293000000000
0.055209000000000
0.056801000000000
0.056898000000000
0.056832000000000
0.055888000000000
0.056924000000000
0.056224000000000
0.055112000000000
0.058847000000000
0.056706000000000
0.056237000000000
0.095992000000000
0.056170000000000
0.055725000000000
0.068482000000000
0.055875000000000
0.056971000000000
0.064225000000000
0.056568000000000
0.056469000000000
0.056433000000000
0.057398000000000
0.065689000000000
0.060503000000000
0.056724000000000
0.087685000000000
0.056019000000000
0.057348000000000
0.056635000000000
0.056644000000000
0.093835000000000
0.056147000000000
0.057127000000000
0.056410000000000
0.055942000000000
0.059458000000000
0.091468000000000
0.056711000000000
0.056235000000000
0.070149000000000
0.059225000000000
0.056288000000000
0.055472000000000
0.057906000000000
0.056432000000000
0.087432000000000
0.056100000000000
0.059861000000000
0.055422000000000
0.079498000000000
0.055262000000000
0.055430000000000
0.054837000000000
0.054913000000000
0.056014000000000
0.093871000000000
0.055038000000000
0.055144000000000
0.087773000000000
0.097292000000000
0.055424000000000
0.055236000000000
