0.002192000000000
0.001646000000000
0.001572000000000
0.001626000000000
0.001659000000000
0.001552000000000
0.001541000000000
0.001627000000000
0.001614000000000
0.001636000000000
0.001569000000000
0.001546000000000
0.001605000000000
0.001614000000000
0.001622000000000
0.001620000000000
0.001644000000000
0.001590000000000
0.001650000000000
0.001608000000000
0.001553000000000
0.001558000000000
0.001643000000000
0.001604000000000
0.001565000000000
0.001594000000000
0.001558000000000
0.001528000000000
0.001572000000000
0.001615000000000
0.001570000000000
0.001609000000000
0.001543000000000
0.001568000000000
0.001631000000000
0.001603000000000
0.001605000000000
0.001618000000000
0.001614000000000
0.001645000000000
0.001570000000000
0.001545000000000
0.001604000000000
0.001575000000000
0.001706000000000
0.001651000000000
0.001558000000000
0.001706000000000
0.001565000000000
0.001560000000000
0.001554000000000
0.001555000000000
0.001582000000000
0.001564000000000
0.001560000000000
0.001698000000000
0.001585000000000
0.001555000000000
0.001672000000000
0.001633000000000
0.001616000000000
0.001571000000000
0.001652000000000
0.001566000000000
0.001557000000000
0.001675000000000
0.001602000000000
0.001570000000000
0.001596000000000
0.001555000000000
0.001584000000000
0.001588000000000
0.001699000000000
0.001631000000000
0.001543000000000
0.001566000000000
0.001633000000000
0.001558000000000
0.001682000000000
0.001633000000000
0.001664000000000
0.001546000000000
0.001585000000000
0.001590000000000
0.001570000000000
0.001598000000000
0.001552000000000
0.001572000000000
0.001594000000000
0.001628000000000
0.001555000000000
0.001578000000000
0.001542000000000
0.001598000000000
0.001570000000000
0.001644000000000
0.001576000000000
0.001684000000000
0.001573000000000
