 1383062702.28077
10
 1383062713.3554
77
 1383062714.33816
135
 1383062715.40399
194
 1383062716.45945
253
 1383062717.50844
308
 1383062718.5323
362
 1383062719.5517
416
 1383062720.58937
469
 1383062721.60077
523
 1383062722.65088
574
 1383062723.70329
638
 1383062725.06876
688
 1383062726.06236
738
 1383062727.09135
789
 1383062728.22091
840
 1383062729.24011
887
 1383062730.27983
935
 1383062731.39039
984
 1383062732.34885
1032
 1383062733.37895
1080
 1383062734.43502
1129
 1383062735.50234
1173
 1383062736.52803
1222
 1383062737.58728
1267
 1383062738.63094
1316
 1383062739.73202
1361
 1383062740.76859
1407
 1383062741.82001
1451
 1383062742.88203
1496
 1383062743.98216
1539
 1383062745.10634
1583
 1383062746.04001
1627
 1383062747.10493
1669
 1383062748.16924
1712
 1383062749.22197
1771
 1383062750.659
1813
 1383062751.73
1856
 1383062752.77
1899
 1383062753.81393
1940
 1383062754.84963
1982
 1383062756.00495
2050
 1383062757.67138
2101
 1383062764.9384
2360
 1383062766.00508
2398
 1383062766.99269
2435
 1383062768.06119
2474
 1383062769.15653
2509
 1383062770.22286
2546
 1383062771.20639
2582
 1383062772.27356
2621
 1383062773.40299
2658
 1383062774.48291
2702
 1383062775.66842
2750
 1383062776.97801
2790
 1383062778.15093
2838
 1383062779.71033
2876
 1383062780.77653
2932
 1383062782.35668
2967
 1383062783.63553
3009
 1383062784.72086
3046
 1383062785.82593
3084
 1383062786.89878
3119
 1383062788.07924
3206
 1383062790.62713
3247
 1383062791.82364
3300
 1383062793.47906
3335
 1383062794.5808
3369
 1383062795.70712
3405
 1383062796.77876
3441
 1383062797.98276
3481
 1383062799.11932
3519
 1383062800.28122
3551
 1383062801.33268
3590
 1383062802.67289
3625
 1383062803.76942
3660
 1383062804.97532
3709
 1383062806.35402
3757
 1383062808.10579
3794
 1383062809.17999
3828
 1383062810.23771
3870
 1383062811.77685
3917
 1383062813.21576
3950
 1383062814.6519
4000
 1383062816.00626
4007
 1383062818.06199
