 1383062706.28173
12
 1383062920.69593
78
 1383062921.64559
136
 1383062922.7105
192
 1383062923.75579
248
 1383062924.77999
307
 1383062925.8486
364
 1383062926.88544
418
 1383062927.93271
471
 1383062929.01628
524
 1383062929.99465
579
 1383062931.07969
631
 1383062932.10203
681
 1383062933.15676
732
 1383062934.23409
782
 1383062935.18427
831
 1383062936.22984
880
 1383062937.26469
931
 1383062938.37199
980
 1383062939.48144
1029
 1383062940.58347
1075
 1383062941.63607
1122
 1383062942.58363
1168
 1383062943.78692
1227
 1383062944.9263
1274
 1383062946.06802
1321
 1383062947.02355
1371
 1383062948.22526
1416
 1383062949.22404
1460
 1383062950.26326
1504
 1383062951.30646
1547
 1383062952.35726
1592
 1383062953.46555
1634
 1383062954.49715
1678
 1383062955.63257
1720
 1383062956.59316
1762
 1383062957.61993
1805
 1383062958.67542
1850
 1383062959.9589
1894
 1383062960.85701
1958
 1383062962.51108
2000
 1383062963.64351
2041
 1383062964.63014
2084
 1383062965.8211
2127
 1383062967.16268
2168
 1383062968.0174
2209
 1383062969.0126
2249
 1383062970.08654
2290
 1383062971.23713
2333
 1383062972.47652
2371
 1383062973.36997
2409
 1383062974.44601
2446
 1383062975.52838
2488
 1383062976.71434
2527
 1383062977.88769
2568
 1383062978.95864
2609
 1383062980.09456
2650
 1383062981.31342
2690
 1383062982.56617
2729
 1383062983.44342
2768
 1383062984.7105
2807
 1383062985.91798
2849
 1383062987.04601
2889
 1383062988.14786
2926
 1383062989.32136
2967
 1383062990.46849
3004
 1383062991.48922
3038
 1383062992.5597
3074
 1383062993.66647
3108
 1383062994.70956
3143
 1383062995.82426
3178
 1383062996.86921
3212
 1383062997.9434
3246
 1383062998.98217
3280
 1383063000.16426
3315
 1383063001.05242
3349
 1383063002.10869
3383
 1383063003.15797
3417
 1383063004.19315
3449
 1383063005.22956
3482
 1383063006.2596
3517
 1383063007.38273
3550
 1383063008.39711
3584
 1383063009.45316
3616
 1383063010.4859
3648
 1383063011.53279
3680
 1383063012.61093
3712
 1383063013.59813
3745
 1383063014.71407
3777
 1383063015.75746
3810
 1383063016.90935
3841
 1383063017.95728
3873
 1383063019.01314
3905
 1383063020.1838
3939
 1383063021.18928
3971
 1383063022.23973
4005
 1383063023.35301
4007
 1383063024.3857
