 1383062704.38601
67
 1383062818.06201
130
 1383062819.15289
193
 1383062820.22787
261
 1383062821.40831
331
 1383062822.78883
399
 1383062824.07334
458
 1383062825.17829
571
 1383062827.3566
639
 1383062828.76739
690
 1383062829.73617
741
 1383062830.80496
792
 1383062831.96062
843
 1383062832.92716
893
 1383062833.95484
941
 1383062834.97961
989
 1383062836.01716
1038
 1383062837.04577
1089
 1383062838.13908
1136
 1383062839.18425
1182
 1383062840.21179
1227
 1383062841.23939
1273
 1383062842.25465
1338
 1383062843.74195
1383
 1383062844.8841
1427
 1383062845.87928
1471
 1383062846.91163
1514
 1383062847.92917
1557
 1383062849.00134
1601
 1383062850.03314
1643
 1383062851.02809
1688
 1383062852.0904
1731
 1383062853.16136
1775
 1383062854.24465
1817
 1383062855.272
1860
 1383062856.33097
1903
 1383062857.38023
1947
 1383062858.45883
1988
 1383062859.49439
2033
 1383062860.61946
2072
 1383062861.64251
2111
 1383062862.80752
2149
 1383062863.77828
2189
 1383062864.78821
2227
 1383062865.82567
2264
 1383062866.84726
2302
 1383062867.90654
2344
 1383062869.08206
2384
 1383062870.30612
2423
 1383062871.2593
2463
 1383062872.47698
2502
 1383062873.39925
2549
 1383062874.7155
2587
 1383062875.92357
2630
 1383062877.02813
2666
 1383062878.09299
2701
 1383062879.57801
2737
 1383062880.16519
2773
 1383062881.20508
2809
 1383062882.20129
2845
 1383062883.26362
2882
 1383062884.31979
2917
 1383062885.3694
2952
 1383062886.42826
2990
 1383062887.51054
3027
 1383062888.60134
3061
 1383062889.58869
3098
 1383062890.68263
3134
 1383062891.74594
3168
 1383062892.76947
3203
 1383062893.82879
3239
 1383062894.91938
3273
 1383062895.99872
3307
 1383062897.03287
3339
 1383062898.10325
3373
 1383062899.1456
3407
 1383062900.17031
3443
 1383062901.34964
3477
 1383062902.39742
3510
 1383062903.49192
3543
 1383062904.50606
3576
 1383062905.53798
3609
 1383062906.585
3641
 1383062907.62443
3674
 1383062908.66902
3706
 1383062909.69643
3739
 1383062910.78623
3771
 1383062911.83226
3809
 1383062913.06276
3840
 1383062914.09189
3871
 1383062915.12934
3901
 1383062916.15849
3932
 1383062917.18615
3963
 1383062918.2054
3994
 1383062919.24012
4007
 1383062920.28079
