1383061784.178366899490356
1383061784.188815116882324
1383061784.199783086776733
1383061784.212332010269165
1383061784.223659992218018
1383061784.234328031539917
1383061784.247051954269409
1383061784.258035898208618
1383061784.267612934112549
1383061784.278239011764526
1383061784.288223028182983
1383061784.298146963119507
1383061784.308243036270142
1383061784.317578077316284
1383061784.327573060989380
1383061784.337017059326172
1383061784.346234083175659
1383061784.355303049087524
1383061784.364464998245239
1383061784.373145103454590
1383061784.385324001312256
1383061784.395309925079346
1383061784.404355049133301
1383061784.412296056747437
1383061784.421154022216797
1383061784.428972005844116
1383061784.436666011810303
1383061784.444096088409424
1383061784.451550960540771
1383061784.458962917327881
1383061784.466517925262451
1383061784.473944902420044
1383061784.481314897537231
1383061784.491322040557861
1383061784.498946905136108
1383061784.507360935211182
1383061784.515136957168579
1383061784.522713899612427
1383061784.530375957489014
1383061784.537899017333984
1383061784.545401096343994
1383061784.552823066711426
1383061784.560271024703979
1383061784.567831039428711
1383061784.575362920761108
1383061784.582705974578857
1383061784.591094017028809
1383061784.600624084472656
1383061784.609252929687500
1383061784.617206096649170
1383061784.626158952713013
1383061784.633742094039917
1383061784.641180038452148
1383061784.648833990097046
1383061784.656475067138672
1383061784.664118051528931
1383061784.671648025512695
1383061784.679182052612305
1383061784.686681032180786
1383061784.694380044937134
1383061784.703727006912231
1383061784.711414098739624
1383061784.719770908355713
1383061784.727638006210327
1383061784.736041069030762
1383061784.743607044219971
1383061784.751571893692017
1383061784.759155035018921
1383061784.766738891601562
1383061784.774422883987427
1383061784.782042026519775
1383061784.789588928222656
1383061784.797369003295898
1383061784.806076049804688
1383061784.813833951950073
1383061784.821837902069092
1383061784.829869031906128
1383061784.837809085845947
1383061784.845623970031738
1383061784.853295087814331
1383061784.860869884490967
1383061784.868498086929321
1383061784.876146078109741
1383061784.883760929107666
1383061784.891380071640015
1383061784.898956060409546
1383061784.906618118286133
1383061784.915724992752075
1383061784.926048994064331
1383061784.934386014938354
1383061784.942174911499023
1383061784.949882030487061
1383061784.957633972167969
1383061784.965370893478394
1383061784.973144054412842
1383061784.980690002441406
1383061784.988475084304810
1383061784.996268033981323
1383061785.003925085067749
