1381893040 296692
1381893040 305726
1381893040 313954
1381893040 322439
1381893040 330451
1381893040 338344
1381893040 346690
1381893040 354906
1381893040 363298
1381893040 372007
1381893040 382210
1381893040 391360
1381893040 401297
1381893040 411465
1381893040 421768
1381893040 431226
1381893040 441883
1381893040 452006
1381893040 462712
1381893040 473781
1381893040 485613
1381893040 497356
1381893040 509711
1381893040 521943
1381893040 534318
1381893040 547275
1381893040 560136
1381893040 573348
1381893040 586571
1381893040 600008
1381893040 613100
1381893040 626746
1381893040 641627
1381893040 655928
1381893040 670013
1381893040 685055
1381893040 700168
1381893040 716220
1381893040 731761
1381893040 747580
1381893040 763605
1381893040 779620
1381893040 795358
1381893040 811541
1381893040 828937
1381893040 845857
1381893040 862407
1381893040 882346
1381893040 900950
1381893040 919040
1381893040 937029
1381893040 954953
1381893040 973036
1381893040 992067
1381893041 10828
1381893041 31643
1381893041 50689
1381893041 70361
1381893041 90448
1381893041 110646
1381893041 131621
1381893041 154261
1381893041 174984
1381893041 199516
1381893041 221389
1381893041 245653
1381893041 266743
1381893041 289013
1381893041 310395
1381893041 336564
1381893041 363524
1381893041 388638
1381893041 416624
1381893041 443194
1381893041 470536
1381893041 501602
1381893041 529525
1381893041 559491
1381893041 591488
1381893041 627614
1381893041 660411
1381893041 693080
1381893041 726839
1381893041 764254
1381893041 802672
1381893041 839586
1381893041 874817
1381893041 918437
1381893041 958885
1381893041 994629
1381893042 38389
1381893042 93671
1381893042 134748
1381893042 174968
1381893042 216258
1381893042 270576
1381893042 327785
1381893042 367086
1381893042 420122
