1381934307.315371036529541
1381934307.834609985351562
1381934308.449009895324707
1381934308.971992015838623
1381934309.616796970367432
1381934310.209976911544800
1381934310.990031957626343
1381934311.691262006759644
1381934312.299077033996582
1381934313.170480966567993
1381934313.914875030517578
1381934314.612987041473389
1381934315.611244916915894
1381934316.387785911560059
1381934317.391813993453979
1381934318.106408119201660
1381934319.109853029251099
1381934320.059963941574097
1381934321.027853012084961
1381934322.039583921432495
1381934323.057847023010254
1381934324.092391967773438
1381934325.098043918609619
1381934326.153104066848755
1381934327.246881008148193
1381934328.361329078674316
1381934329.529270887374878
1381934330.445409059524536
1381934331.878671884536743
1381934333.121414899826050
1381934334.295718908309937
1381934335.582017898559570
1381934336.870333909988403
1381934338.152137994766235
1381934339.486033916473389
1381934340.513575077056885
1381934342.117669105529785
1381934343.504864931106567
1381934344.584974050521851
1381934346.264959096908569
1381934347.376597881317139
1381934349.117841005325317
1381934350.592924118041992
1381934352.077477931976318
1381934353.551414012908936
1381934354.754652023315430
1381934356.912412881851196
1381934358.540888071060181
1381934360.276706933975220
1381934361.588032007217407
1381934363.690329074859619
1381934365.167411088943481
1381934367.056762933731079
1381934368.811366081237793
1381934370.568435907363892
1381934372.294565916061401
1381934374.060218095779419
1381934375.870233058929443
1381934377.975898027420044
1381934379.400024890899658
1381934381.940083026885986
1381934383.449701070785522
1381934386.122015953063965
1381934388.092637062072754
1381934390.369318008422852
1381934391.991321086883545
1381934394.895960092544556
1381934396.520411014556885
1381934398.894985914230347
1381934401.402194023132324
1381934403.471061944961548
1381934405.848180055618286
1381934408.265202045440674
1381934409.879282951354980
1381934412.776187896728516
1381934415.165714025497437
1381934417.678767919540405
1381934420.268670082092285
1381934422.928019046783447
1381934425.622958898544312
1381934428.237003087997437
1381934430.080018997192383
1381934433.263514995574951
1381934435.083307027816772
1381934438.428442955017090
1381934440.689816951751709
1381934443.347378969192505
1381934445.834175109863281
1381934448.621593952178955
1381934451.379529953002930
1381934453.208137989044189
1381934456.655293941497803
1381934458.571381092071533
1381934462.019634008407593
1381934464.906433105468750
1381934467.924741983413696
1381934470.838299036026001
1381934473.893357992172241
1381934476.991069078445435
