1381935093.304471969604492
1381935093.313426971435547
1381935093.321588993072510
1381935093.329937934875488
1381935093.337903976440430
1381935093.345958948135376
1381935093.353859901428223
1381935093.362844944000244
1381935093.371752023696899
1381935093.380625963211060
1381935093.389761924743652
1381935093.401350021362305
1381935093.410516977310181
1381935093.421077013015747
1381935093.431005001068115
1381935093.441164970397949
1381935093.453937053680420
1381935093.464319944381714
1381935093.475310087203979
1381935093.486802101135254
1381935093.496958971023560
1381935093.508745908737183
1381935093.519777059555054
1381935093.534543037414551
1381935093.547790050506592
1381935093.560025930404663
1381935093.572504997253418
1381935093.585330963134766
1381935093.599733114242554
1381935093.612550973892212
1381935093.626408100128174
1381935093.639293909072876
1381935093.652841091156006
1381935093.666740894317627
1381935093.684763908386230
1381935093.698029994964600
1381935093.712959051132202
1381935093.727538108825684
1381935093.742943048477173
1381935093.757997989654541
1381935093.773593902587891
1381935093.789529085159302
1381935093.807420015335083
1381935093.823411941528320
1381935093.840713024139404
1381935093.856429100036621
1381935093.873106002807617
1381935093.890815973281860
1381935093.909729003906250
1381935093.927402019500732
1381935093.945853948593140
1381935093.964394092559814
1381935093.982930898666382
1381935094.003005027770996
1381935094.021614074707031
1381935094.040565013885498
1381935094.060384035110474
1381935094.080312013626099
1381935094.098819017410278
1381935094.120522022247314
1381935094.141927957534790
1381935094.161108016967773
1381935094.182851076126099
1381935094.204032897949219
1381935094.224704027175903
1381935094.245312929153442
1381935094.266431093215942
1381935094.288008928298950
1381935094.311031103134155
1381935094.335225105285645
1381935094.359951972961426
1381935094.384166955947876
1381935094.411807060241699
1381935094.435374975204468
1381935094.464148044586182
1381935094.492912054061890
1381935094.520816087722778
1381935094.552690982818604
1381935094.582057952880859
1381935094.616014957427979
1381935094.650013923645020
1381935094.680133104324341
1381935094.711469888687134
1381935094.748130083084106
1381935094.785130023956299
1381935094.822990894317627
1381935094.857496976852417
1381935094.900718927383423
1381935094.937756061553955
1381935094.975150108337402
1381935095.006418943405151
1381935095.052495956420898
1381935095.091370105743408
1381935095.132062911987305
1381935095.165859937667847
1381935095.217356920242310
1381935095.261852979660034
1381935095.298984050750732
1381935095.358382940292358
