1381893409 119350
1381893409 127721
1381893409 135951
1381893409 145849
1381893409 153724
1381893409 161501
1381893409 169345
1381893409 178090
1381893409 187177
1381893409 196462
1381893409 205543
1381893409 214743
1381893409 224027
1381893409 233815
1381893409 244082
1381893409 254694
1381893409 266670
1381893409 277103
1381893409 288590
1381893409 300908
1381893409 312310
1381893409 324548
1381893409 337058
1381893409 349195
1381893409 361483
1381893409 374042
1381893409 387015
1381893409 400073
1381893409 413411
1381893409 426605
1381893409 440867
1381893409 455034
1381893409 469109
1381893409 484229
1381893409 498798
1381893409 513398
1381893409 528693
1381893409 545142
1381893409 560187
1381893409 576916
1381893409 592796
1381893409 608295
1381893409 624331
1381893409 641880
1381893409 659526
1381893409 675975
1381893409 694106
1381893409 711543
1381893409 729702
1381893409 747564
1381893409 765355
1381893409 783901
1381893409 801996
1381893409 820620
1381893409 839606
1381893409 858729
1381893409 876968
1381893409 896567
1381893409 916546
1381893409 936774
1381893409 958149
1381893409 980288
1381893410 800
1381893410 21774
1381893410 42156
1381893410 63744
1381893410 86946
1381893410 108556
1381893410 130302
1381893410 157062
1381893410 183205
1381893410 210001
1381893410 236995
1381893410 266584
1381893410 297952
1381893410 326695
1381893410 358634
1381893410 389047
1381893410 416999
1381893410 448644
1381893410 482768
1381893410 527088
1381893410 565980
1381893410 602641
1381893410 640281
1381893410 673080
1381893410 708979
1381893410 749021
1381893410 788467
1381893410 828997
1381893410 883311
1381893410 922618
1381893410 969284
1381893411 10518
1381893411 56780
1381893411 99864
1381893411 145948
1381893411 194457
1381893411 237460
