1381933987.547051906585693
1381933988.037580013275146
1381933988.495728969573975
1381933989.097600936889648
1381933989.688198089599609
1381933990.256422042846680
1381933990.775578975677490
1381933991.537820100784302
1381933992.230180978775024
1381933992.825143098831177
1381933993.553534984588623
1381933994.168395996093750
1381933994.971012115478516
1381933995.676225900650024
1381933996.580950021743774
1381933997.420716047286987
1381933998.260386943817139
1381933999.074981927871704
1381933999.876792907714844
1381934000.973206996917725
1381934001.969913005828857
1381934002.984438896179199
1381934004.042696952819824
1381934005.122716903686523
1381934006.006130933761597
1381934007.421777009963989
1381934008.634777069091797
1381934009.860753059387207
1381934011.072226047515869
1381934012.324297904968262
1381934013.610713005065918
1381934014.798258066177368
1381934016.026504039764404
1381934017.327763080596924
1381934018.551047086715698
1381934019.794658899307251
1381934021.106976985931396
1381934022.177463054656982
1381934023.878448963165283
1381934025.305329084396362
1381934026.398610115051270
1381934028.212857961654663
1381934029.602339982986450
1381934031.006756067276001
1381934032.082292079925537
1381934033.655165910720825
1381934035.029993057250977
1381934036.128937959671021
1381934038.175857067108154
1381934039.936420917510986
1381934041.298737049102783
1381934043.626208066940308
1381934045.296535015106201
1381934047.197961091995239
1381934049.363624095916748
1381934051.434077024459839
1381934052.891608953475952
1381934055.472970008850098
1381934057.438345909118652
1381934059.721622943878174
1381934061.260502099990845
1381934064.051994085311890
1381934066.136065006256104
1381934068.485296010971069
1381934070.088066101074219
1381934072.925587892532349
1381934075.313148021697998
1381934076.978347063064575
1381934079.900899887084961
1381934082.358727931976318
1381934084.092035055160522
1381934087.209402084350586
1381934089.714534044265747
1381934092.166871070861816
1381934094.675134897232056
1381934097.247136116027832
1381934099.901119947433472
1381934102.652976036071777
1381934104.457307100296021
1381934107.695648908615112
1381934110.433595895767212
1381934113.154670953750610
1381934116.098642110824585
1381934118.686194896697998
1381934121.439404964447021
1381934124.358716011047363
1381934127.306781053543091
1381934129.701467037200928
1381934133.035398960113525
1381934136.065491914749146
1381934139.192296028137207
1381934141.259533882141113
1381934145.116887092590332
1381934148.113392114639282
1381934151.069050073623657
1381934153.989321947097778
1381934156.355717897415161
1381934159.785737991333008
1381934161.780499935150146
