1381893437 45430
1381893437 53346
1381893437 61056
1381893437 69286
1381893437 77539
1381893437 85784
1381893437 94166
1381893437 102977
1381893437 111447
1381893437 120626
1381893437 130272
1381893437 139687
1381893437 148734
1381893437 158437
1381893437 167916
1381893437 177932
1381893437 188596
1381893437 199376
1381893437 210485
1381893437 221772
1381893437 233012
1381893437 244490
1381893437 256513
1381893437 268374
1381893437 283629
1381893437 296143
1381893437 309305
1381893437 323118
1381893437 336806
1381893437 351317
1381893437 367807
1381893437 381915
1381893437 396757
1381893437 411076
1381893437 425351
1381893437 440033
1381893437 455108
1381893437 470506
1381893437 485887
1381893437 501274
1381893437 517323
1381893437 535674
1381893437 551868
1381893437 569422
1381893437 585865
1381893437 602847
1381893437 619609
1381893437 636944
1381893437 654478
1381893437 672387
1381893437 690735
1381893437 709998
1381893437 729021
1381893437 747596
1381893437 766511
1381893437 787289
1381893437 807127
1381893437 826951
1381893437 847137
1381893437 867283
1381893437 887799
1381893437 907903
1381893437 928499
1381893437 949009
1381893437 971580
1381893437 996218
1381893438 17513
1381893438 39043
1381893438 60630
1381893438 86013
1381893438 112885
1381893438 138608
1381893438 164677
1381893438 192932
1381893438 220300
1381893438 248012
1381893438 276999
1381893438 305180
1381893438 332021
1381893438 363933
1381893438 400903
1381893438 433285
1381893438 472591
1381893438 511702
1381893438 551043
1381893438 586168
1381893438 619576
1381893438 655311
1381893438 697103
1381893438 737899
1381893438 780729
1381893438 818572
1381893438 852845
1381893438 889826
1381893438 933105
1381893438 978921
1381893439 18804
1381893439 60922
1381893439 104712
