3.00669312477112
3.63764691352844
3.97729396820068
3.17946600914001
2.80202007293701
2.65119791030884
2.70101380348206
2.76661515235901
2.69489288330078
2.69493889808655
2.68800592422485
2.75478506088257
2.69359493255615
2.6255190372467
2.6589241027832
2.63315796852112
2.51818990707397
2.6657989025116
2.50698113441467
2.60759997367859
2.45267915725708
2.59986400604248
2.52730488777161
2.53847289085388
2.41001510620117
2.45493412017822
2.40105009078979
2.64469480514526
2.37352299690247
2.55886197090149
2.33658504486084
2.45956802368164
2.25848007202148
2.35020804405212
2.31415796279907
2.32319211959839
2.27257394790649
2.19871592521667
2.14409613609314
2.16016411781311
2.16793704032898
2.14694905281067
2.13228893280029
2.09289598464966
2.07212209701538
2.0044219493866
2.03824687004089
1.99978399276733
1.93260192871094
1.95406079292297
1.84319591522217
1.81105089187622
1.79037809371948
1.71757292747498
1.66572594642639
1.61427903175354
1.52747988700867
1.52741098403931
1.51862597465515
1.68422198295593
1.44218897819519
1.42201399803162
1.39297103881836
1.38812804222107
1.3431830406189
1.32323789596558
1.31487894058228
1.42647099494934
1.23516607284546
1.18012309074402
1.29267907142639
1.2013099193573
1.31550002098083
1.06863903999329
1.05379891395569
0.935325860977173
0.861552000045776
0.834282875061035
0.79118013381958
0.718379974365234
0.730211019515991
0.663351058959961
0.711931943893433
0.59733510017395
0.562334060668945
0.523262977600098
0.519228935241699
0.451356887817383
0.476628065109253
0.323208093643188
0.350131988525391
0.333089113235474
0.334228992462158
0.183021068572998
0.216185092926025
0.337714910507202
0.146692991256714
0.0372121334075928
2.81333923339844e-05
1381781821.46395
