2.80872797966003
2.77914786338806
2.76109194755554
2.73767805099487
2.71847295761108
2.80951905250549
2.74720501899719
2.67840504646301
2.74865198135376
2.59750485420227
2.70597100257874
2.63879013061523
2.61349892616272
2.68867707252502
2.60464692115784
2.55858612060547
2.58008098602295
2.54280805587769
2.62354493141174
2.47249984741211
2.61086320877075
2.48015904426575
2.46314907073975
2.43229699134827
2.45731592178345
2.50485301017761
2.38252902030945
2.38024520874023
2.34085607528687
2.33969593048096
2.37736296653748
2.49774503707886
2.31795787811279
2.34739184379578
2.24518394470215
2.25136399269104
2.23822093009949
2.21689200401306
2.21723604202271
2.19362592697144
2.16277098655701
2.14281678199768
2.14988708496094
2.06758213043213
2.1363570690155
2.05293917655945
2.01098799705505
1.97995495796204
1.89120697975159
1.95703887939453
1.8499219417572
1.93621611595154
1.93643999099731
1.86284780502319
1.8352530002594
1.80117297172546
1.58154892921448
1.55637407302856
1.50579690933228
1.51823306083679
1.45510077476501
1.40532302856445
1.63307189941406
1.42278385162354
1.35638189315796
1.3050639629364
1.29667615890503
1.42969012260437
1.27510809898376
1.18887996673584
1.17724204063416
1.2350869178772
1.06106400489807
1.05929517745972
0.948293209075928
0.893590211868286
0.890730857849121
0.870982885360718
0.750295877456665
0.74611496925354
0.696515083312988
0.673306941986084
0.633281946182251
0.696079015731812
0.556864976882935
0.523580074310303
0.511495113372803
0.588661909103394
0.46428394317627
0.39919900894165
0.362097024917603
0.323291063308716
0.324566841125488
0.279126882553101
0.147783041000366
0.111341953277588
0.139228820800781
0.0698421001434326
3.40938568115234e-05
1381782355.7989
