2.76141691207886
2.71074795722961
2.80456495285034
2.76089096069336
2.72438979148865
2.88743591308594
2.75865983963013
2.6939959526062
2.68091082572937
2.64337491989136
2.693922996521
2.64412903785706
2.62837409973145
2.75059700012207
2.63610291481018
2.71415090560913
2.55990290641785
2.60069394111633
2.60802698135376
2.49225687980652
2.50188779830933
2.4896240234375
2.47130584716797
2.47956585884094
2.47009706497192
2.49362206459045
2.59345102310181
2.34714722633362
2.39413094520569
2.3611102104187
2.34045696258545
2.2675621509552
2.29062008857727
2.28576612472534
2.26091718673706
2.28398299217224
2.35170102119446
2.30090117454529
2.22106313705444
2.16207408905029
2.15281581878662
2.12215089797974
2.13559198379517
2.17097115516663
2.06703495979309
2.06662583351135
2.02672219276428
1.9531102180481
1.9644181728363
1.89334106445312
1.84389305114746
1.77823185920715
1.73618793487549
1.70892405509949
1.65528512001038
1.61883091926575
1.60612297058105
1.55725383758545
1.71592593193054
1.5480740070343
1.65940403938293
1.4280309677124
1.42715907096863
1.3782970905304
1.55237698554993
1.37543416023254
1.30159401893616
1.25890612602234
1.34722805023193
1.37457513809204
1.23113918304443
1.18692803382874
1.06778407096863
1.05124807357788
1.03083491325378
0.964914083480835
0.951364040374756
0.750426054000854
0.773744106292725
0.753786087036133
0.713093042373657
0.658143043518066
0.63831090927124
0.581608057022095
0.97455096244812
0.842777967453003
0.453099966049194
0.686658143997192
0.570792198181152
0.553539991378784
0.401564836502075
0.257586002349854
0.325183153152466
0.255450010299683
0.369316101074219
0.148168802261353
0.0742859840393066
0.0657351016998291
3.19480895996094e-05
1381782896.61339
