0.001187000000000
0.001165000000000
0.001123000000000
0.001197000000000
0.001127000000000
0.001155000000000
0.001175000000000
0.001099000000000
0.001190000000000
0.001415000000000
0.001420000000000
0.001163000000000
0.001096000000000
0.001172000000000
0.001151000000000
0.001146000000000
0.001093000000000
0.001147000000000
0.001135000000000
0.001531000000000
0.001092000000000
0.001139000000000
0.001086000000000
0.001123000000000
0.001183000000000
0.001099000000000
0.001082000000000
0.001115000000000
0.001140000000000
0.001079000000000
0.001118000000000
0.001136000000000
0.001122000000000
0.001066000000000
0.001168000000000
0.001164000000000
0.001112000000000
0.001136000000000
0.001183000000000
0.001179000000000
0.001114000000000
0.001087000000000
0.001085000000000
0.001810000000000
0.001141000000000
0.001118000000000
0.001072000000000
0.001091000000000
0.001272000000000
0.001171000000000
0.001149000000000
0.001133000000000
0.001079000000000
0.001118000000000
0.001079000000000
0.001106000000000
0.001100000000000
0.001158000000000
0.001078000000000
0.001079000000000
0.001129000000000
0.001086000000000
0.001120000000000
0.001154000000000
0.001176000000000
0.001159000000000
0.001086000000000
0.001081000000000
0.001162000000000
0.001106000000000
0.001166000000000
0.001113000000000
0.001076000000000
0.001106000000000
0.001107000000000
0.001075000000000
0.001091000000000
0.001149000000000
0.001161000000000
0.001118000000000
0.001163000000000
0.001099000000000
0.001102000000000
0.001150000000000
0.001087000000000
0.001150000000000
0.001081000000000
0.001162000000000
0.001092000000000
0.001099000000000
0.001119000000000
0.001147000000000
0.001128000000000
0.001238000000000
0.001170000000000
0.001149000000000
0.001117000000000
0.001109000000000
0.001109000000000
