0.002285000000000
0.001433000000000
0.001393000000000
0.002823000000000
0.001163000000000
0.001082000000000
0.001085000000000
0.001774000000000
0.001168000000000
0.001164000000000
0.001075000000000
0.001131000000000
0.001071000000000
0.001148000000000
0.001159000000000
0.001093000000000
0.001136000000000
0.001420000000000
0.001387000000000
0.001739000000000
0.001101000000000
0.001085000000000
0.001117000000000
0.001124000000000
0.001128000000000
0.001116000000000
0.001151000000000
0.001152000000000
0.001081000000000
0.001435000000000
0.001179000000000
0.001124000000000
0.001038000000000
0.001182000000000
0.001043000000000
0.001059000000000
0.001068000000000
0.001059000000000
0.001081000000000
0.001119000000000
0.001046000000000
0.001123000000000
0.001101000000000
0.001050000000000
0.001280000000000
0.001130000000000
0.001079000000000
0.001032000000000
0.001085000000000
0.001118000000000
0.001074000000000
0.001052000000000
0.001171000000000
0.001166000000000
0.001123000000000
0.001133000000000
0.001306000000000
0.001138000000000
0.001135000000000
0.001119000000000
0.001158000000000
0.001244000000000
0.001178000000000
0.001104000000000
0.001144000000000
0.001170000000000
0.001103000000000
0.001112000000000
0.001199000000000
0.001139000000000
0.001076000000000
0.001173000000000
0.001195000000000
0.001080000000000
0.001168000000000
0.001132000000000
0.001284000000000
0.001597000000000
0.001066000000000
0.001130000000000
0.001085000000000
0.001191000000000
0.001064000000000
0.001114000000000
0.001123000000000
0.001067000000000
0.001062000000000
0.001470000000000
0.001173000000000
0.001107000000000
0.001248000000000
0.001101000000000
0.001214000000000
0.001091000000000
0.001103000000000
0.001096000000000
0.001208000000000
0.001200000000000
0.001216000000000
