0.001010000000000
0.000941000000000
0.000972000000000
0.000890000000000
0.001384000000000
0.000862000000000
0.000835000000000
0.000843000000000
0.000803000000000
0.000806000000000
0.001298000000000
0.000865000000000
0.000796000000000
0.000915000000000
0.000841000000000
0.000992000000000
0.000844000000000
0.001122000000000
0.000807000000000
0.000862000000000
0.000780000000000
0.000864000000000
0.002342000000000
0.000833000000000
0.000829000000000
0.001001000000000
0.002212000000000
0.002494000000000
0.001525000000000
0.000985000000000
0.001125000000000
0.000847000000000
0.002078000000000
0.000858000000000
0.000865000000000
0.000876000000000
0.000858000000000
0.000837000000000
0.000844000000000
0.000778000000000
0.000929000000000
0.000806000000000
0.002032000000000
0.000858000000000
0.000881000000000
0.000913000000000
0.002008000000000
0.000845000000000
0.000803000000000
0.000894000000000
0.000845000000000
0.000804000000000
0.001102000000000
0.000866000000000
0.000873000000000
0.001210000000000
0.000903000000000
0.001059000000000
0.000804000000000
0.000849000000000
0.000965000000000
0.000767000000000
0.000966000000000
0.000882000000000
0.000857000000000
0.000810000000000
0.000844000000000
0.000969000000000
0.000804000000000
0.000780000000000
0.001028000000000
0.000957000000000
0.001172000000000
0.000846000000000
0.000995000000000
0.000780000000000
0.001068000000000
0.000757000000000
0.000872000000000
0.000831000000000
0.001167000000000
0.000847000000000
0.000972000000000
0.000968000000000
0.000926000000000
0.000948000000000
0.000769000000000
0.000899000000000
0.001016000000000
0.000843000000000
0.000804000000000
0.000792000000000
0.001148000000000
0.000805000000000
0.000848000000000
0.000858000000000
0.000800000000000
0.000859000000000
0.000847000000000
0.000841000000000
0.000876000000000
0.000770000000000
0.000897000000000
0.000812000000000
0.001066000000000
0.001103000000000
0.000852000000000
0.000806000000000
0.000813000000000
0.000908000000000
0.000858000000000
0.000836000000000
0.000831000000000
0.000858000000000
0.000868000000000
0.000787000000000
0.000857000000000
0.000906000000000
0.000882000000000
0.000810000000000
0.000942000000000
0.000976000000000
0.001181000000000
0.000869000000000
0.001179000000000
0.000902000000000
0.001252000000000
0.000855000000000
0.001045000000000
0.001307000000000
0.000828000000000
0.000893000000000
0.002117000000000
0.001015000000000
0.000926000000000
0.000870000000000
0.000810000000000
0.000883000000000
0.000862000000000
0.001159000000000
0.000985000000000
0.001486000000000
0.000847000000000
0.000849000000000
0.000875000000000
0.000854000000000
0.000896000000000
0.001124000000000
0.001312000000000
0.000842000000000
0.000886000000000
0.002453000000000
0.000851000000000
0.001119000000000
0.000938000000000
0.000976000000000
0.000823000000000
0.000889000000000
0.000866000000000
0.000839000000000
0.000913000000000
0.001187000000000
0.000770000000000
0.000816000000000
0.000837000000000
0.000811000000000
0.000863000000000
0.000916000000000
0.000869000000000
0.000882000000000
0.000934000000000
0.001107000000000
0.000858000000000
0.000846000000000
0.000839000000000
0.000843000000000
0.000863000000000
0.000877000000000
0.000870000000000
0.001013000000000
0.000884000000000
0.000875000000000
0.001247000000000
0.000916000000000
0.000773000000000
0.001145000000000
0.000873000000000
0.002267000000000
0.000898000000000
0.000887000000000
0.000850000000000
0.000864000000000
0.000841000000000
0.000770000000000
0.000998000000000
0.000871000000000
0.001223000000000
0.000820000000000
0.001193000000000
0.000863000000000
0.000881000000000
0.000865000000000
0.000843000000000
0.000908000000000
0.001168000000000
0.000772000000000
0.001191000000000
0.000882000000000
0.000834000000000
0.001150000000000
0.000766000000000
0.000871000000000
0.000875000000000
0.001137000000000
0.000786000000000
0.000813000000000
0.000779000000000
0.000854000000000
0.000859000000000
0.000863000000000
0.002254000000000
0.000822000000000
0.000905000000000
0.000772000000000
0.000831000000000
0.000859000000000
0.000839000000000
0.001593000000000
0.002344000000000
0.000891000000000
0.000765000000000
0.000852000000000
0.000850000000000
0.000868000000000
0.000831000000000
0.000908000000000
0.000839000000000
0.001053000000000
0.000800000000000
0.000837000000000
0.000840000000000
0.000926000000000
0.001073000000000
0.000856000000000
0.000862000000000
0.000792000000000
0.000859000000000
0.001135000000000
0.000893000000000
0.000856000000000
0.000856000000000
0.000863000000000
0.000835000000000
0.001045000000000
0.000841000000000
0.001200000000000
0.001170000000000
0.000851000000000
0.000790000000000
0.001898000000000
0.000860000000000
0.001503000000000
0.001369000000000
0.000854000000000
0.000838000000000
0.000818000000000
0.000835000000000
0.001005000000000
0.000835000000000
0.000945000000000
0.001000000000000
0.000875000000000
0.001138000000000
0.000896000000000
0.000849000000000
0.002153000000000
0.002556000000000
0.000903000000000
0.001313000000000
0.000921000000000
0.001085000000000
0.000874000000000
0.000856000000000
0.000968000000000
0.001092000000000
0.000849000000000
0.000866000000000
0.000875000000000
0.000857000000000
0.001999000000000
0.001023000000000
0.000787000000000
0.000850000000000
0.000909000000000
0.000850000000000
0.001111000000000
0.000767000000000
0.000861000000000
0.000911000000000
0.000873000000000
0.000832000000000
0.000802000000000
0.000796000000000
0.001159000000000
0.000886000000000
0.000896000000000
0.000827000000000
0.001299000000000
0.000934000000000
0.000876000000000
0.000846000000000
0.000871000000000
0.000845000000000
0.000859000000000
0.000856000000000
0.000891000000000
0.000849000000000
0.000883000000000
0.000839000000000
0.000941000000000
0.002287000000000
0.000843000000000
0.000869000000000
0.000968000000000
0.000908000000000
0.000836000000000
0.001117000000000
0.000896000000000
0.000863000000000
0.000843000000000
0.000779000000000
0.000925000000000
0.000986000000000
0.000867000000000
0.000768000000000
0.000815000000000
0.000797000000000
0.000794000000000
0.000908000000000
0.001060000000000
0.001035000000000
0.000955000000000
0.001241000000000
0.000778000000000
0.000899000000000
0.001655000000000
0.000848000000000
0.000937000000000
0.000860000000000
0.000865000000000
0.000826000000000
0.000879000000000
0.001252000000000
0.001045000000000
0.000881000000000
0.001169000000000
0.000854000000000
0.000817000000000
0.002294000000000
0.000859000000000
0.000814000000000
0.000996000000000
0.000804000000000
0.000940000000000
0.000784000000000
0.000885000000000
0.000852000000000
0.002281000000000
0.000842000000000
0.000817000000000
0.001137000000000
0.000861000000000
0.000845000000000
0.001007000000000
0.000933000000000
0.000872000000000
0.000885000000000
0.000865000000000
0.000881000000000
0.000868000000000
0.000955000000000
0.000877000000000
0.001615000000000
0.002005000000000
0.000865000000000
0.000882000000000
0.000795000000000
0.000883000000000
0.002261000000000
0.000897000000000
0.000907000000000
0.002287000000000
0.000857000000000
0.001227000000000
0.000866000000000
0.001227000000000
0.000861000000000
0.000959000000000
0.000852000000000
0.000983000000000
0.000814000000000
0.001190000000000
0.000886000000000
0.001196000000000
0.001210000000000
0.001076000000000
0.001211000000000
0.000870000000000
0.000776000000000
0.001013000000000
0.000876000000000
0.001088000000000
0.000921000000000
0.000896000000000
0.001276000000000
0.001115000000000
0.000895000000000
0.000785000000000
0.000881000000000
0.000779000000000
0.001201000000000
0.000861000000000
0.001055000000000
0.000871000000000
0.001015000000000
0.000861000000000
0.000782000000000
0.000851000000000
0.000785000000000
0.000870000000000
0.001441000000000
0.000770000000000
0.000863000000000
0.000866000000000
0.000777000000000
0.000889000000000
0.000878000000000
0.000893000000000
0.000784000000000
0.000894000000000
0.000839000000000
0.001055000000000
0.000887000000000
0.000844000000000
0.000980000000000
0.000854000000000
0.000870000000000
0.000855000000000
0.000846000000000
0.001047000000000
0.001004000000000
0.000850000000000
0.000949000000000
0.000845000000000
0.001000000000000
0.000844000000000
0.000835000000000
0.001230000000000
0.001237000000000
0.001052000000000
0.000869000000000
0.000860000000000
0.000779000000000
0.000975000000000
0.000836000000000
0.000823000000000
0.000852000000000
0.000934000000000
0.001226000000000
0.000868000000000
0.001074000000000
0.001188000000000
0.001504000000000
0.000977000000000
0.000802000000000
0.000780000000000
0.001166000000000
0.000972000000000
0.001751000000000
0.000816000000000
0.001190000000000
0.000916000000000
0.002291000000000
0.000918000000000
0.000875000000000
0.002061000000000
0.001061000000000
0.000858000000000
0.000819000000000
0.000867000000000
0.000787000000000
0.001960000000000
0.000856000000000
0.000872000000000
0.000855000000000
0.000857000000000
0.000880000000000
0.000846000000000
0.000794000000000
0.002210000000000
0.000799000000000
0.000832000000000
0.000766000000000
0.001664000000000
0.001255000000000
0.000899000000000
0.001244000000000
0.000874000000000
0.002323000000000
0.000882000000000
0.001134000000000
0.000940000000000
0.000872000000000
0.001944000000000
0.000799000000000
0.000873000000000
0.002080000000000
0.001923000000000
0.001213000000000
0.000862000000000
0.000886000000000
0.001244000000000
0.000831000000000
0.001170000000000
0.000810000000000
0.000877000000000
0.000867000000000
0.001191000000000
0.000864000000000
0.000885000000000
0.001988000000000
0.000772000000000
0.001239000000000
0.000819000000000
0.000867000000000
0.000903000000000
0.000850000000000
0.000912000000000
0.001768000000000
0.000850000000000
0.001830000000000
0.000845000000000
0.000862000000000
0.000881000000000
0.000939000000000
0.001176000000000
0.000833000000000
0.000810000000000
0.001256000000000
0.001196000000000
0.000889000000000
0.001025000000000
0.000807000000000
0.000862000000000
0.000915000000000
0.000895000000000
0.001103000000000
0.000779000000000
0.001746000000000
0.000910000000000
0.000989000000000
0.000858000000000
0.000863000000000
0.001251000000000
0.001084000000000
0.000891000000000
0.001519000000000
0.001047000000000
0.000818000000000
0.000886000000000
0.000858000000000
0.000868000000000
0.000817000000000
0.000864000000000
0.001591000000000
0.001691000000000
0.000842000000000
0.001830000000000
0.000774000000000
0.000802000000000
0.000861000000000
0.000770000000000
0.000848000000000
0.000951000000000
0.000998000000000
0.000917000000000
0.000839000000000
0.000843000000000
0.000870000000000
0.001149000000000
0.000915000000000
0.000839000000000
0.001183000000000
0.001056000000000
0.000779000000000
0.000862000000000
0.000859000000000
0.000830000000000
0.000880000000000
0.000904000000000
0.000832000000000
0.001184000000000
0.002089000000000
0.000870000000000
0.000857000000000
0.000876000000000
0.000875000000000
0.000872000000000
0.002543000000000
0.001162000000000
0.000975000000000
0.000881000000000
0.000820000000000
0.000896000000000
0.000860000000000
0.000879000000000
0.001105000000000
0.000867000000000
0.001014000000000
0.000977000000000
0.001093000000000
0.000951000000000
0.000907000000000
0.001062000000000
0.000857000000000
0.000788000000000
0.000870000000000
0.000872000000000
0.000843000000000
0.000837000000000
0.000964000000000
0.000766000000000
0.000902000000000
0.000857000000000
0.000876000000000
0.000864000000000
0.000864000000000
0.002261000000000
0.000858000000000
0.000804000000000
0.000780000000000
0.001110000000000
0.001104000000000
0.000830000000000
0.000873000000000
0.001414000000000
0.000850000000000
0.000853000000000
0.000877000000000
0.000783000000000
0.000952000000000
0.000806000000000
0.000808000000000
0.000836000000000
0.000809000000000
0.000805000000000
0.001914000000000
0.000830000000000
0.000878000000000
0.001160000000000
0.001086000000000
0.000774000000000
0.000847000000000
0.001579000000000
0.000840000000000
0.001058000000000
0.000774000000000
0.000878000000000
0.000820000000000
0.000860000000000
0.000871000000000
0.000854000000000
0.000860000000000
0.000848000000000
0.000997000000000
0.000965000000000
0.000863000000000
0.000910000000000
0.001044000000000
0.000863000000000
0.000849000000000
0.000823000000000
0.000856000000000
0.000764000000000
0.000774000000000
0.000846000000000
0.000815000000000
0.000819000000000
0.001032000000000
0.000866000000000
0.000837000000000
0.000865000000000
0.001022000000000
0.000855000000000
0.000857000000000
0.000872000000000
0.001890000000000
0.001002000000000
0.000835000000000
0.000772000000000
0.001064000000000
0.000853000000000
0.002280000000000
0.001149000000000
0.001157000000000
0.000859000000000
0.000846000000000
0.001227000000000
0.000856000000000
0.000860000000000
0.000891000000000
0.000828000000000
0.002212000000000
0.000892000000000
0.000901000000000
0.001541000000000
0.001158000000000
0.000865000000000
0.000778000000000
0.000879000000000
0.001175000000000
0.000846000000000
0.000868000000000
0.000870000000000
0.000874000000000
0.000821000000000
0.001142000000000
0.000838000000000
0.001025000000000
0.001064000000000
0.001111000000000
0.000866000000000
0.001220000000000
0.000801000000000
0.000844000000000
0.000861000000000
0.000870000000000
0.000853000000000
0.000840000000000
0.001343000000000
0.000844000000000
0.000875000000000
0.002176000000000
0.000924000000000
0.001103000000000
0.002422000000000
0.000869000000000
0.000865000000000
0.000810000000000
0.000864000000000
0.000855000000000
0.001139000000000
0.000882000000000
0.000847000000000
0.001346000000000
0.000863000000000
0.001905000000000
0.000780000000000
0.001256000000000
0.001146000000000
0.000839000000000
0.000790000000000
0.001705000000000
0.000866000000000
0.000899000000000
0.000861000000000
0.000825000000000
0.000823000000000
0.000859000000000
0.000866000000000
0.000791000000000
0.001046000000000
0.001006000000000
0.000902000000000
0.000851000000000
0.000995000000000
0.000867000000000
0.002565000000000
0.001011000000000
0.000901000000000
0.000852000000000
0.000850000000000
0.000859000000000
0.000886000000000
0.000848000000000
0.001103000000000
0.001081000000000
0.000859000000000
0.001320000000000
0.000863000000000
0.001922000000000
0.001176000000000
0.000952000000000
0.001399000000000
0.002170000000000
0.000874000000000
0.000881000000000
0.002065000000000
0.001030000000000
0.000845000000000
0.000804000000000
0.000964000000000
0.000878000000000
0.001500000000000
0.001146000000000
0.001642000000000
0.000809000000000
0.000877000000000
0.000873000000000
0.000843000000000
0.001122000000000
0.000852000000000
0.000878000000000
0.000851000000000
0.000872000000000
0.000836000000000
0.000773000000000
0.000817000000000
0.000861000000000
0.001002000000000
0.001309000000000
0.000877000000000
0.000924000000000
0.000839000000000
0.000865000000000
0.000888000000000
0.000855000000000
0.000899000000000
0.000874000000000
0.000844000000000
0.000815000000000
0.000888000000000
0.000963000000000
0.000792000000000
0.002038000000000
0.000950000000000
0.000774000000000
0.000918000000000
0.000810000000000
0.000942000000000
0.000884000000000
0.001787000000000
0.001180000000000
0.001613000000000
0.002035000000000
0.000810000000000
0.001927000000000
0.000845000000000
0.000999000000000
0.000936000000000
0.000821000000000
0.000877000000000
0.000879000000000
0.000870000000000
0.001280000000000
0.000858000000000
0.001082000000000
0.000817000000000
0.001224000000000
0.000850000000000
0.000811000000000
0.000907000000000
0.001189000000000
0.001190000000000
0.000833000000000
0.000996000000000
0.001214000000000
0.000839000000000
0.000837000000000
0.002206000000000
0.000921000000000
0.001207000000000
0.000899000000000
0.000869000000000
0.001233000000000
0.000918000000000
0.000906000000000
0.002271000000000
0.000849000000000
0.001780000000000
0.000869000000000
0.001909000000000
0.001195000000000
0.001939000000000
0.001015000000000
0.000870000000000
0.001009000000000
0.001777000000000
0.002275000000000
0.000805000000000
0.000770000000000
0.000866000000000
0.001502000000000
0.000856000000000
0.002271000000000
0.000862000000000
0.000819000000000
0.001123000000000
0.000871000000000
0.000847000000000
0.001002000000000
0.001161000000000
0.000906000000000
0.000838000000000
0.000842000000000
0.000903000000000
0.000861000000000
0.000866000000000
0.000863000000000
0.000954000000000
0.001204000000000
0.001746000000000
0.001111000000000
0.001288000000000
0.000866000000000
0.001632000000000
0.000884000000000
0.000818000000000
0.000864000000000
0.000862000000000
0.000866000000000
0.002258000000000
0.001046000000000
0.000852000000000
0.000878000000000
0.000923000000000
0.000883000000000
0.000858000000000
0.001510000000000
0.002924000000000
0.000887000000000
0.000884000000000
0.001004000000000
0.001111000000000
0.000857000000000
0.000903000000000
0.000973000000000
0.000838000000000
0.000796000000000
0.000866000000000
0.001150000000000
0.001109000000000
0.000863000000000
0.001312000000000
0.000921000000000
0.000833000000000
0.000855000000000
0.001681000000000
0.000869000000000
0.000863000000000
0.002681000000000
0.000836000000000
0.000995000000000
0.000860000000000
0.000813000000000
0.002363000000000
0.000772000000000
0.002229000000000
0.000864000000000
0.000841000000000
0.000862000000000
0.000897000000000
0.000989000000000
0.001109000000000
0.001015000000000
0.001324000000000
0.001611000000000
0.000856000000000
0.000866000000000
0.000799000000000
0.001208000000000
0.000881000000000
0.000850000000000
0.002258000000000
0.000862000000000
0.000863000000000
0.000883000000000
0.001168000000000
0.002167000000000
0.001737000000000
0.000863000000000
0.001161000000000
0.000894000000000
0.000862000000000
0.000888000000000
0.000844000000000
0.000774000000000
0.000859000000000
0.002256000000000
0.000775000000000
0.001482000000000
0.001491000000000
0.000999000000000
0.000866000000000
0.000839000000000
0.000841000000000
0.000858000000000
0.001027000000000
0.000802000000000
0.001526000000000
0.000862000000000
0.001150000000000
0.000870000000000
0.000986000000000
0.000848000000000
0.000889000000000
0.000769000000000
0.000861000000000
0.000886000000000
0.000914000000000
0.000861000000000
0.000851000000000
0.000855000000000
0.000809000000000
0.000854000000000
0.000780000000000
0.000951000000000
0.001889000000000
0.002254000000000
0.000862000000000
0.000820000000000
0.002340000000000
0.000875000000000
0.000866000000000
0.000804000000000
0.000978000000000
0.000899000000000
0.000815000000000
0.000939000000000
0.000804000000000
0.000802000000000
0.000815000000000
0.000801000000000
0.000824000000000
0.000854000000000
0.002265000000000
0.000932000000000
0.001330000000000
0.000848000000000
0.000850000000000
0.000837000000000
0.000900000000000
0.001207000000000
0.000866000000000
0.001147000000000
0.000976000000000
0.000853000000000
0.000837000000000
0.000868000000000
0.000872000000000
0.000780000000000
0.000916000000000
0.000859000000000
0.000874000000000
0.000863000000000
0.000842000000000
0.000896000000000
0.001091000000000
0.001122000000000
0.000837000000000
0.000769000000000
0.000808000000000
0.002019000000000
0.000921000000000
0.000859000000000
0.000889000000000
0.001213000000000
0.000896000000000
0.000847000000000
0.000866000000000
0.000877000000000
0.000808000000000
0.000874000000000
0.000839000000000
0.000980000000000
0.000881000000000
0.000864000000000
0.000829000000000
0.000905000000000
0.000847000000000
0.000811000000000
0.001069000000000
0.000795000000000
0.000849000000000
0.000859000000000
0.000774000000000
0.000833000000000
0.000851000000000
0.000851000000000
0.000909000000000
0.001411000000000
0.000864000000000
0.001005000000000
0.000875000000000
0.000868000000000
0.001194000000000
0.000758000000000
0.000863000000000
0.000860000000000
0.002058000000000
0.000924000000000
0.000869000000000
0.001153000000000
0.000872000000000
0.001069000000000
0.000853000000000
0.000776000000000
0.000846000000000
0.000859000000000
0.000872000000000
0.001208000000000
0.000872000000000
0.000880000000000
0.000891000000000
0.000967000000000
0.000855000000000
0.000792000000000
0.000837000000000
0.000875000000000
0.000807000000000
0.000863000000000
0.000850000000000
0.000881000000000
0.000919000000000
0.001786000000000
0.000971000000000
0.000987000000000
0.000948000000000
0.001205000000000
0.000777000000000
0.000856000000000
0.000852000000000
0.000960000000000
0.000883000000000
0.000933000000000
0.000936000000000
0.000868000000000
0.000842000000000
0.000816000000000
0.001195000000000
0.000839000000000
0.000861000000000
0.000837000000000
0.001490000000000
0.000787000000000
0.001056000000000
0.000915000000000
0.000833000000000
0.000941000000000
0.001003000000000
0.001029000000000
0.000881000000000
0.000992000000000
0.000926000000000
0.000784000000000
0.000827000000000
0.000855000000000
0.000810000000000
0.000910000000000
0.000860000000000
0.000890000000000
0.000866000000000
0.001057000000000
0.000871000000000
0.001192000000000
0.000825000000000
0.000983000000000
0.001761000000000
0.001780000000000
0.000844000000000
0.000812000000000
0.000950000000000
0.001963000000000
0.000843000000000
0.000866000000000
0.000860000000000
0.000869000000000
0.000838000000000
0.000852000000000
0.000839000000000
0.000857000000000
0.000822000000000
0.000936000000000
0.001554000000000
0.000855000000000
0.000844000000000
0.000843000000000
0.001283000000000
0.001232000000000
0.000866000000000
0.001063000000000
0.000799000000000
0.000857000000000
0.000884000000000
0.000884000000000
0.000924000000000
0.000881000000000
0.000811000000000
0.000863000000000
0.000806000000000
0.000871000000000
0.001261000000000
0.000870000000000
0.000919000000000
0.000893000000000
0.001257000000000
0.000870000000000
0.000924000000000
0.001159000000000
0.000865000000000
0.001011000000000
0.000879000000000
0.002326000000000
0.000814000000000
0.000860000000000
0.000885000000000
0.001039000000000
0.000974000000000
0.000835000000000
0.002051000000000
0.001089000000000
0.000840000000000
0.001606000000000
0.000844000000000
0.000801000000000
0.001257000000000
0.001103000000000
0.001380000000000
0.000826000000000
0.000904000000000
0.000821000000000
0.000796000000000
0.000880000000000
0.000810000000000
0.002258000000000
0.000858000000000
0.000873000000000
0.000931000000000
0.001023000000000
0.000809000000000
0.000867000000000
0.000924000000000
0.000937000000000
0.000844000000000
0.000864000000000
0.001003000000000
0.000980000000000
0.000802000000000
0.000922000000000
0.001300000000000
0.000890000000000
0.000874000000000
0.000868000000000
0.000887000000000
0.000822000000000
0.002294000000000
0.002362000000000
0.000863000000000
0.000872000000000
0.000914000000000
0.000847000000000
0.001937000000000
0.000889000000000
0.000946000000000
0.001632000000000
0.000875000000000
0.000864000000000
0.000765000000000
0.000783000000000
0.002307000000000
0.000863000000000
0.000939000000000
0.000814000000000
0.000857000000000
0.001018000000000
0.000811000000000
0.001477000000000
0.001787000000000
0.000913000000000
0.001213000000000
0.000882000000000
0.000830000000000
0.000852000000000
0.001589000000000
0.000854000000000
0.000872000000000
0.001277000000000
0.000858000000000
0.000783000000000
0.002314000000000
0.000950000000000
0.000870000000000
0.000806000000000
0.000857000000000
0.000839000000000
0.001267000000000
0.002288000000000
0.001224000000000
0.000821000000000
0.000859000000000
0.000908000000000
0.001639000000000
0.001833000000000
0.000806000000000
0.000922000000000
0.000865000000000
0.000786000000000
0.001857000000000
0.000843000000000
0.000889000000000
0.000858000000000
0.001150000000000
0.000870000000000
0.000800000000000
0.000800000000000
0.000775000000000
0.001230000000000
0.000814000000000
0.000876000000000
0.001219000000000
0.000805000000000
0.001232000000000
0.002310000000000
0.000894000000000
0.001594000000000
0.000867000000000
0.000843000000000
0.000842000000000
0.000928000000000
0.000846000000000
0.001759000000000
0.000874000000000
0.000875000000000
0.000817000000000
0.000910000000000
0.001613000000000
0.000915000000000
0.001561000000000
0.000857000000000
0.001771000000000
0.000804000000000
0.000874000000000
0.000868000000000
0.000852000000000
0.000819000000000
0.001202000000000
0.000769000000000
0.000894000000000
0.000898000000000
0.000861000000000
0.000920000000000
0.000788000000000
0.000976000000000
0.001121000000000
0.001037000000000
0.000847000000000
0.002233000000000
0.000934000000000
0.000902000000000
0.000804000000000
0.000871000000000
0.000816000000000
0.000880000000000
0.000998000000000
0.000877000000000
0.000918000000000
0.000878000000000
0.000874000000000
0.002410000000000
0.002194000000000
0.000801000000000
0.001230000000000
0.000926000000000
0.001162000000000
0.001627000000000
0.000887000000000
0.000860000000000
0.000929000000000
0.000844000000000
0.000900000000000
0.000929000000000
0.001127000000000
0.001280000000000
0.000877000000000
0.000823000000000
0.000851000000000
0.000952000000000
0.000791000000000
0.000816000000000
0.000956000000000
0.000859000000000
0.002211000000000
0.000956000000000
0.000813000000000
0.000886000000000
0.002176000000000
0.000924000000000
0.000862000000000
0.000843000000000
0.000894000000000
0.000859000000000
0.000768000000000
0.000915000000000
0.000864000000000
0.001179000000000
0.000885000000000
0.001194000000000
0.001398000000000
0.001027000000000
0.000881000000000
0.000857000000000
0.001176000000000
0.000845000000000
0.000874000000000
0.000834000000000
0.000977000000000
0.000861000000000
0.000931000000000
0.000859000000000
0.000844000000000
0.001534000000000
0.000841000000000
0.002106000000000
0.001235000000000
0.001187000000000
0.000814000000000
0.001030000000000
0.000879000000000
0.001161000000000
0.000806000000000
0.000831000000000
0.000882000000000
0.000903000000000
0.000903000000000
0.000804000000000
0.001838000000000
0.001037000000000
0.000817000000000
0.000887000000000
0.000882000000000
0.001201000000000
0.002131000000000
0.000850000000000
0.000985000000000
0.001469000000000
0.000843000000000
0.001319000000000
0.000890000000000
0.000812000000000
0.000876000000000
0.001254000000000
0.000971000000000
0.000869000000000
0.000789000000000
0.000820000000000
0.000851000000000
0.000859000000000
0.000813000000000
0.000817000000000
0.000846000000000
0.000856000000000
0.000871000000000
0.000809000000000
0.001204000000000
0.000830000000000
0.001070000000000
0.000992000000000
0.000879000000000
0.002286000000000
0.000862000000000
0.001053000000000
0.000860000000000
0.000801000000000
0.000867000000000
0.002942000000000
0.000798000000000
0.000847000000000
0.001068000000000
0.001874000000000
0.000847000000000
0.000860000000000
0.000840000000000
0.000835000000000
0.002223000000000
0.000856000000000
0.000845000000000
0.001942000000000
0.000929000000000
0.000868000000000
0.000882000000000
0.000774000000000
0.001282000000000
0.001228000000000
0.001931000000000
0.001230000000000
0.001239000000000
0.000797000000000
0.000853000000000
0.001206000000000
0.000778000000000
0.001256000000000
0.001154000000000
0.001271000000000
0.001533000000000
0.000901000000000
0.000853000000000
0.001679000000000
0.001160000000000
0.001260000000000
0.000865000000000
0.000838000000000
0.000961000000000
0.000838000000000
0.000991000000000
0.000816000000000
0.000854000000000
0.000914000000000
0.001493000000000
0.001183000000000
0.001190000000000
0.001209000000000
0.000921000000000
0.000987000000000
0.000865000000000
0.001152000000000
0.000849000000000
0.000863000000000
0.000854000000000
0.000881000000000
0.000862000000000
0.000855000000000
0.001429000000000
0.000872000000000
0.000854000000000
0.001173000000000
0.001059000000000
0.002044000000000
0.000888000000000
0.000850000000000
0.001360000000000
0.000928000000000
0.000823000000000
0.000870000000000
0.000892000000000
0.000903000000000
0.001030000000000
0.001919000000000
0.002834000000000
0.002265000000000
0.000846000000000
0.002062000000000
0.000852000000000
0.000863000000000
0.000998000000000
0.000866000000000
0.000868000000000
0.001015000000000
0.000970000000000
0.000840000000000
0.000853000000000
0.001132000000000
0.001373000000000
0.000880000000000
0.000827000000000
0.001868000000000
0.000971000000000
0.000854000000000
0.000774000000000
0.000843000000000
0.000809000000000
0.000867000000000
0.000864000000000
0.000871000000000
0.000870000000000
0.000781000000000
0.000827000000000
0.000833000000000
0.001153000000000
0.001198000000000
0.001024000000000
0.000844000000000
0.000866000000000
0.001171000000000
0.000930000000000
0.000884000000000
0.001098000000000
0.000800000000000
0.000895000000000
0.000799000000000
0.000872000000000
0.001030000000000
0.002234000000000
0.000937000000000
0.000851000000000
0.000839000000000
