0.000890000000000
0.000819000000000
0.000856000000000
0.000839000000000
0.001246000000000
0.000756000000000
0.000819000000000
0.000850000000000
0.000845000000000
0.001838000000000
0.000824000000000
0.000879000000000
0.000858000000000
0.001010000000000
0.000811000000000
0.001356000000000
0.000839000000000
0.000830000000000
0.000844000000000
0.000958000000000
0.001160000000000
0.000758000000000
0.000822000000000
0.000861000000000
0.001014000000000
0.000870000000000
0.002035000000000
0.001249000000000
0.000783000000000
0.000839000000000
0.000897000000000
0.000847000000000
0.000955000000000
0.000964000000000
0.000876000000000
0.001329000000000
0.000797000000000
0.001132000000000
0.000877000000000
0.000872000000000
0.000933000000000
0.000856000000000
0.001112000000000
0.002002000000000
0.000853000000000
0.000924000000000
0.000795000000000
0.001795000000000
0.001085000000000
0.000941000000000
0.000854000000000
0.000836000000000
0.000860000000000
0.000894000000000
0.000858000000000
0.000860000000000
0.000880000000000
0.000808000000000
0.000837000000000
0.000756000000000
0.000867000000000
0.000990000000000
0.000846000000000
0.001101000000000
0.000753000000000
0.000849000000000
0.000797000000000
0.001188000000000
0.001136000000000
0.000867000000000
0.001212000000000
0.000929000000000
0.000759000000000
0.000793000000000
0.001008000000000
0.000823000000000
0.000983000000000
0.000850000000000
0.001354000000000
0.000852000000000
0.001103000000000
0.000922000000000
0.000789000000000
0.000835000000000
0.000869000000000
0.001320000000000
0.000799000000000
0.000766000000000
0.001121000000000
0.001209000000000
0.000849000000000
0.001164000000000
0.001971000000000
0.000853000000000
0.000898000000000
0.002228000000000
0.000828000000000
0.001014000000000
0.000958000000000
0.000834000000000
0.000768000000000
0.000917000000000
0.001174000000000
0.001271000000000
0.000902000000000
0.001922000000000
0.000891000000000
0.000874000000000
0.001032000000000
0.001169000000000
0.000860000000000
0.001348000000000
0.000770000000000
0.000844000000000
0.000910000000000
0.002882000000000
0.001985000000000
0.000833000000000
0.000860000000000
0.000977000000000
0.000876000000000
0.000830000000000
0.001674000000000
0.000807000000000
0.001179000000000
0.000982000000000
0.001376000000000
0.000859000000000
0.000848000000000
0.000894000000000
0.001095000000000
0.000827000000000
0.000764000000000
0.002128000000000
0.000854000000000
0.000869000000000
0.002235000000000
0.000757000000000
0.000902000000000
0.000832000000000
0.000863000000000
0.000832000000000
0.000867000000000
0.000815000000000
0.001109000000000
0.000914000000000
0.000851000000000
0.000800000000000
0.000863000000000
0.000858000000000
0.000870000000000
0.000909000000000
0.001847000000000
0.000774000000000
0.000862000000000
0.000839000000000
0.000919000000000
0.000856000000000
0.001395000000000
0.000874000000000
0.000835000000000
0.001236000000000
0.000841000000000
0.000817000000000
0.001953000000000
0.001130000000000
0.000931000000000
0.001771000000000
0.000947000000000
0.000860000000000
0.000852000000000
0.000860000000000
0.000850000000000
0.000871000000000
0.002113000000000
0.000857000000000
0.000845000000000
0.000856000000000
0.000842000000000
0.000898000000000
0.000834000000000
0.000890000000000
0.002253000000000
0.000888000000000
0.000850000000000
0.000845000000000
0.001251000000000
0.000826000000000
0.000834000000000
0.000873000000000
0.001561000000000
0.002257000000000
0.000765000000000
0.000869000000000
0.000866000000000
0.000841000000000
0.000899000000000
0.000814000000000
0.000835000000000
0.000994000000000
0.000885000000000
0.001010000000000
0.001155000000000
0.000839000000000
0.001182000000000
0.000850000000000
0.000856000000000
0.001580000000000
0.001026000000000
0.000813000000000
0.000816000000000
0.001172000000000
0.001212000000000
0.000958000000000
0.000970000000000
0.000859000000000
0.000852000000000
0.000868000000000
0.000991000000000
0.000969000000000
0.000865000000000
0.000861000000000
0.000871000000000
0.000840000000000
0.001196000000000
0.000840000000000
0.000793000000000
0.000894000000000
0.000906000000000
0.000919000000000
0.001632000000000
0.001781000000000
0.001009000000000
0.001087000000000
0.001945000000000
0.000765000000000
0.000892000000000
0.002250000000000
0.000837000000000
0.000865000000000
0.000816000000000
0.000955000000000
0.000806000000000
0.000867000000000
0.000861000000000
0.000835000000000
0.001408000000000
0.000809000000000
0.000991000000000
0.001229000000000
0.000858000000000
0.000834000000000
0.000786000000000
0.000849000000000
0.000837000000000
0.000874000000000
0.000895000000000
0.001151000000000
0.000844000000000
0.000887000000000
0.000833000000000
0.000810000000000
0.000873000000000
0.000921000000000
0.000833000000000
0.001058000000000
0.001262000000000
0.000864000000000
0.001930000000000
0.000858000000000
0.001500000000000
0.000891000000000
0.001066000000000
0.000862000000000
0.000835000000000
0.000794000000000
0.001509000000000
0.001236000000000
0.001113000000000
0.000877000000000
0.001033000000000
0.001952000000000
0.000780000000000
0.000816000000000
0.000822000000000
0.000819000000000
0.000922000000000
0.000849000000000
0.000827000000000
0.001337000000000
0.000856000000000
0.001054000000000
0.000840000000000
0.000906000000000
0.000867000000000
0.001076000000000
0.000856000000000
0.000873000000000
0.000859000000000
0.000985000000000
0.002069000000000
0.001444000000000
0.001020000000000
0.000891000000000
0.000773000000000
0.000878000000000
0.000990000000000
0.000863000000000
0.000811000000000
0.000799000000000
0.000909000000000
0.000950000000000
0.001016000000000
0.002235000000000
0.002752000000000
0.001159000000000
0.000834000000000
0.001002000000000
0.000852000000000
0.001977000000000
0.000839000000000
0.000979000000000
0.000916000000000
0.000768000000000
0.001602000000000
0.001048000000000
0.001463000000000
0.000872000000000
0.001181000000000
0.001222000000000
0.000861000000000
0.002214000000000
0.000956000000000
0.001377000000000
0.000816000000000
0.001229000000000
0.000857000000000
0.001177000000000
0.000852000000000
0.000845000000000
0.000821000000000
0.000855000000000
0.000822000000000
0.000850000000000
0.000811000000000
0.000994000000000
0.000972000000000
0.000769000000000
0.000928000000000
0.001391000000000
0.001114000000000
0.000856000000000
0.000866000000000
0.000839000000000
0.000822000000000
0.002220000000000
0.000853000000000
0.000868000000000
0.000890000000000
0.000867000000000
0.000891000000000
0.001056000000000
0.000843000000000
0.000853000000000
0.000873000000000
0.000853000000000
0.000858000000000
0.000933000000000
0.001082000000000
0.000847000000000
0.000849000000000
0.000925000000000
0.000893000000000
0.000849000000000
0.001245000000000
0.000915000000000
0.000870000000000
0.000867000000000
0.001169000000000
0.000819000000000
0.001007000000000
0.000917000000000
0.001064000000000
0.001118000000000
0.000954000000000
0.001966000000000
0.000868000000000
0.000878000000000
0.000903000000000
0.001146000000000
0.001012000000000
0.000848000000000
0.000839000000000
0.000853000000000
0.001295000000000
0.000830000000000
0.000878000000000
0.001263000000000
0.000869000000000
0.001129000000000
0.001011000000000
0.000878000000000
0.001156000000000
0.000847000000000
0.000809000000000
0.001309000000000
0.000798000000000
0.000808000000000
0.001017000000000
0.000984000000000
0.001061000000000
0.000861000000000
0.000843000000000
0.000846000000000
0.000850000000000
0.000936000000000
0.000857000000000
0.000861000000000
0.000835000000000
0.000866000000000
0.001703000000000
0.001077000000000
0.000869000000000
0.001186000000000
0.000855000000000
0.000951000000000
0.000870000000000
0.000868000000000
0.000782000000000
0.001169000000000
0.000841000000000
0.000910000000000
0.000860000000000
0.001203000000000
0.002252000000000
0.000850000000000
0.000858000000000
0.000785000000000
0.001003000000000
0.000846000000000
0.000817000000000
0.000897000000000
0.000842000000000
0.000920000000000
0.000884000000000
0.001168000000000
0.000845000000000
0.000902000000000
0.000815000000000
0.000884000000000
0.000892000000000
0.001171000000000
0.000860000000000
0.002203000000000
0.001005000000000
0.001180000000000
0.000842000000000
0.000814000000000
0.000904000000000
0.000961000000000
0.001449000000000
0.001200000000000
0.000850000000000
0.001051000000000
0.000863000000000
0.000815000000000
0.000857000000000
0.000856000000000
0.000767000000000
0.000996000000000
0.000813000000000
0.001022000000000
0.000856000000000
0.000844000000000
0.000874000000000
0.000818000000000
0.001263000000000
0.000982000000000
0.000867000000000
0.000873000000000
0.000880000000000
0.000767000000000
0.001216000000000
0.001212000000000
0.000872000000000
0.000849000000000
0.000770000000000
0.000862000000000
0.000855000000000
0.001109000000000
0.000869000000000
0.001020000000000
0.000857000000000
0.000858000000000
0.000766000000000
0.000891000000000
0.000932000000000
0.000852000000000
0.000869000000000
0.000811000000000
0.000895000000000
0.001342000000000
0.000895000000000
0.000844000000000
0.000873000000000
0.000865000000000
0.001569000000000
0.002250000000000
0.000835000000000
0.000892000000000
0.000835000000000
0.000770000000000
0.000848000000000
0.000861000000000
0.000855000000000
0.000826000000000
0.000864000000000
0.002018000000000
0.000856000000000
0.000814000000000
0.000797000000000
0.000904000000000
0.001513000000000
0.001809000000000
0.001214000000000
0.000842000000000
0.002798000000000
0.000908000000000
0.000833000000000
0.000809000000000
0.000832000000000
0.000812000000000
0.000937000000000
0.000834000000000
0.000844000000000
0.000852000000000
0.002106000000000
0.000797000000000
0.000774000000000
0.000863000000000
0.000830000000000
0.000858000000000
0.000861000000000
0.000862000000000
0.000860000000000
0.001655000000000
0.000877000000000
0.001088000000000
0.000815000000000
0.000876000000000
0.000837000000000
0.001880000000000
0.001009000000000
0.000851000000000
0.000841000000000
0.000842000000000
0.000856000000000
0.001562000000000
0.001964000000000
0.000836000000000
0.000930000000000
0.001241000000000
0.000880000000000
0.000856000000000
0.001247000000000
0.000877000000000
0.000852000000000
0.000844000000000
0.000861000000000
0.000922000000000
0.001975000000000
0.000919000000000
0.000900000000000
0.002271000000000
0.000854000000000
0.000863000000000
0.000854000000000
0.000857000000000
0.000844000000000
0.000846000000000
0.001078000000000
0.001005000000000
0.000957000000000
0.000866000000000
0.000836000000000
0.002231000000000
0.000859000000000
0.000846000000000
0.001064000000000
0.000875000000000
0.001971000000000
0.000875000000000
0.001251000000000
0.001427000000000
0.001111000000000
0.001473000000000
0.000830000000000
0.000860000000000
0.000864000000000
0.000839000000000
0.000846000000000
0.001050000000000
0.000854000000000
0.000869000000000
0.000917000000000
0.000809000000000
0.000976000000000
0.000835000000000
0.000917000000000
0.000860000000000
0.000860000000000
0.000843000000000
0.000872000000000
0.000848000000000
0.000868000000000
0.002225000000000
0.001103000000000
0.001338000000000
0.000841000000000
0.000962000000000
0.000891000000000
0.000824000000000
0.000782000000000
0.001241000000000
0.000861000000000
0.000977000000000
0.000879000000000
0.002276000000000
0.000805000000000
0.001991000000000
0.001185000000000
0.001303000000000
0.000810000000000
0.000863000000000
0.000917000000000
0.000858000000000
0.000772000000000
0.001055000000000
0.001232000000000
0.000807000000000
0.000790000000000
0.001410000000000
0.000957000000000
0.000847000000000
0.000930000000000
0.000846000000000
0.000876000000000
0.000850000000000
0.000856000000000
0.000844000000000
0.000852000000000
0.001119000000000
0.000906000000000
0.000855000000000
0.001197000000000
0.000894000000000
0.000845000000000
0.000885000000000
0.000852000000000
0.002305000000000
0.000970000000000
0.000876000000000
0.000885000000000
0.000855000000000
0.000850000000000
0.000862000000000
0.002757000000000
0.000986000000000
0.000856000000000
0.000932000000000
0.001544000000000
0.000873000000000
0.000829000000000
0.000909000000000
0.000854000000000
0.000900000000000
0.000856000000000
0.000870000000000
0.001937000000000
0.000818000000000
0.000781000000000
0.001236000000000
0.000846000000000
0.001151000000000
0.000875000000000
0.001293000000000
0.000861000000000
0.001207000000000
0.001358000000000
0.000859000000000
0.000863000000000
0.000866000000000
0.001672000000000
0.001864000000000
0.000841000000000
0.001127000000000
0.000898000000000
0.000890000000000
0.000840000000000
0.000802000000000
0.000960000000000
0.001140000000000
0.000806000000000
0.000793000000000
0.000871000000000
0.001829000000000
0.000788000000000
0.000802000000000
0.002261000000000
0.001039000000000
0.001158000000000
0.000848000000000
0.000851000000000
0.000879000000000
0.000824000000000
0.001219000000000
0.000876000000000
0.001189000000000
0.001248000000000
0.001198000000000
0.000940000000000
0.000831000000000
0.000869000000000
0.001111000000000
0.001034000000000
0.000821000000000
0.000866000000000
0.000859000000000
0.000862000000000
0.001927000000000
0.000935000000000
0.001410000000000
0.000813000000000
0.001132000000000
0.001382000000000
0.001160000000000
0.000884000000000
0.000860000000000
0.000865000000000
0.000999000000000
0.000865000000000
0.000873000000000
0.000853000000000
0.000845000000000
0.000865000000000
0.001988000000000
0.001074000000000
0.001341000000000
0.000846000000000
0.000891000000000
0.000857000000000
0.000861000000000
0.000849000000000
0.000990000000000
0.001157000000000
0.000841000000000
0.001355000000000
0.002275000000000
0.000943000000000
0.001119000000000
0.000862000000000
0.000819000000000
0.001714000000000
0.000819000000000
0.000843000000000
0.000811000000000
0.001119000000000
0.000885000000000
0.001169000000000
0.001115000000000
0.000819000000000
0.001280000000000
0.000803000000000
0.000818000000000
0.000876000000000
0.000842000000000
0.000803000000000
0.000846000000000
0.000868000000000
0.000891000000000
0.001003000000000
0.000887000000000
0.000891000000000
0.000839000000000
0.000876000000000
0.000840000000000
0.000770000000000
0.000868000000000
0.001406000000000
0.000881000000000
0.000884000000000
0.001644000000000
0.000960000000000
0.000875000000000
0.001480000000000
0.001030000000000
0.001014000000000
0.000845000000000
0.002271000000000
0.000857000000000
0.000811000000000
0.000861000000000
0.000875000000000
0.001239000000000
0.002244000000000
0.001140000000000
0.001015000000000
0.000875000000000
0.000873000000000
0.002108000000000
0.001125000000000
0.000856000000000
0.001336000000000
0.000876000000000
0.000869000000000
0.001223000000000
0.001772000000000
0.000822000000000
0.002023000000000
0.000847000000000
0.000808000000000
0.001603000000000
0.000878000000000
0.000871000000000
0.001026000000000
0.000787000000000
0.000829000000000
0.000862000000000
0.000848000000000
0.000842000000000
0.000921000000000
0.001539000000000
0.000866000000000
0.000877000000000
0.000859000000000
0.000864000000000
0.001650000000000
0.000843000000000
0.000830000000000
0.000806000000000
0.001019000000000
0.000902000000000
0.000854000000000
0.001316000000000
0.001288000000000
0.000849000000000
0.000869000000000
0.000841000000000
0.001187000000000
0.001806000000000
0.000848000000000
0.001080000000000
0.000889000000000
0.000888000000000
0.002525000000000
0.000889000000000
0.001863000000000
0.001238000000000
0.000772000000000
0.000914000000000
0.000878000000000
0.001218000000000
0.000843000000000
0.002044000000000
0.001147000000000
0.000852000000000
0.000845000000000
0.000859000000000
0.000861000000000
0.000933000000000
0.001584000000000
0.001188000000000
0.000838000000000
0.001028000000000
0.001212000000000
0.000853000000000
0.000856000000000
0.002163000000000
0.000938000000000
0.001083000000000
0.000875000000000
0.000842000000000
0.000809000000000
0.001139000000000
0.000871000000000
0.001108000000000
0.000870000000000
0.000840000000000
0.000894000000000
0.000924000000000
0.001053000000000
0.000806000000000
0.000859000000000
0.000969000000000
0.001131000000000
0.000857000000000
0.000806000000000
0.001001000000000
0.000960000000000
0.000880000000000
0.000871000000000
0.000869000000000
0.002266000000000
0.000837000000000
0.000917000000000
0.001180000000000
0.000996000000000
0.000895000000000
0.001202000000000
0.000871000000000
0.000895000000000
0.000943000000000
0.000885000000000
0.000862000000000
0.001114000000000
0.000901000000000
0.001347000000000
0.001585000000000
0.000913000000000
0.000968000000000
0.000896000000000
0.001669000000000
0.001406000000000
0.000819000000000
0.001178000000000
0.000855000000000
0.000839000000000
0.000913000000000
0.000806000000000
0.000855000000000
0.000980000000000
0.000812000000000
0.000981000000000
0.000990000000000
0.000787000000000
0.000845000000000
0.000873000000000
0.000858000000000
0.001290000000000
0.000986000000000
0.000855000000000
0.000968000000000
0.000844000000000
0.001621000000000
0.000835000000000
0.000888000000000
0.000806000000000
0.001129000000000
0.000809000000000
0.000961000000000
0.000869000000000
0.000846000000000
0.000863000000000
0.000861000000000
0.000856000000000
0.000852000000000
0.000865000000000
0.001191000000000
0.001308000000000
0.000981000000000
0.000875000000000
0.000870000000000
0.000851000000000
0.000863000000000
0.001002000000000
0.000880000000000
0.001746000000000
0.001664000000000
0.001004000000000
0.001116000000000
0.000841000000000
0.001210000000000
0.001014000000000
0.000865000000000
0.001007000000000
0.000857000000000
0.001124000000000
0.000866000000000
0.000870000000000
0.001339000000000
0.001461000000000
0.000863000000000
0.001338000000000
0.001604000000000
0.001581000000000
0.000833000000000
0.000871000000000
0.001748000000000
0.001818000000000
0.001081000000000
0.000820000000000
0.000858000000000
0.000819000000000
0.002253000000000
0.001242000000000
0.000841000000000
0.000882000000000
0.000809000000000
0.000920000000000
