0.001152000000000
0.001048000000000
0.001051000000000
0.001044000000000
0.001034000000000
0.001054000000000
0.001064000000000
0.001036000000000
0.001047000000000
0.001535000000000
0.001193000000000
0.001152000000000
0.001035000000000
0.001069000000000
0.001051000000000
0.002233000000000
0.001492000000000
0.001583000000000
0.001038000000000
0.001041000000000
0.001053000000000
0.001112000000000
0.001030000000000
0.001033000000000
0.001032000000000
0.001034000000000
0.001050000000000
0.001474000000000
0.001463000000000
0.001035000000000
0.001044000000000
0.001037000000000
0.001023000000000
0.001036000000000
0.001057000000000
0.001030000000000
0.001050000000000
0.001147000000000
0.001029000000000
0.001038000000000
0.001052000000000
0.001431000000000
0.001032000000000
0.001050000000000
0.001178000000000
0.001041000000000
0.001019000000000
0.001044000000000
0.001010000000000
0.001060000000000
0.001041000000000
0.001052000000000
0.001045000000000
0.001210000000000
0.001042000000000
0.001032000000000
0.001028000000000
0.001047000000000
0.001071000000000
0.001044000000000
0.001039000000000
0.001042000000000
0.001054000000000
0.001055000000000
0.001035000000000
0.001030000000000
0.002062000000000
0.001473000000000
0.001034000000000
0.001044000000000
0.001057000000000
0.001032000000000
0.001023000000000
0.001064000000000
0.001465000000000
0.001023000000000
0.001046000000000
0.001606000000000
0.001049000000000
0.001123000000000
0.001027000000000
0.002237000000000
0.001056000000000
0.001047000000000
0.001039000000000
0.001065000000000
0.001039000000000
0.001062000000000
0.001476000000000
0.001048000000000
0.001024000000000
0.001169000000000
0.001041000000000
0.001072000000000
0.001029000000000
0.001020000000000
0.001044000000000
0.002481000000000
0.001039000000000
0.001048000000000
0.001041000000000
0.001663000000000
0.001579000000000
0.001056000000000
0.001040000000000
0.001033000000000
0.001202000000000
0.001037000000000
0.001037000000000
0.001039000000000
0.001049000000000
0.001041000000000
0.001042000000000
0.001056000000000
0.001047000000000
0.001026000000000
0.001034000000000
0.001427000000000
0.001075000000000
0.001052000000000
0.001043000000000
0.001267000000000
0.001049000000000
0.001145000000000
0.001060000000000
0.001183000000000
0.001480000000000
0.001048000000000
0.001038000000000
0.001048000000000
0.001047000000000
0.001087000000000
0.001152000000000
0.001057000000000
0.001050000000000
0.001048000000000
0.001056000000000
0.001058000000000
0.001035000000000
0.001127000000000
0.001057000000000
0.001038000000000
0.001036000000000
0.001027000000000
0.001044000000000
0.001064000000000
0.001127000000000
0.001073000000000
0.001054000000000
0.001196000000000
0.001061000000000
0.001379000000000
0.002516000000000
0.001061000000000
0.001069000000000
0.001034000000000
0.001038000000000
0.001028000000000
0.001040000000000
0.001518000000000
0.001038000000000
0.001038000000000
0.001041000000000
0.001045000000000
0.001206000000000
0.001057000000000
0.001059000000000
0.001061000000000
0.001044000000000
0.001049000000000
0.001059000000000
0.001061000000000
0.001048000000000
0.001425000000000
0.001027000000000
0.001054000000000
0.001065000000000
0.001067000000000
0.001175000000000
0.001041000000000
0.001060000000000
0.001039000000000
0.001045000000000
0.001402000000000
0.001051000000000
0.001049000000000
0.002307000000000
0.001057000000000
0.001037000000000
0.001049000000000
0.001054000000000
0.001067000000000
0.001080000000000
0.001055000000000
0.001073000000000
0.001045000000000
0.001053000000000
0.001133000000000
0.001097000000000
0.001048000000000
0.002458000000000
0.001150000000000
0.001034000000000
0.001432000000000
0.001040000000000
0.002434000000000
0.001066000000000
0.001049000000000
0.001049000000000
0.001109000000000
0.001042000000000
0.001054000000000
0.001048000000000
0.001053000000000
0.001068000000000
0.001059000000000
0.001048000000000
0.001165000000000
0.002625000000000
0.001029000000000
0.001979000000000
0.001037000000000
0.001055000000000
0.001042000000000
0.001064000000000
0.001053000000000
0.001061000000000
0.001037000000000
0.001044000000000
0.001047000000000
0.001049000000000
0.001054000000000
0.001073000000000
0.001030000000000
0.001049000000000
0.001069000000000
0.001045000000000
0.002582000000000
0.001059000000000
0.001063000000000
0.001054000000000
0.001060000000000
0.001062000000000
0.001036000000000
0.001067000000000
0.001065000000000
0.001793000000000
0.001046000000000
0.002096000000000
0.001037000000000
0.001051000000000
0.001193000000000
0.001052000000000
0.001052000000000
0.001050000000000
0.001050000000000
0.001062000000000
0.001182000000000
0.001036000000000
0.001476000000000
0.001034000000000
0.001043000000000
0.001036000000000
0.001034000000000
0.001049000000000
0.001052000000000
0.001078000000000
0.001048000000000
0.001039000000000
0.001030000000000
0.001027000000000
0.001046000000000
0.001035000000000
0.001054000000000
0.001039000000000
0.001032000000000
0.001142000000000
0.001052000000000
0.001635000000000
0.001045000000000
0.001053000000000
0.001078000000000
0.001067000000000
0.001058000000000
0.001046000000000
0.001256000000000
0.001056000000000
0.001057000000000
0.001052000000000
0.001051000000000
0.001053000000000
0.001153000000000
0.002175000000000
0.001053000000000
0.001529000000000
0.001045000000000
0.001069000000000
0.001042000000000
0.001054000000000
0.001042000000000
0.002598000000000
0.001071000000000
0.001164000000000
0.001053000000000
0.001046000000000
0.001047000000000
0.001039000000000
0.001568000000000
0.001055000000000
0.001063000000000
0.001090000000000
0.001053000000000
0.001050000000000
0.001471000000000
0.001053000000000
0.001053000000000
0.001045000000000
0.001034000000000
0.001051000000000
0.001178000000000
0.001040000000000
0.001048000000000
0.001063000000000
0.001050000000000
0.001046000000000
0.001065000000000
0.001042000000000
0.002584000000000
0.001054000000000
0.001037000000000
0.001039000000000
0.001046000000000
0.001180000000000
0.001052000000000
0.001033000000000
0.001061000000000
0.001056000000000
0.001047000000000
0.001055000000000
0.002451000000000
0.001041000000000
0.001048000000000
0.001052000000000
0.001050000000000
0.002631000000000
0.001070000000000
0.001041000000000
0.001515000000000
0.001047000000000
0.001149000000000
0.001065000000000
0.001046000000000
0.001035000000000
0.001065000000000
0.001035000000000
0.001040000000000
0.001052000000000
0.001067000000000
0.001031000000000
0.001048000000000
0.001059000000000
0.001046000000000
0.001092000000000
0.001054000000000
0.001046000000000
0.001060000000000
0.001051000000000
0.001051000000000
0.001048000000000
0.001054000000000
0.001042000000000
0.001046000000000
0.001055000000000
0.001046000000000
0.001038000000000
0.001065000000000
0.001056000000000
0.001073000000000
0.001082000000000
0.001470000000000
0.001042000000000
0.001464000000000
0.001068000000000
0.001048000000000
0.001085000000000
0.001054000000000
0.001050000000000
0.001056000000000
0.001176000000000
0.001036000000000
0.001041000000000
0.001044000000000
0.001039000000000
0.001053000000000
0.002415000000000
0.001074000000000
0.001044000000000
0.001036000000000
0.002445000000000
0.001045000000000
0.001060000000000
0.001062000000000
0.001057000000000
0.001048000000000
0.001232000000000
0.001059000000000
0.001049000000000
0.001049000000000
0.001071000000000
0.001191000000000
0.001054000000000
0.002173000000000
0.001053000000000
0.001039000000000
0.001055000000000
0.001172000000000
0.001243000000000
0.001130000000000
0.001073000000000
0.001066000000000
0.001040000000000
0.001043000000000
0.001423000000000
0.001213000000000
0.001056000000000
0.001075000000000
0.001052000000000
0.001035000000000
0.001055000000000
0.001169000000000
0.001047000000000
0.002490000000000
0.002627000000000
0.001095000000000
0.001072000000000
0.001047000000000
0.001047000000000
0.001051000000000
0.001462000000000
0.001049000000000
0.001066000000000
0.001035000000000
0.001058000000000
0.001049000000000
0.001054000000000
0.001062000000000
0.001059000000000
0.001033000000000
0.001175000000000
0.001064000000000
0.002320000000000
0.001075000000000
0.001061000000000
0.001063000000000
0.002313000000000
0.001386000000000
0.001397000000000
0.001062000000000
0.001074000000000
0.001058000000000
0.001033000000000
0.001055000000000
0.001057000000000
0.001033000000000
0.001274000000000
0.001025000000000
0.001067000000000
0.001062000000000
0.001170000000000
0.001061000000000
0.001095000000000
0.001066000000000
0.001063000000000
0.001062000000000
0.001066000000000
0.001069000000000
0.001052000000000
0.001070000000000
0.001081000000000
0.001070000000000
0.001058000000000
0.001057000000000
0.001038000000000
0.001063000000000
0.001081000000000
0.001053000000000
0.001038000000000
0.001035000000000
0.001440000000000
0.002342000000000
0.001101000000000
0.001082000000000
0.001191000000000
0.001058000000000
0.001058000000000
0.001073000000000
0.001180000000000
0.001061000000000
0.001175000000000
0.001072000000000
0.002650000000000
0.001035000000000
0.001095000000000
0.001186000000000
0.001047000000000
0.001075000000000
0.001059000000000
0.001042000000000
0.001038000000000
0.001061000000000
0.001072000000000
0.001110000000000
0.001178000000000
0.001791000000000
0.001073000000000
0.001063000000000
0.001076000000000
0.001780000000000
0.001113000000000
0.001055000000000
0.001047000000000
0.001061000000000
0.001045000000000
0.001227000000000
0.001055000000000
0.002563000000000
0.001052000000000
0.001058000000000
0.002406000000000
0.001048000000000
0.002636000000000
0.001061000000000
0.001066000000000
0.001041000000000
0.001573000000000
0.001050000000000
0.001098000000000
0.001060000000000
0.001058000000000
0.001058000000000
0.001315000000000
0.001049000000000
0.001059000000000
0.001174000000000
0.001064000000000
0.002505000000000
0.001062000000000
0.001058000000000
0.001071000000000
0.001046000000000
0.001062000000000
0.001070000000000
0.001062000000000
0.001151000000000
0.001048000000000
0.001043000000000
0.001102000000000
0.001170000000000
0.001076000000000
0.001077000000000
0.001064000000000
0.001067000000000
0.001090000000000
0.001016000000000
0.002853000000000
0.002629000000000
0.001068000000000
0.001168000000000
0.001036000000000
0.001064000000000
0.001033000000000
0.001132000000000
0.001065000000000
0.001062000000000
0.001072000000000
0.001057000000000
0.001063000000000
0.001037000000000
0.001062000000000
0.002029000000000
0.001058000000000
0.001071000000000
0.001048000000000
0.001063000000000
0.001056000000000
0.001063000000000
0.001102000000000
0.001589000000000
0.001084000000000
0.001045000000000
0.001209000000000
0.001165000000000
0.001483000000000
0.001090000000000
0.001073000000000
0.001070000000000
0.001065000000000
0.001064000000000
0.001186000000000
0.001196000000000
0.001045000000000
0.002654000000000
0.002188000000000
0.001069000000000
0.001060000000000
0.001207000000000
0.001363000000000
0.002503000000000
0.001063000000000
0.001064000000000
0.001074000000000
0.002301000000000
0.002031000000000
0.001069000000000
0.001062000000000
0.001035000000000
0.001070000000000
0.001053000000000
0.001064000000000
0.001096000000000
0.002644000000000
0.001037000000000
0.001078000000000
0.001076000000000
0.001064000000000
0.001056000000000
0.002172000000000
0.001074000000000
0.002442000000000
0.001520000000000
0.001048000000000
0.001048000000000
0.001147000000000
0.001048000000000
0.002640000000000
0.001038000000000
0.001032000000000
0.001067000000000
0.001068000000000
0.001044000000000
0.001047000000000
0.001069000000000
0.001070000000000
0.001062000000000
0.001063000000000
0.001055000000000
0.001052000000000
0.001062000000000
0.001048000000000
0.001195000000000
0.001060000000000
0.001053000000000
0.001072000000000
0.001056000000000
0.001158000000000
0.002615000000000
0.001053000000000
0.001074000000000
0.001171000000000
0.001048000000000
0.001067000000000
0.001040000000000
0.001059000000000
0.001074000000000
0.001173000000000
0.001070000000000
0.001059000000000
0.001070000000000
0.001054000000000
0.001057000000000
0.001055000000000
0.001060000000000
0.001033000000000
0.002683000000000
0.001052000000000
0.001049000000000
0.001081000000000
0.001054000000000
0.001060000000000
0.001044000000000
0.001053000000000
0.001062000000000
0.001054000000000
0.001049000000000
0.001061000000000
0.001060000000000
0.001504000000000
0.002544000000000
0.001072000000000
0.001044000000000
0.001007000000000
0.001061000000000
0.001063000000000
0.001183000000000
0.001064000000000
0.001056000000000
0.001063000000000
0.001055000000000
0.001033000000000
0.001048000000000
0.001050000000000
0.001262000000000
0.001106000000000
0.001046000000000
0.001062000000000
0.001181000000000
0.001073000000000
0.001049000000000
0.001051000000000
0.001060000000000
0.001167000000000
0.001535000000000
0.001191000000000
0.001055000000000
0.001044000000000
0.001045000000000
0.001051000000000
0.001052000000000
0.001453000000000
0.001047000000000
0.001452000000000
0.001070000000000
0.001066000000000
0.002678000000000
0.002579000000000
0.001068000000000
0.001065000000000
0.001036000000000
0.001041000000000
0.001072000000000
0.001160000000000
0.001048000000000
0.001062000000000
0.001049000000000
0.001057000000000
0.001438000000000
0.001128000000000
0.001066000000000
0.001056000000000
0.001743000000000
0.001179000000000
0.001092000000000
0.001072000000000
0.001184000000000
0.001218000000000
0.001058000000000
0.001040000000000
0.001264000000000
0.001051000000000
0.001298000000000
0.001029000000000
0.001030000000000
0.001467000000000
0.001567000000000
0.001077000000000
0.001059000000000
0.001641000000000
0.001143000000000
0.001087000000000
0.001087000000000
0.001043000000000
0.001073000000000
0.001077000000000
0.002303000000000
0.001087000000000
0.001355000000000
0.001448000000000
0.001460000000000
0.001061000000000
0.001108000000000
0.001057000000000
0.001157000000000
0.001331000000000
0.001468000000000
0.001066000000000
0.012417000000000
0.001071000000000
0.001052000000000
0.002235000000000
0.002494000000000
0.001081000000000
0.001069000000000
0.001267000000000
0.001048000000000
0.001112000000000
0.001124000000000
0.001058000000000
0.001496000000000
0.001279000000000
0.001052000000000
0.002534000000000
0.001176000000000
0.001058000000000
0.001392000000000
0.001082000000000
0.001092000000000
0.001053000000000
0.001054000000000
0.001132000000000
0.001050000000000
0.001300000000000
0.001065000000000
0.001058000000000
0.001578000000000
0.001119000000000
0.001071000000000
0.001067000000000
0.001120000000000
0.001172000000000
0.001075000000000
0.001520000000000
0.001062000000000
0.001060000000000
0.001065000000000
0.001195000000000
0.001832000000000
0.001046000000000
0.001673000000000
0.001062000000000
0.007305000000000
0.037468000000000
0.001979000000000
0.001747000000000
0.001511000000000
0.001051000000000
0.001055000000000
0.001077000000000
0.001065000000000
0.001076000000000
0.001068000000000
0.001071000000000
0.001097000000000
0.001074000000000
0.001105000000000
0.001062000000000
0.002592000000000
0.001527000000000
0.002055000000000
0.001085000000000
0.001080000000000
0.001527000000000
0.001083000000000
0.001068000000000
0.001089000000000
0.001069000000000
0.002474000000000
0.001094000000000
0.001249000000000
0.001064000000000
0.001051000000000
0.001053000000000
0.002486000000000
0.001059000000000
0.001062000000000
0.001064000000000
0.001070000000000
0.001145000000000
0.001058000000000
0.001061000000000
0.001535000000000
0.001063000000000
0.001052000000000
0.001042000000000
0.001102000000000
0.001074000000000
0.002644000000000
0.001057000000000
0.001044000000000
0.001050000000000
0.001072000000000
0.001054000000000
0.001053000000000
0.001039000000000
0.001169000000000
0.002552000000000
0.001228000000000
0.001396000000000
0.001057000000000
0.001193000000000
0.001055000000000
0.001062000000000
0.001508000000000
0.001066000000000
0.001086000000000
0.001122000000000
0.001063000000000
0.001060000000000
0.001051000000000
0.001582000000000
0.001095000000000
0.001063000000000
0.002602000000000
0.001187000000000
0.001053000000000
0.001177000000000
0.001063000000000
0.001152000000000
0.001059000000000
0.001180000000000
0.001068000000000
0.001497000000000
0.001077000000000
0.001050000000000
0.001057000000000
0.001050000000000
0.001067000000000
0.001107000000000
0.001489000000000
0.001062000000000
0.001969000000000
0.001048000000000
0.001052000000000
0.001056000000000
0.001452000000000
0.002616000000000
0.001171000000000
0.002802000000000
0.001061000000000
0.001065000000000
0.001503000000000
0.001054000000000
0.001048000000000
0.001175000000000
0.001043000000000
0.001125000000000
0.001077000000000
0.001070000000000
0.001092000000000
0.001052000000000
0.001067000000000
0.001082000000000
0.001077000000000
0.001079000000000
0.001185000000000
0.001082000000000
0.001066000000000
0.001097000000000
0.001049000000000
0.001059000000000
0.001078000000000
0.001066000000000
0.001064000000000
0.001089000000000
0.001076000000000
0.001394000000000
0.001053000000000
0.001045000000000
0.001057000000000
0.001052000000000
0.001090000000000
0.001053000000000
0.001089000000000
0.001102000000000
0.001061000000000
0.001147000000000
0.001161000000000
0.002715000000000
0.001051000000000
0.001068000000000
0.001055000000000
0.001058000000000
0.001036000000000
0.001093000000000
0.001077000000000
0.001083000000000
0.001038000000000
0.001082000000000
0.001041000000000
0.001062000000000
0.001186000000000
0.001066000000000
0.001050000000000
0.001093000000000
0.001056000000000
0.001547000000000
0.001081000000000
0.001076000000000
0.001052000000000
0.001068000000000
0.002485000000000
0.001089000000000
0.001070000000000
0.001089000000000
0.001049000000000
0.001029000000000
0.001061000000000
0.001399000000000
0.001063000000000
0.001053000000000
0.001057000000000
0.001054000000000
0.001047000000000
0.001059000000000
0.001633000000000
0.001534000000000
0.001074000000000
0.001175000000000
0.001764000000000
0.001051000000000
0.001122000000000
0.001152000000000
0.001033000000000
0.001058000000000
0.001032000000000
0.001066000000000
0.001059000000000
0.001044000000000
0.001061000000000
0.001047000000000
0.001129000000000
0.001047000000000
0.001063000000000
0.001056000000000
0.001091000000000
0.001060000000000
0.001051000000000
0.001053000000000
0.001183000000000
0.001063000000000
0.001510000000000
0.001226000000000
0.001049000000000
0.001499000000000
0.001076000000000
0.001105000000000
0.001051000000000
0.001073000000000
0.001068000000000
0.001051000000000
0.001087000000000
0.001099000000000
0.001621000000000
0.001138000000000
0.001068000000000
0.001210000000000
0.001575000000000
0.001074000000000
0.001105000000000
0.001056000000000
0.001077000000000
0.001067000000000
0.001077000000000
0.001049000000000
0.001080000000000
0.001094000000000
0.001132000000000
0.002249000000000
0.001071000000000
0.001499000000000
0.001085000000000
0.001064000000000
0.001083000000000
0.001085000000000
0.002513000000000
0.001102000000000
0.001969000000000
0.001089000000000
0.001392000000000
0.001163000000000
0.001098000000000
0.002396000000000
0.001118000000000
0.001058000000000
0.001081000000000
0.001517000000000
0.001089000000000
0.001144000000000
0.001098000000000
0.001028000000000
0.001088000000000
0.001177000000000
0.001059000000000
0.001048000000000
0.001045000000000
0.001052000000000
0.001219000000000
0.001042000000000
0.001064000000000
0.001071000000000
0.001049000000000
0.001065000000000
0.001100000000000
0.001586000000000
0.002624000000000
0.001552000000000
0.001065000000000
0.001228000000000
0.001083000000000
0.002620000000000
0.001039000000000
0.001027000000000
0.001049000000000
0.001049000000000
0.001102000000000
0.001163000000000
0.001147000000000
0.002731000000000
0.001047000000000
0.001051000000000
0.001063000000000
0.001079000000000
0.001074000000000
0.001058000000000
0.001056000000000
0.001038000000000
0.001096000000000
0.001061000000000
0.001064000000000
0.001069000000000
0.001069000000000
0.001039000000000
0.001060000000000
0.001118000000000
0.001099000000000
0.001079000000000
0.001083000000000
0.001072000000000
0.001070000000000
0.001055000000000
0.001060000000000
0.001482000000000
0.001063000000000
0.001108000000000
0.001073000000000
0.001055000000000
0.001121000000000
0.001047000000000
0.001066000000000
0.001047000000000
0.001079000000000
0.001486000000000
0.001077000000000
0.001088000000000
0.001107000000000
0.001114000000000
0.001094000000000
0.001492000000000
0.002366000000000
0.001047000000000
0.001060000000000
0.001594000000000
0.001042000000000
0.001086000000000
0.002238000000000
0.001071000000000
0.001197000000000
0.001057000000000
0.001060000000000
0.001200000000000
0.001060000000000
0.001057000000000
0.001103000000000
0.001072000000000
0.001204000000000
0.001034000000000
0.001117000000000
0.001062000000000
0.001043000000000
0.001095000000000
0.001089000000000
0.001096000000000
0.039473000000000
0.001516000000000
0.001069000000000
0.002609000000000
0.038248000000000
0.001102000000000
0.001040000000000
0.001054000000000
0.001180000000000
0.001074000000000
0.001085000000000
0.001081000000000
0.002487000000000
0.001049000000000
0.001107000000000
0.001046000000000
0.001783000000000
0.029150000000000
0.001050000000000
0.001096000000000
0.001093000000000
0.001052000000000
0.001115000000000
0.001096000000000
0.001059000000000
0.001054000000000
0.001063000000000
0.001067000000000
0.001055000000000
0.001148000000000
0.001051000000000
0.032462000000000
0.001059000000000
0.001543000000000
0.001092000000000
0.001198000000000
0.001054000000000
0.001059000000000
0.001073000000000
0.001220000000000
0.036414000000000
0.001065000000000
0.001075000000000
0.001136000000000
0.001074000000000
0.001103000000000
0.001043000000000
0.002321000000000
0.002549000000000
0.001146000000000
0.001061000000000
0.001581000000000
0.001834000000000
0.001080000000000
0.001062000000000
0.001094000000000
0.001210000000000
0.001060000000000
0.001058000000000
0.001058000000000
0.001058000000000
0.001057000000000
0.034584000000000
0.001074000000000
0.001046000000000
0.001064000000000
0.001067000000000
0.001050000000000
0.001074000000000
0.001056000000000
0.001069000000000
0.002606000000000
0.032926000000000
0.001249000000000
0.001060000000000
0.001059000000000
0.001058000000000
0.001063000000000
0.001183000000000
0.001067000000000
0.001064000000000
0.001051000000000
0.001056000000000
0.001118000000000
0.001386000000000
0.037128000000000
0.001101000000000
0.001085000000000
0.001099000000000
0.001074000000000
0.001180000000000
0.001072000000000
0.001088000000000
0.001089000000000
0.001065000000000
0.001093000000000
0.023210000000000
0.001182000000000
0.001087000000000
0.001059000000000
0.001056000000000
0.001047000000000
0.001072000000000
0.001093000000000
0.040583000000000
0.001105000000000
0.001071000000000
0.001055000000000
0.001057000000000
0.001053000000000
0.001095000000000
0.001093000000000
0.001096000000000
0.001586000000000
0.001073000000000
0.037235000000000
0.001177000000000
0.001058000000000
0.001563000000000
0.001061000000000
0.001071000000000
0.001087000000000
0.001066000000000
0.032692000000000
0.001059000000000
0.001617000000000
0.001105000000000
0.001140000000000
0.001076000000000
0.001152000000000
0.001125000000000
0.001102000000000
0.001056000000000
0.030759000000000
0.001070000000000
0.001491000000000
0.001117000000000
0.001113000000000
0.001092000000000
0.001047000000000
0.001082000000000
0.001061000000000
0.018916000000000
0.001076000000000
0.001102000000000
0.001133000000000
0.001064000000000
0.001496000000000
0.001239000000000
0.001065000000000
0.031193000000000
0.001265000000000
0.001065000000000
0.001240000000000
0.001108000000000
0.001083000000000
0.001048000000000
0.001157000000000
0.001751000000000
0.001053000000000
0.001070000000000
0.001073000000000
0.001054000000000
0.001057000000000
0.001100000000000
0.001073000000000
0.001061000000000
0.031111000000000
0.001064000000000
0.001061000000000
0.001069000000000
0.001057000000000
0.001070000000000
0.001041000000000
0.001187000000000
0.001084000000000
0.001078000000000
0.044816000000000
0.001068000000000
0.001076000000000
0.001060000000000
0.001052000000000
0.001065000000000
0.001077000000000
0.001581000000000
0.001234000000000
0.001079000000000
0.001057000000000
0.034153000000000
0.001138000000000
0.001054000000000
0.001075000000000
0.001059000000000
0.001078000000000
0.001054000000000
0.001076000000000
0.001064000000000
0.001082000000000
0.017601000000000
0.001068000000000
0.001069000000000
0.001059000000000
0.001062000000000
0.001254000000000
0.001070000000000
0.001070000000000
0.002299000000000
0.009220000000000
0.002586000000000
0.001068000000000
0.001061000000000
0.002028000000000
0.001068000000000
0.001076000000000
0.001206000000000
0.001063000000000
0.001267000000000
0.001125000000000
0.001196000000000
0.001069000000000
0.002614000000000
0.001066000000000
0.001092000000000
0.001043000000000
0.001060000000000
0.001054000000000
0.001069000000000
0.001062000000000
0.001076000000000
0.002686000000000
0.001189000000000
0.001057000000000
0.001068000000000
0.001466000000000
0.001111000000000
0.001060000000000
0.031289000000000
0.001052000000000
0.001051000000000
0.001032000000000
0.001048000000000
0.001478000000000
0.001059000000000
0.001047000000000
0.001087000000000
0.001072000000000
0.001068000000000
0.021877000000000
0.001060000000000
0.001064000000000
0.001157000000000
0.001494000000000
0.001048000000000
0.001514000000000
0.001140000000000
0.001051000000000
0.001229000000000
0.001294000000000
0.001085000000000
0.001060000000000
0.001082000000000
0.001141000000000
0.001142000000000
0.001138000000000
0.001069000000000
0.001065000000000
0.031406000000000
0.001554000000000
0.001058000000000
0.001051000000000
0.001068000000000
0.001053000000000
0.001063000000000
0.001047000000000
0.001364000000000
0.036751000000000
0.002185000000000
0.001059000000000
0.001037000000000
0.001150000000000
0.001057000000000
0.002196000000000
0.001191000000000
0.001185000000000
0.001052000000000
0.001611000000000
0.001074000000000
0.001556000000000
0.001076000000000
0.030792000000000
0.001070000000000
0.001140000000000
0.001095000000000
0.001121000000000
0.001055000000000
0.001184000000000
0.001064000000000
0.001049000000000
0.001055000000000
0.002644000000000
0.034921000000000
0.001075000000000
0.001059000000000
0.001066000000000
0.001052000000000
0.001086000000000
0.001065000000000
0.001103000000000
0.001076000000000
0.001058000000000
0.001155000000000
0.001080000000000
0.001099000000000
0.001126000000000
0.002673000000000
0.001053000000000
0.001067000000000
0.001458000000000
0.019621000000000
0.001056000000000
0.001065000000000
0.001064000000000
0.002627000000000
0.001060000000000
0.001047000000000
0.002854000000000
0.001073000000000
0.001105000000000
0.103788000000000
0.002035000000000
0.001066000000000
0.001094000000000
0.001062000000000
0.001054000000000
0.001092000000000
0.001048000000000
0.001054000000000
0.001059000000000
0.001682000000000
0.001069000000000
0.001178000000000
0.001088000000000
0.001055000000000
0.001060000000000
0.001067000000000
0.001072000000000
0.001076000000000
0.001061000000000
0.001041000000000
0.001065000000000
0.001056000000000
0.001057000000000
0.001054000000000
0.001078000000000
0.001063000000000
0.001072000000000
0.001069000000000
0.001047000000000
0.001055000000000
0.001069000000000
0.001063000000000
0.001478000000000
0.001132000000000
0.001056000000000
0.015622000000000
0.001068000000000
0.001575000000000
0.001038000000000
0.001054000000000
0.001170000000000
0.002370000000000
0.001183000000000
0.001095000000000
0.001050000000000
0.001164000000000
0.001064000000000
0.001075000000000
0.001057000000000
0.001068000000000
0.001058000000000
0.001057000000000
0.001063000000000
0.001076000000000
0.001068000000000
0.001073000000000
0.001055000000000
0.001568000000000
0.001119000000000
0.001179000000000
0.001072000000000
0.001852000000000
0.001066000000000
0.001050000000000
0.001079000000000
0.001046000000000
0.001052000000000
0.001143000000000
0.001649000000000
0.002696000000000
0.001067000000000
0.001065000000000
0.001063000000000
0.001070000000000
0.001074000000000
0.001059000000000
0.001065000000000
0.001451000000000
0.001048000000000
0.001091000000000
0.001069000000000
0.001058000000000
0.001047000000000
0.001062000000000
0.001089000000000
0.001148000000000
0.001114000000000
0.001170000000000
0.001071000000000
0.001117000000000
0.001090000000000
0.001071000000000
0.001073000000000
0.001627000000000
0.001164000000000
0.001059000000000
0.001077000000000
0.001060000000000
0.001579000000000
0.001337000000000
0.001172000000000
0.001437000000000
0.001066000000000
0.001437000000000
0.001545000000000
0.001116000000000
0.001427000000000
0.001226000000000
0.001114000000000
0.001259000000000
0.001080000000000
0.001486000000000
0.001126000000000
0.001061000000000
0.001508000000000
0.001074000000000
0.001071000000000
0.001066000000000
0.001043000000000
0.001070000000000
0.001072000000000
0.001054000000000
0.001066000000000
0.001050000000000
0.001050000000000
0.001058000000000
0.001044000000000
0.001068000000000
0.001075000000000
0.001139000000000
0.001071000000000
0.001070000000000
0.002411000000000
0.001070000000000
0.001062000000000
0.001071000000000
0.001051000000000
0.002026000000000
0.001045000000000
0.001072000000000
0.001105000000000
0.001199000000000
0.001081000000000
0.001078000000000
0.001071000000000
0.001092000000000
0.001180000000000
0.001083000000000
0.001048000000000
0.001115000000000
0.001270000000000
0.001082000000000
0.001060000000000
0.001078000000000
0.001061000000000
0.001078000000000
0.001068000000000
0.001238000000000
0.001078000000000
0.001058000000000
0.001541000000000
0.001301000000000
0.001534000000000
0.002681000000000
0.001076000000000
0.001071000000000
0.002589000000000
0.001072000000000
0.001072000000000
0.001133000000000
0.001192000000000
0.001076000000000
0.001059000000000
0.001071000000000
0.001299000000000
0.001038000000000
0.001062000000000
0.001061000000000
0.024221000000000
0.001061000000000
0.001070000000000
0.001061000000000
0.001065000000000
0.030120000000000
0.001068000000000
0.001899000000000
0.001093000000000
0.001057000000000
0.001228000000000
0.001086000000000
0.001077000000000
0.018720000000000
0.001064000000000
0.001059000000000
0.001192000000000
0.001072000000000
0.001071000000000
0.001048000000000
0.001058000000000
0.001233000000000
0.001089000000000
0.001064000000000
0.001086000000000
0.001070000000000
0.001672000000000
0.001069000000000
0.001093000000000
0.001181000000000
0.001060000000000
0.001068000000000
0.015761000000000
0.001151000000000
0.001106000000000
0.001722000000000
0.001063000000000
0.001079000000000
0.001164000000000
0.001240000000000
0.001065000000000
0.001067000000000
0.001055000000000
0.035152000000000
0.001067000000000
0.001130000000000
0.001074000000000
0.001083000000000
0.001458000000000
0.001053000000000
0.001251000000000
0.001468000000000
0.001027000000000
0.001075000000000
0.001076000000000
0.001062000000000
0.001080000000000
0.001065000000000
0.001076000000000
0.002374000000000
0.002591000000000
0.001051000000000
0.001080000000000
0.001051000000000
0.001078000000000
0.001089000000000
0.002586000000000
0.001089000000000
0.001076000000000
0.001059000000000
0.001060000000000
0.001059000000000
0.001045000000000
0.001069000000000
0.001067000000000
0.001085000000000
0.001062000000000
0.001135000000000
0.002626000000000
0.001066000000000
0.001352000000000
0.001084000000000
0.001153000000000
0.001288000000000
0.001073000000000
0.001089000000000
0.001079000000000
0.001157000000000
0.001087000000000
0.001106000000000
0.001163000000000
0.001057000000000
0.001110000000000
0.001155000000000
0.001068000000000
0.001080000000000
0.001079000000000
0.001255000000000
0.001104000000000
0.001074000000000
0.001126000000000
0.001094000000000
0.001105000000000
0.001244000000000
0.001103000000000
0.001278000000000
0.001067000000000
0.001071000000000
0.001412000000000
0.001058000000000
0.001175000000000
0.001083000000000
0.001170000000000
0.001107000000000
0.001113000000000
0.001147000000000
0.001089000000000
0.001143000000000
0.001148000000000
0.001163000000000
0.001124000000000
0.001154000000000
0.001103000000000
0.001074000000000
0.056440000000000
0.001127000000000
0.001109000000000
0.001093000000000
0.001117000000000
0.001087000000000
0.001160000000000
0.001181000000000
0.001112000000000
0.001308000000000
0.001110000000000
0.001127000000000
0.001130000000000
0.001133000000000
0.012831000000000
0.001081000000000
0.001263000000000
0.001112000000000
0.001093000000000
0.001128000000000
0.001097000000000
0.001292000000000
0.018018000000000
0.001098000000000
0.004511000000000
0.001102000000000
0.052324000000000
0.001060000000000
0.001192000000000
0.001068000000000
0.001633000000000
0.001151000000000
0.001287000000000
0.032530000000000
0.001245000000000
0.001099000000000
0.001127000000000
0.001125000000000
0.001135000000000
0.001125000000000
0.032495000000000
0.001148000000000
0.001120000000000
0.001137000000000
0.001129000000000
0.001098000000000
0.001111000000000
0.001090000000000
0.001106000000000
0.001085000000000
0.001099000000000
0.001228000000000
0.001119000000000
0.001140000000000
0.001107000000000
0.001075000000000
0.001132000000000
0.001213000000000
0.001172000000000
0.001115000000000
0.001126000000000
0.001076000000000
0.001141000000000
0.001112000000000
0.001101000000000
0.001096000000000
0.001098000000000
0.001205000000000
0.001169000000000
0.001088000000000
0.001100000000000
0.001216000000000
0.001399000000000
0.001141000000000
0.001061000000000
0.001174000000000
0.001067000000000
0.001185000000000
0.001188000000000
0.001089000000000
0.001071000000000
0.001125000000000
0.001072000000000
0.001160000000000
0.001054000000000
0.001082000000000
0.001311000000000
0.001237000000000
0.001121000000000
0.001110000000000
0.001114000000000
0.001163000000000
0.001129000000000
0.001069000000000
0.007295000000000
0.001113000000000
0.001392000000000
0.001161000000000
0.001302000000000
0.001077000000000
0.001105000000000
0.001099000000000
0.001155000000000
0.020455000000000
0.001117000000000
0.001153000000000
0.133247000000000
0.001095000000000
0.001091000000000
0.001302000000000
0.001069000000000
0.001737000000000
0.001095000000000
0.001071000000000
0.001077000000000
0.001112000000000
0.001071000000000
0.001104000000000
0.001092000000000
0.001081000000000
0.001079000000000
0.001144000000000
0.001204000000000
0.001171000000000
0.001421000000000
0.001113000000000
0.001154000000000
0.001085000000000
0.001089000000000
0.001048000000000
0.001072000000000
0.001070000000000
0.001273000000000
0.081588000000000
0.001065000000000
0.001435000000000
0.001151000000000
0.001140000000000
0.001044000000000
0.001103000000000
0.001185000000000
0.001267000000000
0.001052000000000
0.001089000000000
0.001053000000000
0.001228000000000
0.001228000000000
0.001183000000000
0.001293000000000
0.001065000000000
0.001520000000000
0.001082000000000
0.001101000000000
0.001277000000000
0.001150000000000
0.001156000000000
0.001223000000000
0.020602000000000
0.001171000000000
0.001176000000000
0.001037000000000
0.001213000000000
0.001214000000000
0.001063000000000
0.397707000000000
0.001061000000000
0.001077000000000
0.001082000000000
0.001084000000000
0.001174000000000
0.001090000000000
0.001093000000000
0.001057000000000
0.020838000000000
0.001302000000000
0.001072000000000
0.001089000000000
0.001063000000000
0.001140000000000
0.001107000000000
0.001118000000000
0.001261000000000
0.001096000000000
0.001097000000000
0.001159000000000
0.001087000000000
0.001240000000000
0.001085000000000
0.016782000000000
0.001148000000000
0.001122000000000
0.001121000000000
0.002143000000000
0.001103000000000
0.001369000000000
0.001129000000000
0.001087000000000
0.027779000000000
0.001075000000000
0.001137000000000
0.001244000000000
0.001115000000000
0.001098000000000
0.001059000000000
0.001079000000000
0.001068000000000
0.001080000000000
0.001130000000000
0.001139000000000
0.028497000000000
0.001082000000000
0.001335000000000
0.001241000000000
0.001289000000000
0.001225000000000
0.001133000000000
0.001066000000000
0.001486000000000
0.001081000000000
0.001248000000000
0.001094000000000
0.001099000000000
0.001075000000000
0.001065000000000
0.001395000000000
0.001112000000000
0.001097000000000
0.001105000000000
0.001095000000000
0.001126000000000
0.001144000000000
0.001076000000000
0.016118000000000
0.001244000000000
0.001110000000000
0.001087000000000
0.001096000000000
0.001141000000000
0.001084000000000
0.001594000000000
0.032107000000000
0.001077000000000
0.001302000000000
0.001062000000000
0.001101000000000
0.001071000000000
0.001111000000000
0.001120000000000
0.001265000000000
0.001082000000000
0.001121000000000
0.001097000000000
0.028155000000000
0.001120000000000
0.001047000000000
0.001117000000000
0.001246000000000
0.001061000000000
0.001136000000000
0.001118000000000
0.151696000000000
0.015943000000000
0.001158000000000
0.001093000000000
0.001249000000000
0.001074000000000
0.001108000000000
0.001064000000000
0.001142000000000
0.001304000000000
0.001111000000000
0.001051000000000
0.001076000000000
0.001105000000000
0.001214000000000
0.001114000000000
0.001029000000000
0.001091000000000
0.001067000000000
0.001230000000000
0.001142000000000
0.001351000000000
0.001025000000000
0.001114000000000
0.001064000000000
0.001077000000000
0.001048000000000
0.001076000000000
0.001206000000000
0.001029000000000
0.001215000000000
0.001066000000000
0.001053000000000
0.001044000000000
0.001088000000000
0.001069000000000
0.001057000000000
0.001075000000000
0.001263000000000
0.001055000000000
0.001159000000000
0.001139000000000
0.001194000000000
0.001114000000000
0.001062000000000
0.001480000000000
0.001056000000000
0.001222000000000
0.001052000000000
0.001047000000000
0.001062000000000
0.001212000000000
0.001035000000000
0.030939000000000
0.001070000000000
0.001094000000000
0.038723000000000
0.001053000000000
0.001052000000000
0.001070000000000
0.001080000000000
0.001055000000000
0.001065000000000
0.001081000000000
0.031342000000000
0.001082000000000
0.001078000000000
0.001162000000000
0.001113000000000
0.001086000000000
0.001209000000000
0.001092000000000
0.001320000000000
0.001185000000000
0.001124000000000
0.001056000000000
0.001065000000000
0.001104000000000
0.016802000000000
0.001089000000000
0.001062000000000
0.001071000000000
0.001049000000000
0.001282000000000
0.001119000000000
0.001092000000000
0.001127000000000
0.001199000000000
0.001063000000000
0.001140000000000
0.001056000000000
0.001644000000000
0.001036000000000
0.001062000000000
0.001038000000000
0.001156000000000
0.001059000000000
0.001071000000000
0.001072000000000
0.001057000000000
0.001197000000000
0.001243000000000
0.001163000000000
0.001215000000000
0.001433000000000
0.001081000000000
0.001128000000000
0.001038000000000
0.001179000000000
0.001066000000000
0.001061000000000
0.001083000000000
0.001086000000000
0.001122000000000
0.001125000000000
0.001207000000000
0.001037000000000
0.001194000000000
0.001039000000000
0.001085000000000
0.001041000000000
0.001065000000000
0.001057000000000
0.001094000000000
0.001169000000000
0.001052000000000
0.001057000000000
0.001075000000000
0.001054000000000
0.001115000000000
0.001191000000000
0.001052000000000
0.001287000000000
0.001094000000000
0.001071000000000
0.001064000000000
0.001109000000000
0.001042000000000
0.001056000000000
0.001113000000000
0.016803000000000
0.001131000000000
0.001067000000000
0.001063000000000
0.001071000000000
0.001071000000000
0.001068000000000
0.001074000000000
0.001056000000000
0.001512000000000
0.001198000000000
0.001292000000000
0.001109000000000
0.001067000000000
0.001140000000000
0.017622000000000
0.001057000000000
0.001083000000000
0.001017000000000
0.001052000000000
0.001141000000000
0.035509000000000
0.079482000000000
0.001064000000000
0.001124000000000
0.001087000000000
0.001147000000000
0.001052000000000
0.001178000000000
0.001077000000000
0.001076000000000
0.001130000000000
0.001081000000000
0.001090000000000
0.001076000000000
0.001082000000000
0.001185000000000
0.001123000000000
0.001082000000000
0.037852000000000
0.001125000000000
0.001081000000000
0.001079000000000
0.001088000000000
0.001093000000000
0.001073000000000
0.001140000000000
0.001048000000000
0.001046000000000
0.001126000000000
0.001062000000000
0.001057000000000
0.001074000000000
0.001111000000000
0.036423000000000
0.001079000000000
0.001157000000000
0.001092000000000
0.001466000000000
0.001409000000000
0.001105000000000
0.001242000000000
0.001122000000000
0.001114000000000
0.001347000000000
0.001059000000000
0.001094000000000
0.001094000000000
0.033285000000000
0.001130000000000
0.001133000000000
0.001206000000000
0.001126000000000
0.001154000000000
0.030506000000000
0.001094000000000
0.001084000000000
0.001308000000000
0.001147000000000
0.001048000000000
0.001134000000000
0.001124000000000
0.001090000000000
0.001084000000000
0.001221000000000
0.001123000000000
0.001046000000000
0.001100000000000
0.001038000000000
0.001243000000000
0.001142000000000
0.001083000000000
0.001057000000000
0.001165000000000
0.001047000000000
0.001124000000000
0.001191000000000
0.001051000000000
0.001104000000000
0.001156000000000
0.001044000000000
0.001085000000000
0.001071000000000
0.001116000000000
0.001071000000000
0.001294000000000
0.001122000000000
0.001242000000000
0.001182000000000
0.001336000000000
0.001067000000000
0.001091000000000
0.001050000000000
0.001058000000000
0.001099000000000
0.001063000000000
0.001078000000000
0.001048000000000
0.001289000000000
0.001317000000000
0.001064000000000
0.001111000000000
0.001083000000000
0.025972000000000
0.001053000000000
0.001487000000000
0.001088000000000
0.002451000000000
0.001118000000000
0.001289000000000
0.001252000000000
0.016549000000000
0.001087000000000
0.001233000000000
0.001135000000000
0.001274000000000
0.001133000000000
0.001081000000000
0.001093000000000
0.001083000000000
0.001137000000000
0.001026000000000
0.001107000000000
0.001320000000000
0.024668000000000
0.001109000000000
0.001427000000000
0.001094000000000
0.001124000000000
0.001077000000000
0.001098000000000
0.033998000000000
0.001244000000000
0.001085000000000
0.001291000000000
0.001102000000000
0.001082000000000
0.001093000000000
0.001182000000000
0.025676000000000
0.001102000000000
0.001110000000000
0.001056000000000
0.001092000000000
0.001094000000000
0.001102000000000
0.001216000000000
0.001124000000000
0.001084000000000
0.001095000000000
0.001091000000000
0.001064000000000
0.001236000000000
0.001155000000000
0.001099000000000
0.001201000000000
0.002046000000000
0.002022000000000
0.001088000000000
0.001087000000000
0.001100000000000
0.001254000000000
0.001226000000000
0.001251000000000
0.001300000000000
0.001223000000000
0.030168000000000
0.001238000000000
0.001790000000000
0.001172000000000
0.001374000000000
0.001128000000000
0.001467000000000
0.033179000000000
0.001079000000000
0.001180000000000
0.001099000000000
0.001088000000000
0.001109000000000
0.001084000000000
0.017807000000000
0.001223000000000
0.001309000000000
0.001377000000000
0.001110000000000
0.001090000000000
0.001072000000000
0.037733000000000
0.001136000000000
0.001123000000000
0.001130000000000
0.001091000000000
0.001103000000000
0.001081000000000
0.001281000000000
0.001096000000000
0.001115000000000
0.001112000000000
0.001099000000000
0.001071000000000
0.001101000000000
0.036002000000000
0.001094000000000
0.001090000000000
0.001107000000000
0.001174000000000
0.001090000000000
0.001647000000000
0.001077000000000
0.001172000000000
0.001169000000000
0.001230000000000
0.033753000000000
0.001427000000000
0.001122000000000
0.001101000000000
0.001065000000000
0.001089000000000
0.001700000000000
0.001133000000000
0.001092000000000
0.001096000000000
0.001082000000000
0.001131000000000
0.001299000000000
0.001079000000000
0.001137000000000
0.001111000000000
0.001119000000000
0.001314000000000
0.001084000000000
0.001110000000000
0.001136000000000
0.001106000000000
0.001115000000000
0.001301000000000
0.002160000000000
0.001234000000000
0.001113000000000
0.001084000000000
0.001107000000000
0.001327000000000
0.001072000000000
0.001125000000000
0.001110000000000
0.001153000000000
0.001112000000000
0.001171000000000
0.001155000000000
0.001097000000000
0.001083000000000
0.001065000000000
0.001171000000000
0.001234000000000
0.001152000000000
0.001166000000000
0.001087000000000
0.001626000000000
0.001124000000000
0.001093000000000
0.092830000000000
0.001094000000000
0.001121000000000
0.001099000000000
0.001193000000000
0.001056000000000
0.001202000000000
0.001501000000000
0.001078000000000
0.001098000000000
0.001177000000000
0.001289000000000
0.001358000000000
0.001078000000000
0.001200000000000
0.001114000000000
0.001259000000000
0.001106000000000
0.001132000000000
0.030241000000000
0.001178000000000
0.001089000000000
0.001100000000000
0.001092000000000
0.001145000000000
0.002139000000000
0.001165000000000
0.001181000000000
0.001091000000000
0.001500000000000
0.001082000000000
0.056670000000000
0.001067000000000
0.001188000000000
0.001112000000000
0.001089000000000
0.001098000000000
0.001089000000000
0.001161000000000
0.001118000000000
0.001160000000000
0.001324000000000
0.001086000000000
0.001168000000000
0.001127000000000
0.001223000000000
0.025395000000000
0.001103000000000
0.001219000000000
0.001197000000000
0.001103000000000
0.001091000000000
0.001130000000000
0.030650000000000
0.001095000000000
0.001111000000000
0.001082000000000
0.001251000000000
0.001089000000000
0.001096000000000
0.001103000000000
0.035850000000000
0.001086000000000
0.001225000000000
0.001203000000000
0.001198000000000
0.001225000000000
0.001203000000000
0.027162000000000
0.001093000000000
0.001173000000000
0.001115000000000
0.001109000000000
0.001104000000000
0.001090000000000
0.037266000000000
0.001131000000000
0.001082000000000
0.001096000000000
0.001117000000000
0.001121000000000
0.001077000000000
0.018987000000000
0.001106000000000
0.001360000000000
0.001135000000000
0.001092000000000
0.001082000000000
0.001112000000000
0.001129000000000
0.001163000000000
0.024567000000000
0.001072000000000
0.001203000000000
0.001161000000000
0.001121000000000
0.001171000000000
0.001112000000000
0.038471000000000
0.001101000000000
0.001186000000000
0.001075000000000
0.001092000000000
0.001310000000000
0.001097000000000
0.001115000000000
0.016995000000000
0.001216000000000
0.001200000000000
0.001107000000000
0.001102000000000
0.001179000000000
0.001076000000000
0.001523000000000
0.001117000000000
0.001169000000000
0.001148000000000
0.001381000000000
0.001073000000000
0.001102000000000
0.001102000000000
0.001110000000000
0.001128000000000
0.001248000000000
0.001382000000000
0.001122000000000
0.001061000000000
0.001098000000000
0.001122000000000
0.001178000000000
0.001104000000000
0.012524000000000
0.001086000000000
0.001091000000000
0.001123000000000
0.001075000000000
0.001100000000000
0.001116000000000
0.001105000000000
0.029439000000000
0.001106000000000
0.001309000000000
0.001375000000000
0.001095000000000
0.001126000000000
0.001095000000000
0.001169000000000
0.001097000000000
0.001118000000000
0.001086000000000
0.001115000000000
0.001359000000000
0.001168000000000
0.001130000000000
0.001092000000000
0.001085000000000
0.001112000000000
0.001262000000000
0.001087000000000
0.001121000000000
0.038729000000000
0.001078000000000
0.001328000000000
0.001097000000000
0.001131000000000
0.001128000000000
0.001214000000000
0.001274000000000
0.001093000000000
0.001449000000000
0.001079000000000
0.001316000000000
0.001075000000000
0.001079000000000
0.001131000000000
0.087397000000000
0.001069000000000
0.001088000000000
0.001082000000000
0.001123000000000
0.001098000000000
0.001090000000000
0.031175000000000
0.001087000000000
0.001289000000000
0.001404000000000
0.001089000000000
0.001112000000000
0.001098000000000
0.001129000000000
0.001230000000000
0.023246000000000
0.001111000000000
0.001086000000000
0.001394000000000
0.001184000000000
0.001080000000000
0.001185000000000
0.001120000000000
0.001126000000000
0.001131000000000
0.001180000000000
0.031448000000000
0.001107000000000
0.001094000000000
0.001133000000000
0.001113000000000
0.001142000000000
0.030204000000000
0.001131000000000
0.001138000000000
0.001259000000000
0.001365000000000
0.001086000000000
0.001077000000000
0.035467000000000
0.001240000000000
0.001084000000000
0.001106000000000
0.001124000000000
0.001089000000000
0.001107000000000
0.001087000000000
0.001128000000000
0.001120000000000
0.001100000000000
0.028667000000000
0.001104000000000
0.001148000000000
0.001101000000000
0.001101000000000
0.001117000000000
0.001077000000000
0.001379000000000
0.001100000000000
0.001365000000000
0.001129000000000
0.001095000000000
0.001122000000000
0.001199000000000
0.001100000000000
0.001070000000000
0.001144000000000
0.001089000000000
0.001126000000000
0.001185000000000
0.001141000000000
0.001111000000000
0.001112000000000
0.001102000000000
0.001095000000000
0.001149000000000
0.001081000000000
0.001101000000000
0.001130000000000
0.001228000000000
0.001102000000000
0.001108000000000
0.001267000000000
0.001095000000000
0.040636000000000
0.001129000000000
0.001095000000000
0.001167000000000
0.001218000000000
0.001088000000000
0.001119000000000
0.001110000000000
0.001108000000000
0.001115000000000
0.037547000000000
0.001534000000000
0.001607000000000
0.001149000000000
0.002363000000000
0.001252000000000
0.001078000000000
0.001136000000000
0.026773000000000
0.001225000000000
0.001137000000000
0.001320000000000
0.001105000000000
0.001661000000000
0.001157000000000
0.001178000000000
0.020407000000000
0.002594000000000
0.001135000000000
0.001143000000000
0.001103000000000
0.001250000000000
0.001137000000000
0.001392000000000
0.001642000000000
0.001094000000000
0.028527000000000
0.001082000000000
0.001120000000000
0.001108000000000
0.001555000000000
0.001123000000000
0.001137000000000
0.001105000000000
0.001090000000000
0.001072000000000
0.001142000000000
0.001537000000000
0.045942000000000
0.001233000000000
0.001233000000000
0.001206000000000
0.001200000000000
0.001181000000000
0.029317000000000
0.001136000000000
0.001146000000000
0.001440000000000
0.001079000000000
0.001438000000000
0.001243000000000
0.001078000000000
0.001147000000000
0.031993000000000
0.036313000000000
0.001627000000000
0.001173000000000
0.001216000000000
0.001180000000000
0.001096000000000
0.001090000000000
0.001094000000000
0.001086000000000
0.001147000000000
0.001840000000000
0.001122000000000
0.001239000000000
0.002186000000000
0.001082000000000
0.001111000000000
0.001074000000000
0.001098000000000
0.001123000000000
0.001110000000000
0.001415000000000
0.001067000000000
0.001348000000000
0.001094000000000
0.001191000000000
0.001145000000000
0.001547000000000
0.001145000000000
0.001078000000000
0.001083000000000
0.001507000000000
0.001070000000000
0.001068000000000
0.001079000000000
0.001435000000000
0.001080000000000
0.001112000000000
0.001143000000000
0.001272000000000
0.001132000000000
0.001093000000000
0.001522000000000
0.001119000000000
0.001196000000000
0.001168000000000
0.001115000000000
0.001206000000000
0.001172000000000
0.001161000000000
0.001337000000000
0.001328000000000
0.001131000000000
0.001081000000000
0.001120000000000
0.001163000000000
0.002316000000000
0.001337000000000
0.001150000000000
0.001087000000000
0.001100000000000
0.001335000000000
0.001101000000000
0.001143000000000
0.067485000000000
0.001188000000000
0.001141000000000
0.001231000000000
0.001167000000000
0.001191000000000
0.001162000000000
0.001162000000000
0.001271000000000
0.001138000000000
0.001232000000000
0.001542000000000
0.001222000000000
0.001097000000000
0.001119000000000
0.001094000000000
0.001235000000000
0.001135000000000
0.001101000000000
0.001173000000000
0.001110000000000
0.001126000000000
0.001161000000000
0.001126000000000
0.001092000000000
0.001220000000000
0.001111000000000
0.001452000000000
0.001161000000000
0.001162000000000
0.001106000000000
0.001150000000000
0.001234000000000
0.002704000000000
0.001075000000000
0.001308000000000
0.001238000000000
0.001163000000000
0.001067000000000
0.001111000000000
0.013436000000000
0.001766000000000
0.001059000000000
0.001155000000000
0.001074000000000
0.001286000000000
0.001549000000000
0.001066000000000
0.001059000000000
0.001285000000000
0.001148000000000
0.001093000000000
0.001052000000000
0.001122000000000
0.001762000000000
0.001268000000000
0.001604000000000
0.001065000000000
0.001524000000000
0.001854000000000
0.001127000000000
0.001158000000000
0.001034000000000
0.001080000000000
0.001133000000000
0.001398000000000
0.001350000000000
0.001174000000000
0.001086000000000
0.001241000000000
0.001109000000000
0.001063000000000
0.001365000000000
0.001062000000000
0.001300000000000
0.001109000000000
0.001117000000000
0.001283000000000
0.001041000000000
0.001057000000000
0.001087000000000
0.001374000000000
0.001068000000000
0.001126000000000
0.001124000000000
0.001075000000000
0.001236000000000
0.001070000000000
0.001164000000000
0.001058000000000
0.001176000000000
0.001355000000000
0.001733000000000
0.001227000000000
0.001086000000000
0.001358000000000
0.001089000000000
0.001095000000000
0.001101000000000
0.031212000000000
0.001073000000000
0.001087000000000
0.001078000000000
0.001483000000000
0.001127000000000
0.001092000000000
0.001131000000000
0.001095000000000
0.001054000000000
0.001605000000000
0.001093000000000
0.001401000000000
0.001290000000000
0.001218000000000
0.001061000000000
0.001202000000000
0.001083000000000
0.001123000000000
0.001071000000000
0.001077000000000
0.001060000000000
0.001676000000000
0.001053000000000
0.001078000000000
0.001157000000000
0.001295000000000
0.001126000000000
0.001112000000000
0.001194000000000
0.001263000000000
0.001316000000000
0.001114000000000
0.001102000000000
0.001054000000000
0.001153000000000
0.001267000000000
0.001129000000000
0.001089000000000
0.001189000000000
0.001290000000000
0.001060000000000
0.001108000000000
0.001088000000000
0.001053000000000
0.001089000000000
0.001133000000000
0.001324000000000
0.001093000000000
0.001238000000000
0.002038000000000
0.001080000000000
0.001064000000000
0.001079000000000
0.001345000000000
0.001085000000000
0.001155000000000
0.016997000000000
0.001230000000000
0.001340000000000
0.001191000000000
0.001280000000000
0.001748000000000
0.001075000000000
0.001131000000000
0.034546000000000
0.001348000000000
0.001192000000000
0.001079000000000
0.001113000000000
0.001096000000000
0.001218000000000
0.001093000000000
0.001345000000000
0.001083000000000
0.001179000000000
0.001128000000000
0.001096000000000
0.001111000000000
0.001076000000000
0.001088000000000
0.001664000000000
0.001069000000000
0.001353000000000
0.001110000000000
0.001124000000000
0.001074000000000
0.001078000000000
0.001087000000000
0.001108000000000
0.001092000000000
0.001082000000000
0.001063000000000
0.001070000000000
0.001069000000000
0.001079000000000
0.001086000000000
0.001518000000000
0.001060000000000
0.001358000000000
0.001131000000000
0.034989000000000
0.001284000000000
0.001299000000000
0.001080000000000
0.001382000000000
0.001066000000000
0.001067000000000
0.001306000000000
0.001023000000000
0.001338000000000
0.001430000000000
0.001237000000000
0.001211000000000
0.001656000000000
0.001098000000000
0.001087000000000
0.001126000000000
0.001090000000000
0.001101000000000
0.001107000000000
0.001152000000000
0.001120000000000
0.001195000000000
0.001153000000000
0.001177000000000
0.001133000000000
0.001572000000000
0.001143000000000
0.001112000000000
0.001103000000000
0.001112000000000
0.002629000000000
0.001248000000000
0.002000000000000
0.001879000000000
0.001123000000000
0.001118000000000
0.055903000000000
0.001132000000000
0.001299000000000
0.001269000000000
0.001091000000000
0.001099000000000
0.001186000000000
0.001073000000000
0.001353000000000
0.001124000000000
0.001096000000000
0.058232000000000
0.001052000000000
0.001097000000000
0.001116000000000
0.001140000000000
0.001666000000000
0.001580000000000
0.001343000000000
0.001072000000000
0.001252000000000
0.001120000000000
0.001188000000000
0.001132000000000
0.001226000000000
0.001099000000000
0.001096000000000
0.001159000000000
0.001157000000000
0.001094000000000
0.001212000000000
0.001243000000000
0.001184000000000
0.001155000000000
0.001131000000000
0.001129000000000
0.001322000000000
0.001141000000000
0.001098000000000
0.001161000000000
0.001142000000000
0.001114000000000
0.001156000000000
0.001079000000000
0.001122000000000
0.001109000000000
0.001327000000000
0.001144000000000
0.001102000000000
0.001112000000000
0.001117000000000
0.001175000000000
0.001111000000000
0.002160000000000
0.001113000000000
0.001133000000000
0.001134000000000
0.001026000000000
0.001088000000000
0.001080000000000
0.001110000000000
0.001452000000000
0.001083000000000
0.001139000000000
0.001139000000000
0.001183000000000
0.001063000000000
0.001114000000000
0.001099000000000
0.001089000000000
0.001200000000000
0.001251000000000
0.001551000000000
0.001044000000000
0.001299000000000
0.001090000000000
0.001068000000000
0.001066000000000
0.001222000000000
0.001120000000000
0.001146000000000
0.001067000000000
0.001141000000000
0.001050000000000
0.054658000000000
0.001104000000000
0.001340000000000
0.001079000000000
0.001137000000000
0.001185000000000
0.001078000000000
0.001073000000000
0.001073000000000
0.001081000000000
0.001427000000000
0.025577000000000
0.001104000000000
0.001107000000000
0.001091000000000
0.001095000000000
0.001082000000000
0.001065000000000
0.001109000000000
0.001086000000000
0.001191000000000
0.001090000000000
0.001086000000000
0.020944000000000
0.001468000000000
0.001096000000000
0.001318000000000
0.001330000000000
0.001138000000000
0.001083000000000
0.001141000000000
0.001077000000000
0.001082000000000
0.001085000000000
0.001074000000000
0.001114000000000
0.001072000000000
0.001116000000000
0.001333000000000
0.001213000000000
0.001095000000000
0.001064000000000
0.001741000000000
0.001073000000000
0.001126000000000
0.001151000000000
0.001075000000000
0.001134000000000
0.001106000000000
0.001125000000000
0.001162000000000
0.001067000000000
0.001167000000000
0.001403000000000
0.001124000000000
0.001154000000000
0.001321000000000
0.001190000000000
0.001064000000000
0.001092000000000
0.001087000000000
0.001162000000000
0.001085000000000
0.001148000000000
0.001173000000000
0.001104000000000
0.001131000000000
0.001172000000000
0.001205000000000
0.001075000000000
0.001132000000000
0.001127000000000
0.001101000000000
0.001295000000000
0.001096000000000
0.001065000000000
0.001086000000000
0.001305000000000
0.001323000000000
0.001507000000000
0.001127000000000
0.001110000000000
0.001118000000000
0.001114000000000
0.001081000000000
0.001062000000000
0.001270000000000
0.001057000000000
0.001090000000000
0.001330000000000
0.001113000000000
0.001271000000000
0.001079000000000
0.001097000000000
0.001086000000000
0.001219000000000
0.001166000000000
0.001144000000000
0.001318000000000
0.001126000000000
0.001063000000000
0.001090000000000
0.001127000000000
0.001092000000000
0.001105000000000
0.001095000000000
0.001652000000000
0.001052000000000
0.001155000000000
0.001090000000000
0.025024000000000
0.001144000000000
0.001069000000000
0.001089000000000
0.001082000000000
0.001086000000000
0.001132000000000
0.001332000000000
0.001450000000000
0.031285000000000
0.001069000000000
0.001103000000000
0.001158000000000
0.001231000000000
0.001121000000000
0.001085000000000
0.038244000000000
0.001083000000000
0.001097000000000
0.001112000000000
0.001100000000000
0.018293000000000
0.001266000000000
0.001156000000000
0.001104000000000
0.001097000000000
0.001131000000000
0.001131000000000
0.001371000000000
0.001146000000000
0.031262000000000
0.001243000000000
0.001437000000000
0.001070000000000
0.001079000000000
0.032366000000000
0.001205000000000
0.001074000000000
0.001435000000000
0.001119000000000
0.001155000000000
0.001093000000000
0.001377000000000
0.001104000000000
0.001163000000000
0.001184000000000
0.001140000000000
0.001161000000000
0.001140000000000
0.001182000000000
0.002494000000000
0.001107000000000
0.001128000000000
0.024198000000000
0.002300000000000
0.001091000000000
0.001225000000000
0.001128000000000
0.001100000000000
0.001096000000000
0.001148000000000
0.001165000000000
0.001206000000000
0.036986000000000
0.001093000000000
0.032554000000000
0.001113000000000
0.001683000000000
0.001150000000000
0.001101000000000
0.045344000000000
0.001117000000000
0.001132000000000
0.001104000000000
0.001106000000000
0.002297000000000
0.016920000000000
0.001117000000000
0.001161000000000
0.002279000000000
0.001102000000000
0.001151000000000
0.036949000000000
0.001254000000000
0.001072000000000
0.002071000000000
0.001118000000000
0.001132000000000
0.001116000000000
0.001092000000000
0.001231000000000
0.001467000000000
0.001123000000000
0.076086000000000
0.001108000000000
0.001315000000000
0.001191000000000
0.001630000000000
0.001107000000000
0.027967000000000
0.001378000000000
0.001116000000000
0.001209000000000
0.001615000000000
0.001120000000000
0.001118000000000
0.001217000000000
0.001101000000000
0.028832000000000
0.001502000000000
0.001085000000000
0.001277000000000
0.001168000000000
0.001165000000000
0.002179000000000
0.001083000000000
0.001098000000000
0.031561000000000
0.001094000000000
0.001105000000000
0.001232000000000
0.001097000000000
0.033758000000000
0.001098000000000
0.001113000000000
0.001089000000000
0.001148000000000
0.001172000000000
0.001130000000000
0.001102000000000
0.001116000000000
0.001141000000000
0.001460000000000
0.001115000000000
0.001216000000000
0.001126000000000
0.001432000000000
0.001116000000000
0.001098000000000
0.001474000000000
0.001250000000000
0.025007000000000
0.001167000000000
0.001246000000000
0.001110000000000
0.001194000000000
0.001736000000000
0.001108000000000
0.001239000000000
0.001153000000000
0.001120000000000
0.001100000000000
0.001322000000000
0.001404000000000
0.036175000000000
0.001151000000000
0.001086000000000
0.001143000000000
0.001167000000000
0.001216000000000
0.025010000000000
0.001197000000000
0.001115000000000
0.001112000000000
0.001089000000000
0.001247000000000
0.001122000000000
0.011963000000000
0.001083000000000
0.001101000000000
0.001084000000000
0.001600000000000
0.017407000000000
0.001551000000000
0.001092000000000
0.001444000000000
0.001122000000000
0.001208000000000
0.036313000000000
0.001087000000000
0.001104000000000
0.001294000000000
0.001098000000000
0.001093000000000
0.001109000000000
0.001096000000000
0.001101000000000
0.034177000000000
0.001258000000000
0.001118000000000
0.001119000000000
0.001134000000000
0.001144000000000
0.033585000000000
0.001205000000000
0.001174000000000
0.001091000000000
0.001125000000000
0.001107000000000
0.020227000000000
0.001160000000000
0.001570000000000
0.001169000000000
0.001120000000000
0.001118000000000
0.001149000000000
0.001323000000000
0.001143000000000
0.001175000000000
0.001242000000000
0.047527000000000
0.001157000000000
0.001118000000000
0.001155000000000
0.001110000000000
0.001100000000000
0.001121000000000
0.001193000000000
0.001196000000000
0.002246000000000
0.001180000000000
0.001119000000000
0.001511000000000
0.001263000000000
0.001130000000000
0.001123000000000
0.001222000000000
0.001283000000000
0.023826000000000
0.001143000000000
0.001135000000000
0.001574000000000
0.001127000000000
0.001126000000000
0.001245000000000
0.001163000000000
0.001328000000000
0.001121000000000
0.001158000000000
0.001133000000000
0.001379000000000
0.001264000000000
0.001482000000000
0.001150000000000
0.001166000000000
0.001257000000000
0.001751000000000
0.001091000000000
0.001101000000000
0.001276000000000
0.001084000000000
0.001189000000000
0.001379000000000
0.001150000000000
0.001169000000000
0.001117000000000
0.001365000000000
0.001143000000000
0.001190000000000
0.001261000000000
0.001369000000000
0.001129000000000
0.047788000000000
0.001084000000000
0.001083000000000
0.001152000000000
0.001092000000000
0.035712000000000
0.001139000000000
0.001103000000000
0.001092000000000
0.001168000000000
0.001067000000000
0.001140000000000
0.001096000000000
0.001108000000000
0.001145000000000
0.001130000000000
0.001124000000000
0.001158000000000
0.001553000000000
0.001135000000000
0.001445000000000
0.001103000000000
0.001148000000000
0.001536000000000
0.001106000000000
0.001150000000000
0.001107000000000
0.001171000000000
0.001096000000000
0.001378000000000
0.001124000000000
0.001105000000000
0.001088000000000
0.001138000000000
0.001147000000000
0.001286000000000
0.001278000000000
0.015918000000000
0.001105000000000
0.001276000000000
0.001167000000000
0.001152000000000
0.001173000000000
0.001147000000000
0.001537000000000
0.001185000000000
0.001529000000000
0.001093000000000
0.001394000000000
0.001100000000000
0.001174000000000
0.001134000000000
0.001165000000000
0.001094000000000
0.001120000000000
0.001342000000000
0.001113000000000
0.001260000000000
0.001144000000000
0.001214000000000
0.001089000000000
0.001457000000000
0.001161000000000
0.001337000000000
0.001138000000000
0.031904000000000
0.001149000000000
0.001753000000000
0.001640000000000
0.001097000000000
0.001137000000000
0.001325000000000
0.001090000000000
0.001289000000000
0.001079000000000
0.001213000000000
0.001327000000000
0.001114000000000
0.001293000000000
0.001107000000000
0.001227000000000
0.001073000000000
0.001200000000000
0.001097000000000
0.001106000000000
0.001103000000000
0.001253000000000
0.001306000000000
0.001120000000000
0.001161000000000
0.001278000000000
0.001321000000000
0.001121000000000
0.001168000000000
0.001184000000000
0.001161000000000
0.001108000000000
0.001122000000000
0.001191000000000
0.001095000000000
0.001223000000000
0.001232000000000
0.001126000000000
0.001093000000000
0.001108000000000
0.001097000000000
0.001085000000000
0.001108000000000
0.001284000000000
0.001096000000000
0.001119000000000
0.001160000000000
0.001153000000000
0.001081000000000
0.001125000000000
0.001162000000000
0.001090000000000
0.001135000000000
0.001147000000000
0.001205000000000
0.001089000000000
0.001137000000000
0.001099000000000
0.001096000000000
0.001088000000000
0.001150000000000
0.001157000000000
0.001122000000000
0.001174000000000
0.001099000000000
0.001087000000000
0.001172000000000
0.001157000000000
0.001208000000000
0.001085000000000
0.001100000000000
0.001680000000000
0.001307000000000
0.001332000000000
0.001138000000000
0.016474000000000
0.001111000000000
0.001132000000000
0.001106000000000
0.001111000000000
0.001322000000000
0.001159000000000
0.001110000000000
0.001100000000000
0.020956000000000
0.001165000000000
0.001161000000000
0.001169000000000
0.001191000000000
0.001103000000000
0.001113000000000
0.027743000000000
0.001590000000000
0.001136000000000
0.001241000000000
0.002322000000000
0.001105000000000
0.029478000000000
0.001126000000000
0.001159000000000
0.001124000000000
0.001237000000000
0.033615000000000
0.001171000000000
0.001171000000000
0.001185000000000
0.001111000000000
0.001513000000000
0.001172000000000
0.001115000000000
0.021256000000000
0.001108000000000
0.001112000000000
0.001093000000000
0.001167000000000
0.001155000000000
0.001670000000000
0.001081000000000
0.001191000000000
0.001148000000000
0.001169000000000
0.001158000000000
0.001207000000000
0.001300000000000
0.031578000000000
0.001104000000000
0.037631000000000
0.001113000000000
0.001427000000000
0.016002000000000
0.001129000000000
0.001707000000000
0.001125000000000
0.001566000000000
0.001101000000000
0.001101000000000
0.012587000000000
0.001118000000000
0.001200000000000
0.001174000000000
0.001121000000000
0.001076000000000
0.001079000000000
0.024623000000000
0.001252000000000
0.001225000000000
0.001103000000000
0.001128000000000
0.001105000000000
0.001070000000000
0.001076000000000
0.001108000000000
0.001119000000000
0.001084000000000
0.001185000000000
0.001114000000000
0.001110000000000
0.001092000000000
0.001134000000000
0.001152000000000
0.001666000000000
0.001238000000000
0.001331000000000
0.019816000000000
0.001143000000000
0.001172000000000
0.001089000000000
0.075288000000000
0.001337000000000
0.001656000000000
0.034461000000000
0.001133000000000
0.032731000000000
0.351266000000000
0.001113000000000
0.001109000000000
0.001322000000000
0.001193000000000
0.001194000000000
0.001223000000000
0.001249000000000
0.001110000000000
0.001169000000000
0.001115000000000
0.001196000000000
0.001223000000000
0.001148000000000
0.001199000000000
0.042131000000000
0.001112000000000
0.001100000000000
0.001131000000000
0.001206000000000
0.001179000000000
0.001138000000000
0.050463000000000
0.001131000000000
0.001211000000000
0.001126000000000
0.001306000000000
0.001204000000000
0.001122000000000
0.001143000000000
0.001145000000000
0.001140000000000
0.001080000000000
0.001098000000000
0.001089000000000
0.001097000000000
0.001126000000000
0.001600000000000
0.001143000000000
0.001131000000000
0.001139000000000
0.001097000000000
0.001158000000000
0.001297000000000
0.001118000000000
0.001105000000000
0.001128000000000
0.001592000000000
0.001080000000000
0.001115000000000
0.001089000000000
0.001544000000000
0.001100000000000
0.001087000000000
0.001573000000000
0.001354000000000
0.001157000000000
0.001114000000000
0.001762000000000
0.001403000000000
0.001259000000000
0.001099000000000
0.001111000000000
0.001234000000000
0.001137000000000
0.001211000000000
0.001312000000000
0.001175000000000
0.001117000000000
0.001157000000000
0.001179000000000
0.001269000000000
0.001143000000000
0.001326000000000
0.001127000000000
0.001074000000000
0.023251000000000
0.001092000000000
0.001292000000000
0.001558000000000
0.001241000000000
0.001562000000000
0.072186000000000
0.001204000000000
0.001353000000000
0.001148000000000
0.001336000000000
0.001192000000000
0.001236000000000
0.001142000000000
0.001100000000000
0.001084000000000
0.001128000000000
0.001141000000000
0.001125000000000
0.001140000000000
0.001091000000000
0.001602000000000
0.001420000000000
0.001156000000000
0.001140000000000
0.001179000000000
0.001131000000000
0.001168000000000
0.001117000000000
0.001105000000000
0.001105000000000
0.001151000000000
0.001108000000000
0.001089000000000
0.001160000000000
0.001282000000000
0.001198000000000
0.001232000000000
0.001102000000000
0.001094000000000
0.001278000000000
0.045989000000000
0.001136000000000
0.001130000000000
0.002598000000000
0.001119000000000
0.001142000000000
0.001361000000000
0.031039000000000
0.001151000000000
0.001798000000000
0.001822000000000
0.001341000000000
0.001131000000000
0.001426000000000
0.001675000000000
0.001233000000000
0.001245000000000
0.001121000000000
0.001220000000000
0.001484000000000
0.001096000000000
0.001115000000000
0.001180000000000
0.001236000000000
0.001284000000000
0.001220000000000
0.001141000000000
0.001136000000000
0.001114000000000
0.001247000000000
0.001265000000000
0.001744000000000
0.001599000000000
0.001185000000000
0.001189000000000
0.001208000000000
0.001132000000000
0.001272000000000
0.001133000000000
0.001153000000000
0.001214000000000
0.012472000000000
0.001206000000000
0.001407000000000
0.001143000000000
0.001251000000000
0.002240000000000
0.001364000000000
0.001178000000000
0.001133000000000
0.001113000000000
0.001107000000000
0.001102000000000
0.001113000000000
0.001119000000000
0.001126000000000
0.001208000000000
0.001501000000000
0.001117000000000
0.001138000000000
0.001121000000000
0.001311000000000
0.001552000000000
0.001118000000000
0.002025000000000
0.002274000000000
0.001279000000000
0.001514000000000
0.001138000000000
0.001166000000000
0.029618000000000
0.001228000000000
0.001696000000000
0.001162000000000
0.001175000000000
0.001135000000000
0.029582000000000
0.001193000000000
0.001261000000000
0.001119000000000
0.019607000000000
0.002451000000000
0.001188000000000
0.001152000000000
0.001228000000000
0.001167000000000
0.015474000000000
0.001168000000000
0.001143000000000
0.001138000000000
0.137999000000000
0.001150000000000
