0.001142000000000
0.000863000000000
0.000860000000000
0.000847000000000
0.000854000000000
0.000745000000000
0.001205000000000
0.000848000000000
0.000870000000000
0.000830000000000
0.000938000000000
0.000780000000000
0.000830000000000
0.000839000000000
0.000866000000000
0.002234000000000
0.000851000000000
0.000864000000000
0.001097000000000
0.001218000000000
0.001124000000000
0.000815000000000
0.000837000000000
0.000757000000000
0.000795000000000
0.000809000000000
0.000841000000000
0.000801000000000
0.000822000000000
0.001013000000000
0.000874000000000
0.000824000000000
0.000966000000000
0.000881000000000
0.001090000000000
0.000807000000000
0.000984000000000
0.000769000000000
0.000847000000000
0.001111000000000
0.001242000000000
0.001579000000000
0.000832000000000
0.001104000000000
0.001092000000000
0.000786000000000
0.000797000000000
0.001956000000000
0.002009000000000
0.000893000000000
0.000830000000000
0.000866000000000
0.000872000000000
0.000863000000000
0.000857000000000
0.001110000000000
0.001096000000000
0.000919000000000
0.000798000000000
0.000796000000000
0.001633000000000
0.000803000000000
0.000998000000000
0.000997000000000
0.002228000000000
0.000857000000000
0.001270000000000
0.000852000000000
0.000804000000000
0.000846000000000
0.000951000000000
0.000763000000000
0.001168000000000
0.002143000000000
0.000848000000000
0.001012000000000
0.000851000000000
0.000763000000000
0.000749000000000
0.001209000000000
0.001148000000000
0.000808000000000
0.000828000000000
0.000843000000000
0.000791000000000
0.000859000000000
0.000788000000000
0.000844000000000
0.000798000000000
0.000845000000000
0.000853000000000
0.000847000000000
0.000870000000000
0.002147000000000
0.001445000000000
0.001096000000000
0.000867000000000
0.000866000000000
0.000947000000000
0.002004000000000
0.000879000000000
0.001073000000000
0.002029000000000
0.000852000000000
0.001683000000000
0.000828000000000
0.000969000000000
0.000848000000000
0.000807000000000
0.000794000000000
0.000803000000000
0.000860000000000
0.002020000000000
0.000974000000000
0.001026000000000
0.000815000000000
0.000832000000000
0.000831000000000
0.000904000000000
0.000858000000000
0.000962000000000
0.000797000000000
0.000894000000000
0.000773000000000
0.000853000000000
0.000861000000000
0.000798000000000
0.000946000000000
0.001079000000000
0.001158000000000
0.000854000000000
0.000878000000000
0.000769000000000
0.000844000000000
0.002073000000000
0.000790000000000
0.000862000000000
0.000880000000000
0.000926000000000
0.000881000000000
0.000924000000000
0.001785000000000
0.001070000000000
0.000867000000000
0.000861000000000
0.001166000000000
0.000791000000000
0.000824000000000
0.000816000000000
0.001126000000000
0.000850000000000
0.000768000000000
0.001587000000000
0.000841000000000
0.000794000000000
0.000843000000000
0.000810000000000
0.000801000000000
0.001127000000000
0.000883000000000
0.000847000000000
0.000793000000000
0.000840000000000
0.000859000000000
0.001016000000000
0.001308000000000
0.000829000000000
0.002536000000000
0.000886000000000
0.000933000000000
0.001164000000000
0.000975000000000
0.000862000000000
0.001847000000000
0.000794000000000
0.000852000000000
0.002242000000000
0.000899000000000
0.001713000000000
0.000859000000000
0.000814000000000
0.001197000000000
0.001066000000000
0.000943000000000
0.000872000000000
0.002886000000000
0.000805000000000
0.000831000000000
0.000854000000000
0.000875000000000
0.000822000000000
0.000882000000000
0.001048000000000
0.000815000000000
0.001065000000000
0.001000000000000
0.000847000000000
0.000839000000000
0.000859000000000
0.000852000000000
0.001151000000000
0.000808000000000
0.000936000000000
0.000850000000000
0.001019000000000
0.000831000000000
0.000918000000000
0.001123000000000
0.000816000000000
0.000919000000000
0.001087000000000
0.000853000000000
0.000770000000000
0.000805000000000
0.001498000000000
0.000876000000000
0.001074000000000
0.000881000000000
0.001264000000000
0.000873000000000
0.000877000000000
0.000858000000000
0.000818000000000
0.002091000000000
0.000838000000000
0.000840000000000
0.000873000000000
0.000864000000000
0.000989000000000
0.000859000000000
0.000860000000000
0.000854000000000
0.000810000000000
0.000948000000000
0.001197000000000
0.000864000000000
0.000870000000000
0.000860000000000
0.000916000000000
0.000968000000000
0.000772000000000
0.000783000000000
0.000860000000000
0.000808000000000
0.001089000000000
0.001152000000000
0.000808000000000
0.001011000000000
0.000974000000000
0.000911000000000
0.000861000000000
0.000849000000000
0.000800000000000
0.002063000000000
0.000881000000000
0.000838000000000
0.000914000000000
0.000801000000000
0.000848000000000
0.000880000000000
0.000862000000000
0.001677000000000
0.000901000000000
0.000879000000000
0.000795000000000
0.000832000000000
0.000842000000000
0.000924000000000
0.001232000000000
0.000833000000000
0.001058000000000
0.000855000000000
0.000797000000000
0.000799000000000
0.001194000000000
0.000983000000000
0.000863000000000
0.000835000000000
0.000863000000000
0.001106000000000
0.000843000000000
0.001968000000000
0.000994000000000
0.001031000000000
0.000827000000000
0.000803000000000
0.000801000000000
0.000832000000000
0.000875000000000
0.000999000000000
0.001599000000000
0.000969000000000
0.000866000000000
0.000852000000000
0.000972000000000
0.000851000000000
0.000852000000000
0.000809000000000
0.000837000000000
0.000790000000000
0.000916000000000
0.000863000000000
0.000991000000000
0.000979000000000
0.000864000000000
0.001226000000000
0.000792000000000
0.001043000000000
0.000860000000000
0.000814000000000
0.000866000000000
0.000800000000000
0.000977000000000
0.000851000000000
0.000862000000000
0.001798000000000
0.000874000000000
0.000804000000000
0.001007000000000
0.000884000000000
0.002080000000000
0.000861000000000
0.000847000000000
0.000906000000000
0.000884000000000
0.000912000000000
0.000932000000000
0.000845000000000
0.001508000000000
0.001127000000000
0.000866000000000
0.000860000000000
0.000813000000000
0.000855000000000
0.000874000000000
0.000885000000000
0.001383000000000
0.001223000000000
0.001001000000000
0.001074000000000
0.000852000000000
0.000865000000000
0.000902000000000
0.000859000000000
0.000853000000000
0.001222000000000
0.001655000000000
0.000845000000000
0.000892000000000
0.000857000000000
0.000847000000000
0.002220000000000
0.001020000000000
0.000846000000000
0.000858000000000
0.000877000000000
0.001957000000000
0.000865000000000
0.001504000000000
0.000896000000000
0.000865000000000
0.000849000000000
0.000891000000000
0.000939000000000
0.001169000000000
0.001146000000000
0.000866000000000
0.000857000000000
0.000887000000000
0.000911000000000
0.000856000000000
0.000842000000000
0.000857000000000
0.000858000000000
0.001764000000000
0.000807000000000
0.000836000000000
0.000854000000000
0.000875000000000
0.001040000000000
0.002250000000000
0.000966000000000
0.001026000000000
0.000854000000000
0.000878000000000
0.000888000000000
0.000767000000000
0.000877000000000
0.000845000000000
0.000885000000000
0.000873000000000
0.002242000000000
0.000800000000000
0.000845000000000
0.002270000000000
0.001128000000000
0.000870000000000
0.000761000000000
0.000810000000000
0.001768000000000
0.001020000000000
0.000832000000000
0.000906000000000
0.000847000000000
0.000862000000000
0.000840000000000
0.000811000000000
0.002267000000000
0.000875000000000
0.000774000000000
0.000819000000000
0.000894000000000
0.000859000000000
0.001821000000000
0.000836000000000
0.000881000000000
0.001257000000000
0.000903000000000
0.000964000000000
0.000806000000000
0.001147000000000
0.001239000000000
0.000786000000000
0.001244000000000
0.000826000000000
0.000770000000000
0.000849000000000
0.000878000000000
0.002242000000000
0.002111000000000
0.001119000000000
0.000765000000000
0.000865000000000
0.001031000000000
0.000856000000000
0.000848000000000
0.000904000000000
0.000839000000000
0.000829000000000
0.000849000000000
0.000904000000000
0.000861000000000
0.000859000000000
0.000792000000000
0.000946000000000
0.001390000000000
0.000851000000000
0.002268000000000
0.001160000000000
0.000877000000000
0.000856000000000
0.001436000000000
0.001048000000000
0.000853000000000
0.000882000000000
0.000859000000000
0.001243000000000
0.001457000000000
0.000891000000000
0.000918000000000
0.000866000000000
0.000995000000000
0.001372000000000
0.001595000000000
0.002117000000000
0.000827000000000
0.000823000000000
0.001282000000000
0.000838000000000
0.001928000000000
0.000857000000000
0.001186000000000
0.000860000000000
0.000848000000000
0.000857000000000
0.000868000000000
0.000861000000000
0.002202000000000
0.000801000000000
0.000843000000000
0.000897000000000
0.000883000000000
0.000901000000000
0.000859000000000
0.000769000000000
0.000860000000000
0.000844000000000
0.000873000000000
0.000860000000000
0.000844000000000
0.001295000000000
0.000871000000000
0.001179000000000
0.000873000000000
0.000868000000000
0.001605000000000
0.000840000000000
0.000774000000000
0.000787000000000
0.000917000000000
0.000930000000000
0.000860000000000
0.000801000000000
0.000809000000000
0.001278000000000
0.000842000000000
0.000855000000000
0.000985000000000
0.000805000000000
0.001185000000000
0.000799000000000
0.000867000000000
0.000982000000000
0.001005000000000
0.000980000000000
0.000858000000000
0.000859000000000
0.001042000000000
0.000852000000000
0.000839000000000
0.000849000000000
0.001250000000000
0.000854000000000
0.001014000000000
0.000865000000000
0.001881000000000
0.000894000000000
0.000862000000000
0.000816000000000
0.001188000000000
0.000839000000000
0.000845000000000
0.000911000000000
0.000781000000000
0.002359000000000
0.002421000000000
0.000894000000000
0.000821000000000
0.000851000000000
0.001279000000000
0.001283000000000
0.000853000000000
0.000854000000000
0.000848000000000
0.001042000000000
0.000858000000000
0.002090000000000
0.000805000000000
0.000858000000000
0.001377000000000
0.000849000000000
0.000853000000000
0.000854000000000
0.000857000000000
0.001047000000000
0.000858000000000
0.000863000000000
0.001129000000000
0.001200000000000
0.000987000000000
0.000852000000000
0.001322000000000
0.000809000000000
0.002480000000000
0.000885000000000
0.000988000000000
0.000864000000000
0.000870000000000
0.001015000000000
0.000940000000000
0.001178000000000
0.000866000000000
0.000860000000000
0.000871000000000
0.000962000000000
0.000851000000000
0.000809000000000
0.001504000000000
0.001153000000000
0.000843000000000
0.001188000000000
0.000978000000000
0.000932000000000
0.000860000000000
0.001360000000000
0.000895000000000
0.001657000000000
0.000857000000000
0.001564000000000
0.000858000000000
0.000860000000000
0.000835000000000
0.000851000000000
0.001942000000000
0.001358000000000
0.001181000000000
0.000821000000000
0.000866000000000
0.000866000000000
0.000849000000000
0.000853000000000
0.000878000000000
0.001316000000000
0.001195000000000
0.001146000000000
0.000857000000000
0.000774000000000
0.000853000000000
0.002234000000000
0.000854000000000
0.000806000000000
0.000889000000000
0.000851000000000
0.001026000000000
0.000903000000000
0.001168000000000
0.001058000000000
0.000809000000000
0.000865000000000
0.000808000000000
0.000761000000000
0.000823000000000
0.000809000000000
0.001088000000000
0.000832000000000
0.000815000000000
0.000809000000000
0.000811000000000
0.000853000000000
0.000815000000000
0.000869000000000
0.000955000000000
0.000859000000000
0.000855000000000
0.001606000000000
0.000846000000000
0.000860000000000
0.000876000000000
0.000844000000000
0.000833000000000
0.000815000000000
0.000932000000000
0.000842000000000
0.000809000000000
0.000868000000000
0.000853000000000
0.000868000000000
0.001397000000000
0.000849000000000
0.000819000000000
0.000881000000000
0.002193000000000
0.001029000000000
0.000870000000000
0.001191000000000
0.000803000000000
0.002260000000000
0.001236000000000
0.000852000000000
0.001533000000000
0.000996000000000
0.000850000000000
0.000840000000000
0.000836000000000
0.001563000000000
0.000877000000000
0.000852000000000
0.000897000000000
0.000982000000000
0.000854000000000
0.000853000000000
0.000799000000000
0.001441000000000
0.002135000000000
0.001186000000000
0.000867000000000
0.000784000000000
0.000801000000000
0.000911000000000
0.000802000000000
0.000771000000000
0.000974000000000
0.000850000000000
0.000995000000000
0.000869000000000
0.000863000000000
0.000862000000000
0.001059000000000
0.000840000000000
0.000835000000000
0.000838000000000
0.000808000000000
0.001178000000000
0.000993000000000
0.000860000000000
0.001422000000000
0.000760000000000
0.001081000000000
0.000940000000000
0.001169000000000
0.000862000000000
0.001183000000000
0.000879000000000
0.000855000000000
0.000841000000000
0.002226000000000
0.000865000000000
0.000865000000000
0.000833000000000
0.000760000000000
0.000798000000000
0.001281000000000
0.001897000000000
0.000975000000000
0.000825000000000
0.001112000000000
0.001127000000000
0.000869000000000
0.000842000000000
0.000829000000000
0.001177000000000
0.000872000000000
0.000855000000000
0.000764000000000
0.000831000000000
0.000808000000000
0.000828000000000
0.000825000000000
0.000817000000000
0.001015000000000
0.000807000000000
0.000809000000000
0.000875000000000
0.000848000000000
0.000990000000000
0.000959000000000
0.001485000000000
0.000842000000000
0.000865000000000
0.000871000000000
0.000855000000000
0.000854000000000
0.000867000000000
0.000855000000000
0.000843000000000
0.002189000000000
0.000872000000000
0.001000000000000
0.000857000000000
0.000884000000000
0.000845000000000
0.000949000000000
0.000850000000000
0.000789000000000
0.000811000000000
0.000983000000000
0.000909000000000
0.000866000000000
0.000856000000000
0.000854000000000
0.000837000000000
0.000870000000000
0.000873000000000
0.000814000000000
0.000857000000000
0.001119000000000
0.001153000000000
0.000802000000000
0.000880000000000
0.000847000000000
0.000876000000000
0.000831000000000
0.001167000000000
0.000807000000000
0.001153000000000
0.000950000000000
0.002228000000000
0.002103000000000
0.000966000000000
0.000874000000000
0.000845000000000
0.000973000000000
0.000916000000000
0.000779000000000
0.000994000000000
0.000880000000000
0.000861000000000
0.001337000000000
0.000885000000000
0.000839000000000
0.000795000000000
0.000867000000000
0.000896000000000
0.001238000000000
0.001017000000000
0.000843000000000
0.001191000000000
0.000977000000000
0.000950000000000
0.000878000000000
0.000817000000000
0.002150000000000
0.001142000000000
0.001303000000000
0.000896000000000
0.000878000000000
0.000844000000000
0.000978000000000
0.000852000000000
0.000871000000000
0.000912000000000
0.001409000000000
0.001711000000000
0.001149000000000
0.000872000000000
0.002224000000000
0.000809000000000
0.000844000000000
0.001472000000000
0.001493000000000
0.000800000000000
0.000824000000000
0.000982000000000
0.000869000000000
0.002264000000000
0.000815000000000
0.001433000000000
0.002240000000000
0.001156000000000
0.000801000000000
0.001400000000000
0.000864000000000
0.000851000000000
0.000823000000000
0.000839000000000
0.000766000000000
0.001154000000000
0.000868000000000
0.001517000000000
0.000912000000000
0.000906000000000
0.000995000000000
0.000830000000000
0.000827000000000
0.000822000000000
0.001789000000000
0.000885000000000
0.000914000000000
0.002060000000000
0.000808000000000
0.000871000000000
0.000849000000000
0.000867000000000
0.001260000000000
0.000862000000000
0.001055000000000
0.002281000000000
0.000836000000000
0.001670000000000
0.001467000000000
0.000839000000000
0.001128000000000
0.000837000000000
0.000866000000000
0.000821000000000
0.001128000000000
0.000889000000000
0.000991000000000
0.001148000000000
0.000942000000000
0.000867000000000
0.000764000000000
0.000804000000000
0.000984000000000
0.000867000000000
0.001671000000000
0.000966000000000
0.000873000000000
0.000869000000000
0.000854000000000
0.001217000000000
0.000844000000000
0.000847000000000
0.000898000000000
0.000859000000000
0.000873000000000
0.000856000000000
0.002427000000000
0.002386000000000
0.001094000000000
0.000895000000000
0.000850000000000
0.001067000000000
0.001044000000000
0.000869000000000
0.000850000000000
0.001047000000000
0.001128000000000
0.000857000000000
0.000809000000000
0.000848000000000
0.000908000000000
0.001604000000000
0.000813000000000
0.000837000000000
0.002020000000000
0.001200000000000
0.001951000000000
0.000934000000000
0.001156000000000
0.000871000000000
0.000796000000000
0.000961000000000
0.001247000000000
0.001101000000000
0.000915000000000
0.002242000000000
0.000806000000000
0.001078000000000
0.000821000000000
0.000853000000000
0.000857000000000
0.001335000000000
0.000939000000000
0.001620000000000
0.001283000000000
0.000836000000000
0.000989000000000
0.000830000000000
0.000805000000000
0.000757000000000
0.000822000000000
0.002244000000000
0.000870000000000
0.000860000000000
0.001835000000000
0.001486000000000
0.000870000000000
0.000909000000000
0.000865000000000
0.000948000000000
0.000865000000000
0.000857000000000
0.001225000000000
0.000885000000000
0.001096000000000
0.000964000000000
0.000876000000000
0.001634000000000
0.000780000000000
0.000978000000000
0.000915000000000
0.000863000000000
0.000853000000000
0.000793000000000
0.001371000000000
0.000843000000000
0.000858000000000
0.000766000000000
0.000848000000000
0.000881000000000
0.000873000000000
0.000829000000000
0.000865000000000
0.000799000000000
0.001420000000000
0.000912000000000
0.001037000000000
0.000859000000000
0.000997000000000
0.000864000000000
0.000853000000000
0.001780000000000
0.000977000000000
0.001200000000000
0.000890000000000
0.000838000000000
0.000842000000000
0.000824000000000
0.001040000000000
0.000878000000000
0.001177000000000
0.001859000000000
0.000873000000000
0.000879000000000
0.001255000000000
0.000872000000000
0.000811000000000
0.000833000000000
0.000804000000000
0.000866000000000
0.000984000000000
0.000900000000000
0.001996000000000
0.001080000000000
0.001029000000000
0.000830000000000
0.000871000000000
0.002203000000000
