0.001468000000000
0.001162000000000
0.001170000000000
0.001192000000000
0.001179000000000
0.001168000000000
0.001277000000000
0.001156000000000
0.001159000000000
0.001141000000000
0.001074000000000
0.001111000000000
0.001140000000000
0.001240000000000
0.001131000000000
0.001170000000000
0.001181000000000
0.001069000000000
0.001160000000000
0.001135000000000
0.001114000000000
0.001180000000000
0.001134000000000
0.001160000000000
0.001149000000000
0.001145000000000
0.001144000000000
0.001112000000000
0.001102000000000
0.001682000000000
0.001076000000000
0.001185000000000
0.001570000000000
0.001145000000000
0.001081000000000
0.001141000000000
0.001153000000000
0.001101000000000
0.001585000000000
0.001147000000000
0.001143000000000
0.001135000000000
0.001134000000000
0.001167000000000
0.001104000000000
0.001089000000000
0.001175000000000
0.001376000000000
0.001178000000000
0.001117000000000
0.001235000000000
0.001087000000000
0.001141000000000
0.001094000000000
0.001082000000000
0.001121000000000
0.001103000000000
0.001117000000000
0.001079000000000
0.001172000000000
0.001141000000000
0.001123000000000
0.001102000000000
0.001140000000000
0.001110000000000
0.001167000000000
0.001129000000000
0.001184000000000
0.001121000000000
0.001092000000000
0.001156000000000
0.001139000000000
0.001193000000000
0.001157000000000
0.001087000000000
0.001179000000000
0.001091000000000
0.001114000000000
0.001119000000000
0.001071000000000
0.001127000000000
0.001197000000000
0.001102000000000
0.001094000000000
0.001103000000000
0.001180000000000
0.001170000000000
0.001117000000000
0.001081000000000
0.001077000000000
0.001085000000000
0.001048000000000
0.001096000000000
0.001181000000000
0.001084000000000
0.001078000000000
0.001151000000000
0.001110000000000
0.001123000000000
