0.001114000000000
0.001121000000000
0.001627000000000
0.001638000000000
0.001053000000000
0.002350000000000
0.002294000000000
0.001549000000000
0.001052000000000
0.001052000000000
0.001488000000000
0.001066000000000
0.001566000000000
0.001076000000000
0.001048000000000
0.001040000000000
0.001421000000000
0.001724000000000
0.001060000000000
0.001059000000000
0.001142000000000
0.001581000000000
0.001482000000000
0.001530000000000
0.002671000000000
0.001056000000000
0.001111000000000
0.001031000000000
0.002705000000000
0.001179000000000
0.001116000000000
0.001053000000000
0.001448000000000
0.001049000000000
0.001474000000000
0.001046000000000
0.001056000000000
0.001478000000000
0.001525000000000
0.001044000000000
0.001047000000000
0.001017000000000
0.002206000000000
0.001453000000000
0.001001000000000
0.001070000000000
0.002113000000000
0.001043000000000
0.001042000000000
0.001055000000000
0.001444000000000
0.001056000000000
0.001546000000000
0.001568000000000
0.001061000000000
0.001038000000000
0.001041000000000
0.001492000000000
0.001052000000000
0.001072000000000
0.001045000000000
0.001053000000000
0.001066000000000
0.001041000000000
0.001105000000000
0.001076000000000
0.001493000000000
0.001065000000000
0.001090000000000
0.001061000000000
0.001029000000000
0.001054000000000
0.001041000000000
0.001192000000000
0.001172000000000
0.001044000000000
0.002210000000000
0.001442000000000
0.001150000000000
0.001057000000000
0.001050000000000
0.001500000000000
0.001047000000000
0.001435000000000
0.001423000000000
0.001051000000000
0.001058000000000
0.001049000000000
0.001505000000000
0.001058000000000
0.001050000000000
0.001097000000000
0.001181000000000
0.001045000000000
0.001042000000000
0.001047000000000
0.001050000000000
0.001075000000000
0.001523000000000
0.001069000000000
0.001036000000000
0.001557000000000
0.001171000000000
0.001051000000000
0.001063000000000
0.001052000000000
0.001487000000000
0.002015000000000
0.001233000000000
0.001078000000000
0.001028000000000
0.001422000000000
0.001527000000000
0.001543000000000
0.001044000000000
0.001510000000000
0.001055000000000
0.001514000000000
0.001076000000000
0.001040000000000
0.002279000000000
0.001258000000000
0.001577000000000
0.001069000000000
0.001062000000000
0.001024000000000
0.001071000000000
0.001070000000000
0.001053000000000
0.001065000000000
0.001227000000000
0.001074000000000
0.001152000000000
0.001039000000000
0.001062000000000
0.001063000000000
0.001104000000000
0.001436000000000
0.001123000000000
0.001883000000000
0.001031000000000
0.001064000000000
0.001054000000000
0.001071000000000
0.001172000000000
0.001055000000000
0.001043000000000
0.001051000000000
0.001470000000000
0.002121000000000
0.001038000000000
0.001077000000000
0.001029000000000
0.001061000000000
0.001063000000000
0.001953000000000
0.001072000000000
0.001044000000000
0.001046000000000
0.001181000000000
0.001037000000000
0.001064000000000
0.001070000000000
0.001044000000000
0.001061000000000
0.001063000000000
0.001060000000000
0.001971000000000
0.001062000000000
0.001445000000000
0.001075000000000
0.001055000000000
0.001073000000000
0.001138000000000
0.001048000000000
0.001068000000000
0.001566000000000
0.001057000000000
0.001051000000000
0.001166000000000
0.001071000000000
0.002506000000000
0.001047000000000
0.001062000000000
0.001044000000000
0.002366000000000
0.001388000000000
0.001459000000000
0.001080000000000
0.001582000000000
0.001065000000000
0.001090000000000
0.001065000000000
0.001504000000000
0.001519000000000
0.001371000000000
0.001050000000000
0.001051000000000
0.001154000000000
0.001215000000000
0.001049000000000
0.001054000000000
0.002376000000000
0.001069000000000
0.001517000000000
0.001063000000000
0.001046000000000
0.001063000000000
0.001082000000000
0.001077000000000
0.001164000000000
0.001174000000000
0.001101000000000
0.002427000000000
0.001267000000000
0.001490000000000
0.002435000000000
0.001074000000000
0.001043000000000
0.001062000000000
0.001069000000000
0.001059000000000
0.001055000000000
0.001431000000000
0.001091000000000
0.002405000000000
0.001039000000000
0.002693000000000
0.001500000000000
0.001058000000000
0.002360000000000
0.001066000000000
0.001054000000000
0.001906000000000
0.001052000000000
0.001061000000000
0.001878000000000
0.001807000000000
0.001056000000000
0.001417000000000
0.001069000000000
0.001090000000000
0.001054000000000
0.001372000000000
0.001488000000000
0.001214000000000
0.001077000000000
0.002402000000000
0.001328000000000
0.002019000000000
0.001096000000000
0.001494000000000
0.001112000000000
0.001306000000000
0.001091000000000
0.001057000000000
0.001055000000000
0.001078000000000
0.001058000000000
0.001053000000000
0.001047000000000
0.001074000000000
0.002098000000000
0.001174000000000
0.001066000000000
0.001082000000000
0.001475000000000
0.001489000000000
0.001057000000000
0.001139000000000
0.002173000000000
0.001162000000000
0.001057000000000
0.001501000000000
0.001038000000000
0.001040000000000
0.001085000000000
0.001196000000000
0.001501000000000
0.001086000000000
0.001043000000000
0.001540000000000
0.001245000000000
0.001074000000000
0.001041000000000
0.001015000000000
0.001563000000000
0.001271000000000
0.002530000000000
0.001535000000000
0.001046000000000
0.001049000000000
0.001060000000000
0.001065000000000
0.001051000000000
0.001156000000000
0.001070000000000
0.001568000000000
0.001041000000000
0.001059000000000
0.001060000000000
0.002401000000000
0.001267000000000
0.001065000000000
0.001084000000000
0.001050000000000
0.001420000000000
0.001522000000000
0.001054000000000
0.001162000000000
0.001064000000000
0.001541000000000
0.001046000000000
0.001065000000000
0.001096000000000
0.001082000000000
0.001184000000000
0.001050000000000
0.001424000000000
0.001530000000000
0.001523000000000
0.001368000000000
0.001071000000000
0.001061000000000
0.001490000000000
0.002429000000000
0.001123000000000
0.002514000000000
0.001070000000000
0.001058000000000
0.001436000000000
0.001049000000000
0.001039000000000
0.001058000000000
0.002347000000000
0.002591000000000
0.001069000000000
0.001055000000000
0.001487000000000
0.001065000000000
0.001053000000000
0.001449000000000
0.001051000000000
0.002371000000000
0.001529000000000
0.001162000000000
0.001450000000000
0.001051000000000
0.001591000000000
0.001076000000000
0.001047000000000
0.001111000000000
0.001050000000000
0.001161000000000
0.001226000000000
0.001065000000000
0.001245000000000
0.001263000000000
0.001046000000000
0.001820000000000
0.001059000000000
0.001395000000000
0.001167000000000
0.001073000000000
0.001063000000000
0.001060000000000
0.001052000000000
0.001061000000000
0.001477000000000
0.002115000000000
0.001038000000000
0.001051000000000
0.001061000000000
0.001041000000000
0.001056000000000
0.002564000000000
0.001087000000000
0.001033000000000
0.001411000000000
0.001069000000000
0.001065000000000
0.001074000000000
0.001052000000000
0.001458000000000
0.001078000000000
0.001048000000000
0.001072000000000
0.001571000000000
0.001640000000000
0.001047000000000
0.001056000000000
0.001493000000000
0.001671000000000
0.001046000000000
0.001070000000000
0.002254000000000
0.001073000000000
0.001057000000000
0.002383000000000
0.001075000000000
0.001052000000000
0.001000000000000
0.001586000000000
0.001056000000000
0.001067000000000
0.001404000000000
0.001057000000000
0.001064000000000
0.001066000000000
0.001915000000000
0.001180000000000
0.001055000000000
0.002420000000000
0.002514000000000
0.002133000000000
0.001050000000000
0.001184000000000
0.001057000000000
0.001068000000000
0.001083000000000
0.001081000000000
0.001045000000000
0.001069000000000
0.001070000000000
0.002400000000000
0.001656000000000
0.001047000000000
0.001104000000000
0.001058000000000
0.002189000000000
0.001053000000000
0.001050000000000
0.001059000000000
0.001072000000000
0.001070000000000
0.002634000000000
0.002542000000000
0.001069000000000
0.001084000000000
0.001574000000000
0.001065000000000
0.001052000000000
0.001188000000000
0.001088000000000
0.001102000000000
0.001070000000000
0.001063000000000
0.001067000000000
0.001063000000000
0.001071000000000
0.001074000000000
0.001236000000000
0.001061000000000
0.001074000000000
0.001068000000000
0.002651000000000
0.001042000000000
0.002553000000000
0.001038000000000
0.002257000000000
0.001057000000000
0.001091000000000
0.001181000000000
0.000999000000000
0.001177000000000
0.001589000000000
0.001076000000000
0.001075000000000
0.001066000000000
0.001079000000000
0.001086000000000
0.001059000000000
0.001082000000000
0.001050000000000
0.001093000000000
0.001549000000000
0.001068000000000
0.002066000000000
0.001077000000000
0.001175000000000
0.001058000000000
0.001517000000000
0.001069000000000
0.001071000000000
0.001061000000000
0.001114000000000
0.001062000000000
0.002309000000000
0.001059000000000
0.001036000000000
0.001053000000000
0.001054000000000
0.001056000000000
0.001067000000000
0.001055000000000
0.001075000000000
0.001094000000000
0.001697000000000
0.001153000000000
0.001055000000000
0.001172000000000
0.001516000000000
0.002638000000000
0.001054000000000
0.001091000000000
0.001565000000000
0.001413000000000
0.001063000000000
0.001545000000000
0.001174000000000
0.001159000000000
0.001054000000000
0.001051000000000
0.001017000000000
0.001074000000000
0.001082000000000
0.002643000000000
0.001061000000000
0.001217000000000
0.001079000000000
0.002436000000000
0.001067000000000
0.001473000000000
0.001050000000000
0.001546000000000
0.001410000000000
0.001137000000000
0.001097000000000
0.001056000000000
0.001516000000000
0.002348000000000
0.001254000000000
0.002680000000000
0.001099000000000
0.001064000000000
0.001083000000000
0.001164000000000
0.001052000000000
0.001071000000000
0.001058000000000
0.001069000000000
0.001052000000000
0.000971000000000
0.001058000000000
0.001045000000000
0.001066000000000
0.001473000000000
0.001060000000000
0.001070000000000
0.001055000000000
0.001067000000000
0.001575000000000
0.001125000000000
0.001515000000000
0.001049000000000
0.001532000000000
0.001130000000000
0.001076000000000
0.001073000000000
0.001082000000000
0.002724000000000
0.001797000000000
0.001195000000000
0.001055000000000
0.001100000000000
0.001543000000000
0.002251000000000
0.001084000000000
0.001069000000000
0.001067000000000
0.002627000000000
0.002731000000000
0.002362000000000
0.001190000000000
0.001935000000000
0.001558000000000
0.001093000000000
0.001939000000000
0.001059000000000
0.001590000000000
0.001131000000000
0.001106000000000
0.001093000000000
0.001037000000000
0.001065000000000
0.001062000000000
0.001058000000000
0.001118000000000
0.001464000000000
0.001469000000000
0.001417000000000
0.001524000000000
0.001078000000000
0.001064000000000
0.001389000000000
0.001063000000000
0.001582000000000
0.002637000000000
0.001076000000000
0.001071000000000
0.001071000000000
0.001246000000000
0.001065000000000
0.001076000000000
0.001075000000000
0.002447000000000
0.002677000000000
0.001158000000000
0.001066000000000
0.001075000000000
0.001492000000000
0.001060000000000
0.001527000000000
0.001073000000000
0.002721000000000
0.001463000000000
0.001162000000000
0.001550000000000
0.001088000000000
0.001438000000000
0.001085000000000
0.001084000000000
0.001194000000000
0.001054000000000
0.001070000000000
0.001066000000000
0.001072000000000
0.001073000000000
0.001053000000000
0.001459000000000
0.001569000000000
0.001261000000000
0.001074000000000
0.001064000000000
0.001066000000000
0.001074000000000
0.001071000000000
0.002597000000000
0.001240000000000
0.001056000000000
0.001522000000000
0.001057000000000
0.002536000000000
0.002100000000000
0.002499000000000
0.001078000000000
0.001059000000000
0.001451000000000
0.002623000000000
0.001076000000000
0.001075000000000
0.001086000000000
0.001100000000000
0.001053000000000
0.001083000000000
0.002428000000000
0.002277000000000
0.001068000000000
0.001058000000000
0.001057000000000
0.001058000000000
0.001080000000000
0.001060000000000
0.002176000000000
0.001510000000000
0.001056000000000
0.001042000000000
0.001454000000000
0.001527000000000
0.002276000000000
0.002534000000000
0.001065000000000
0.001144000000000
0.001150000000000
0.001057000000000
0.001065000000000
0.001127000000000
0.001086000000000
0.001932000000000
0.001068000000000
0.001066000000000
0.001068000000000
0.001363000000000
0.001067000000000
0.001076000000000
0.001062000000000
0.001047000000000
0.001695000000000
0.001211000000000
0.001071000000000
0.001075000000000
0.001057000000000
0.002647000000000
0.001079000000000
0.001066000000000
0.002417000000000
0.001093000000000
0.001079000000000
0.001470000000000
0.001052000000000
0.001042000000000
0.001527000000000
0.001069000000000
0.001056000000000
0.001058000000000
0.001110000000000
0.001167000000000
0.001068000000000
0.001070000000000
0.001564000000000
0.001068000000000
0.001085000000000
0.001600000000000
0.001380000000000
0.001068000000000
0.001343000000000
0.001074000000000
0.001559000000000
0.001064000000000
0.001075000000000
0.001090000000000
0.001094000000000
0.001052000000000
0.001701000000000
0.001077000000000
0.001074000000000
0.001554000000000
0.001079000000000
0.001508000000000
0.001063000000000
0.001517000000000
0.002459000000000
0.001106000000000
0.001053000000000
0.001079000000000
0.001086000000000
0.001055000000000
0.001067000000000
0.001047000000000
0.002229000000000
0.001080000000000
0.001074000000000
0.001057000000000
0.001077000000000
0.001014000000000
0.001178000000000
0.001064000000000
0.001536000000000
0.002280000000000
0.001065000000000
0.001083000000000
0.001771000000000
0.001632000000000
0.001072000000000
0.001071000000000
0.001079000000000
0.001059000000000
0.001061000000000
0.001085000000000
0.001060000000000
0.002520000000000
0.001525000000000
0.001066000000000
0.001057000000000
0.001065000000000
0.001592000000000
0.001040000000000
0.001021000000000
0.001036000000000
0.001150000000000
0.001071000000000
0.001071000000000
0.001056000000000
0.001107000000000
0.001337000000000
0.001473000000000
0.001079000000000
0.001208000000000
0.001069000000000
0.001549000000000
0.001070000000000
0.001062000000000
0.001063000000000
0.001435000000000
0.001061000000000
0.001068000000000
0.001067000000000
0.001073000000000
0.001145000000000
0.001097000000000
0.001053000000000
0.001058000000000
0.001053000000000
0.001067000000000
0.001238000000000
0.002129000000000
0.001494000000000
0.001187000000000
0.001049000000000
0.001047000000000
0.001051000000000
0.001729000000000
0.001056000000000
0.002519000000000
0.001554000000000
0.001080000000000
0.002657000000000
0.001300000000000
0.001083000000000
0.001188000000000
0.001060000000000
0.001518000000000
0.001146000000000
0.001532000000000
0.001031000000000
0.001173000000000
0.001109000000000
0.001060000000000
0.001103000000000
0.001148000000000
0.001464000000000
0.001067000000000
0.001471000000000
0.001479000000000
0.001062000000000
0.001068000000000
0.001400000000000
0.001484000000000
0.001053000000000
0.001062000000000
0.002226000000000
0.002466000000000
0.001079000000000
0.001099000000000
0.001070000000000
0.001059000000000
0.001432000000000
0.001061000000000
0.001549000000000
0.001069000000000
0.001032000000000
0.001057000000000
0.001216000000000
0.001058000000000
0.001150000000000
0.001046000000000
0.001510000000000
0.001063000000000
0.001088000000000
0.001249000000000
0.001050000000000
0.001567000000000
0.001197000000000
0.001051000000000
0.001067000000000
0.002467000000000
0.001089000000000
0.001417000000000
0.001066000000000
0.001050000000000
0.002252000000000
0.001045000000000
0.001044000000000
0.001067000000000
0.001054000000000
0.001526000000000
0.001103000000000
0.001162000000000
0.001079000000000
0.001046000000000
0.001146000000000
0.002287000000000
0.001073000000000
0.001585000000000
0.001073000000000
0.001084000000000
0.001115000000000
0.001447000000000
0.001058000000000
0.000993000000000
0.001068000000000
0.001068000000000
0.002148000000000
0.001070000000000
0.001075000000000
0.001053000000000
0.002827000000000
0.001077000000000
0.001067000000000
0.001376000000000
0.001441000000000
0.001064000000000
0.001056000000000
0.001682000000000
0.001050000000000
0.001419000000000
0.001068000000000
0.001080000000000
0.001503000000000
0.001068000000000
0.001469000000000
0.002088000000000
0.001821000000000
0.001056000000000
0.002353000000000
0.001513000000000
0.001055000000000
0.001053000000000
0.001042000000000
0.001164000000000
0.001439000000000
0.001068000000000
0.001401000000000
0.001044000000000
0.001057000000000
0.001063000000000
0.001979000000000
0.002297000000000
0.001085000000000
0.001061000000000
0.001493000000000
0.001067000000000
0.001519000000000
0.001367000000000
0.001052000000000
0.001080000000000
0.001097000000000
0.001521000000000
0.001064000000000
0.001064000000000
0.001539000000000
0.001377000000000
0.001419000000000
0.001163000000000
0.001066000000000
0.001848000000000
0.001051000000000
0.001060000000000
0.001067000000000
0.001479000000000
0.002630000000000
0.001529000000000
0.001060000000000
0.001371000000000
0.001180000000000
0.001068000000000
0.001445000000000
0.001068000000000
0.001074000000000
0.001054000000000
0.001073000000000
0.001451000000000
0.001520000000000
0.001469000000000
0.001058000000000
0.001497000000000
0.001072000000000
0.001072000000000
0.001498000000000
0.001070000000000
0.001049000000000
0.001054000000000
0.001776000000000
0.001062000000000
0.001063000000000
0.001058000000000
0.001078000000000
0.001048000000000
0.001076000000000
0.001533000000000
0.001052000000000
0.001058000000000
0.001071000000000
0.001065000000000
0.001733000000000
0.001551000000000
0.001071000000000
0.001078000000000
0.001068000000000
0.001069000000000
0.001048000000000
0.001522000000000
0.001551000000000
0.001087000000000
0.001061000000000
0.001075000000000
0.002127000000000
0.001069000000000
0.001164000000000
0.001069000000000
0.001072000000000
0.002246000000000
0.001304000000000
0.001505000000000
0.001516000000000
0.001082000000000
0.001068000000000
0.001060000000000
0.001085000000000
0.001061000000000
0.001066000000000
0.001091000000000
0.001066000000000
0.001078000000000
0.001437000000000
0.001061000000000
0.002384000000000
0.001532000000000
0.001545000000000
0.001261000000000
0.001057000000000
0.001084000000000
0.001107000000000
0.001070000000000
0.002332000000000
0.001124000000000
0.001566000000000
0.001077000000000
0.002334000000000
0.001503000000000
0.001081000000000
0.002455000000000
0.001065000000000
0.001073000000000
0.002108000000000
0.001070000000000
0.001460000000000
0.002425000000000
0.002493000000000
0.001438000000000
0.001067000000000
0.000982000000000
0.001549000000000
0.001061000000000
0.001061000000000
0.001446000000000
0.001507000000000
0.001074000000000
0.001062000000000
0.001064000000000
0.001494000000000
0.002539000000000
0.001065000000000
0.001060000000000
0.001359000000000
0.001059000000000
0.001173000000000
0.001058000000000
0.001068000000000
0.001097000000000
0.001073000000000
0.001090000000000
0.001750000000000
0.002016000000000
0.001043000000000
0.001114000000000
0.001485000000000
0.001109000000000
0.001210000000000
0.002522000000000
0.001070000000000
0.001460000000000
0.001052000000000
0.001057000000000
0.001245000000000
0.001060000000000
0.001066000000000
0.001067000000000
0.001487000000000
0.001071000000000
0.001026000000000
0.001240000000000
0.001064000000000
0.001211000000000
0.001146000000000
0.001075000000000
0.001075000000000
0.001178000000000
0.001101000000000
0.002647000000000
0.001084000000000
0.001130000000000
0.001079000000000
0.001100000000000
0.001070000000000
0.001053000000000
0.001060000000000
0.001070000000000
0.001064000000000
0.001081000000000
0.001620000000000
0.001082000000000
0.002023000000000
0.001105000000000
0.001054000000000
0.001070000000000
0.001049000000000
0.001874000000000
0.001101000000000
0.001070000000000
0.001673000000000
0.002493000000000
0.001253000000000
0.001075000000000
0.001074000000000
0.001055000000000
0.001177000000000
0.001138000000000
0.001073000000000
0.001060000000000
0.001182000000000
0.001098000000000
0.001051000000000
0.001077000000000
0.001506000000000
0.001071000000000
0.001076000000000
0.001042000000000
0.001069000000000
0.001080000000000
0.001072000000000
0.001055000000000
0.001092000000000
0.001079000000000
0.001798000000000
0.001112000000000
0.001518000000000
0.001064000000000
0.001499000000000
0.001865000000000
0.001087000000000
0.001068000000000
0.001061000000000
0.001066000000000
0.001072000000000
0.001069000000000
0.001219000000000
0.001052000000000
0.001069000000000
0.001189000000000
0.001180000000000
0.002558000000000
0.001479000000000
0.002362000000000
0.001411000000000
0.002429000000000
0.001061000000000
0.001542000000000
0.001068000000000
0.001066000000000
0.001680000000000
0.001054000000000
0.002558000000000
0.001077000000000
0.001049000000000
0.001372000000000
0.001069000000000
0.001062000000000
0.001052000000000
0.002685000000000
0.001071000000000
0.001185000000000
0.001077000000000
0.001068000000000
0.001097000000000
0.001181000000000
0.002618000000000
0.001139000000000
0.001121000000000
0.001501000000000
0.001243000000000
0.001056000000000
0.001998000000000
0.001066000000000
0.001373000000000
0.001174000000000
0.001049000000000
0.001065000000000
0.001537000000000
0.001412000000000
0.002011000000000
0.002336000000000
0.001055000000000
0.001074000000000
0.001391000000000
0.001399000000000
0.002298000000000
0.001121000000000
0.001064000000000
0.001164000000000
0.001066000000000
0.001078000000000
0.001072000000000
0.001179000000000
0.001059000000000
0.001459000000000
0.001146000000000
0.002281000000000
0.001446000000000
0.001071000000000
0.001084000000000
0.001053000000000
0.001059000000000
0.001486000000000
0.001466000000000
0.001068000000000
0.001057000000000
0.001049000000000
0.001491000000000
0.001164000000000
0.001059000000000
0.001077000000000
0.001086000000000
0.001095000000000
0.001528000000000
0.001063000000000
0.001464000000000
0.001196000000000
0.001058000000000
0.001088000000000
0.001064000000000
0.001075000000000
0.001541000000000
0.001060000000000
0.001190000000000
0.001088000000000
0.001082000000000
0.001068000000000
0.001061000000000
0.001060000000000
0.001067000000000
0.002447000000000
0.001337000000000
0.001065000000000
0.001062000000000
0.001579000000000
0.002800000000000
0.001064000000000
0.001062000000000
0.001065000000000
0.001088000000000
0.002599000000000
0.001086000000000
0.001062000000000
0.001087000000000
0.001705000000000
0.001058000000000
0.001052000000000
0.001423000000000
0.001075000000000
0.001056000000000
0.001069000000000
0.001319000000000
0.001100000000000
0.002361000000000
0.001064000000000
0.001063000000000
0.001056000000000
0.001434000000000
0.001063000000000
0.001062000000000
0.001043000000000
0.001075000000000
0.001069000000000
0.002459000000000
0.001637000000000
0.001521000000000
0.001521000000000
0.001058000000000
0.001457000000000
0.001055000000000
0.001136000000000
0.001058000000000
0.001065000000000
0.001167000000000
0.001499000000000
0.001088000000000
0.001060000000000
0.001049000000000
0.001075000000000
0.001187000000000
0.001615000000000
0.001064000000000
0.001471000000000
0.001078000000000
0.001437000000000
0.001084000000000
0.001099000000000
0.001493000000000
0.001063000000000
0.002643000000000
0.001134000000000
0.002807000000000
0.001574000000000
0.001370000000000
0.001522000000000
0.001051000000000
0.001337000000000
0.001133000000000
0.001055000000000
0.001067000000000
0.001455000000000
0.001213000000000
0.001055000000000
0.001063000000000
0.001060000000000
0.002517000000000
0.002562000000000
0.001477000000000
0.001071000000000
0.001059000000000
0.001079000000000
0.001051000000000
0.001065000000000
0.001065000000000
0.001082000000000
0.002210000000000
0.001099000000000
0.001051000000000
0.001080000000000
0.001244000000000
0.001061000000000
0.001047000000000
0.001096000000000
0.001574000000000
0.002029000000000
0.001464000000000
0.001061000000000
0.001066000000000
0.001988000000000
0.001068000000000
0.001060000000000
0.002471000000000
0.002583000000000
0.002689000000000
0.001062000000000
0.001068000000000
0.001058000000000
0.001144000000000
0.001074000000000
0.001434000000000
0.001074000000000
0.001228000000000
0.001450000000000
0.001070000000000
0.002557000000000
0.001447000000000
0.001087000000000
0.001063000000000
0.001513000000000
0.001080000000000
0.001066000000000
0.002443000000000
0.002508000000000
0.001075000000000
0.001073000000000
0.001058000000000
0.001102000000000
0.001068000000000
0.001438000000000
0.001067000000000
0.001479000000000
0.001045000000000
0.001059000000000
0.001043000000000
0.001085000000000
0.001072000000000
0.001529000000000
0.002212000000000
0.001064000000000
0.001053000000000
0.001184000000000
0.001060000000000
0.001068000000000
0.001086000000000
0.001059000000000
0.001075000000000
0.001099000000000
0.001077000000000
0.001057000000000
0.001148000000000
0.001054000000000
0.001468000000000
0.001605000000000
0.001058000000000
0.001106000000000
0.001092000000000
0.001066000000000
0.001068000000000
0.001468000000000
0.001072000000000
0.001067000000000
0.001080000000000
0.001520000000000
0.001052000000000
0.001056000000000
0.001062000000000
0.002000000000000
0.001057000000000
0.001058000000000
0.001054000000000
0.001088000000000
0.001320000000000
0.001050000000000
0.002503000000000
0.001505000000000
0.001066000000000
0.001072000000000
0.001091000000000
0.001080000000000
0.001527000000000
0.001177000000000
0.001060000000000
0.001163000000000
0.001055000000000
0.001050000000000
0.001061000000000
0.001035000000000
0.002171000000000
0.001087000000000
0.001069000000000
0.001071000000000
0.001065000000000
0.001496000000000
0.001515000000000
0.001312000000000
0.002381000000000
0.001053000000000
0.001161000000000
0.001063000000000
0.001055000000000
0.001087000000000
0.001084000000000
0.002336000000000
0.002224000000000
0.001480000000000
0.002186000000000
0.001061000000000
0.001068000000000
0.002663000000000
0.001140000000000
0.001066000000000
0.001080000000000
0.001057000000000
0.001063000000000
0.001083000000000
0.001072000000000
0.001087000000000
0.001053000000000
0.002395000000000
0.001203000000000
0.001066000000000
0.001063000000000
0.001058000000000
0.001062000000000
0.001087000000000
0.001282000000000
0.001072000000000
0.001079000000000
0.001060000000000
0.001071000000000
0.001089000000000
0.001484000000000
0.002640000000000
0.001059000000000
0.001396000000000
0.001061000000000
0.001053000000000
0.001504000000000
0.001064000000000
0.001126000000000
0.001110000000000
0.001120000000000
0.001072000000000
0.002498000000000
0.001972000000000
0.001578000000000
0.001205000000000
0.001079000000000
0.001470000000000
0.002335000000000
0.001135000000000
0.001058000000000
0.001397000000000
0.001081000000000
0.001063000000000
0.001063000000000
0.002257000000000
0.001087000000000
0.001180000000000
0.001057000000000
0.001065000000000
0.001090000000000
0.001061000000000
0.001066000000000
0.001357000000000
0.001508000000000
0.001081000000000
0.001065000000000
0.001409000000000
0.001067000000000
0.001091000000000
0.001498000000000
0.001058000000000
0.001061000000000
0.001518000000000
0.001041000000000
0.001358000000000
0.001341000000000
0.002440000000000
0.001089000000000
0.001070000000000
0.001473000000000
0.001444000000000
0.001541000000000
0.001454000000000
0.001066000000000
0.002056000000000
0.001074000000000
0.001079000000000
0.001111000000000
0.001216000000000
0.001056000000000
0.001562000000000
0.001057000000000
0.001071000000000
0.001592000000000
0.001153000000000
0.001071000000000
0.001064000000000
0.001271000000000
0.001057000000000
0.002165000000000
0.001511000000000
0.001095000000000
0.001053000000000
0.001104000000000
0.001085000000000
0.001096000000000
0.001131000000000
0.001431000000000
0.001522000000000
0.001469000000000
0.001398000000000
0.001089000000000
0.001375000000000
0.002620000000000
0.001064000000000
0.001082000000000
0.001058000000000
0.001053000000000
0.001078000000000
0.002276000000000
0.002551000000000
0.001071000000000
0.001459000000000
0.001324000000000
0.001083000000000
0.001206000000000
0.001519000000000
0.001242000000000
0.001851000000000
0.001197000000000
0.001504000000000
0.001066000000000
0.001437000000000
0.001473000000000
0.002688000000000
0.001546000000000
0.001182000000000
0.001070000000000
0.001462000000000
0.001475000000000
0.001067000000000
0.002529000000000
0.001056000000000
0.001085000000000
0.001433000000000
0.001434000000000
0.001676000000000
0.001086000000000
0.002521000000000
0.001070000000000
0.001073000000000
0.001086000000000
0.001062000000000
0.001070000000000
0.001051000000000
0.001117000000000
0.001079000000000
0.001502000000000
0.001079000000000
0.001073000000000
0.001180000000000
0.001073000000000
0.001624000000000
0.002518000000000
0.001475000000000
0.001047000000000
0.001532000000000
0.001586000000000
0.002635000000000
0.002510000000000
0.001982000000000
0.001064000000000
0.001067000000000
0.001066000000000
0.001182000000000
0.001062000000000
0.001578000000000
0.001119000000000
0.002411000000000
0.001073000000000
0.001076000000000
0.001096000000000
0.001070000000000
0.001061000000000
0.001093000000000
0.001154000000000
0.001084000000000
0.001526000000000
0.001064000000000
0.001457000000000
0.001247000000000
0.001820000000000
0.001413000000000
0.001079000000000
0.001054000000000
0.002674000000000
0.001064000000000
0.001066000000000
0.001054000000000
0.001244000000000
0.001071000000000
0.001072000000000
0.001131000000000
0.001062000000000
0.001434000000000
0.001050000000000
0.001442000000000
0.001089000000000
0.001435000000000
0.001066000000000
0.001106000000000
0.001068000000000
0.001465000000000
0.001504000000000
0.001061000000000
0.001079000000000
0.001060000000000
0.001077000000000
0.001287000000000
0.001052000000000
0.001336000000000
0.001163000000000
0.001067000000000
0.001454000000000
0.001072000000000
0.001075000000000
0.001072000000000
0.001063000000000
0.001068000000000
0.001078000000000
0.001074000000000
0.001077000000000
0.002630000000000
0.001399000000000
0.001590000000000
0.002181000000000
0.001486000000000
0.001064000000000
0.002846000000000
0.001068000000000
0.001072000000000
0.001566000000000
0.001072000000000
0.001493000000000
0.001061000000000
0.001059000000000
0.002421000000000
0.001523000000000
0.001082000000000
0.002630000000000
0.001042000000000
0.001869000000000
0.001071000000000
0.001455000000000
0.001075000000000
0.001106000000000
0.001074000000000
0.001051000000000
0.001878000000000
0.001047000000000
0.001078000000000
0.002324000000000
0.001587000000000
0.001075000000000
0.001056000000000
0.001076000000000
0.001517000000000
0.002210000000000
0.001085000000000
0.002158000000000
0.001085000000000
0.001071000000000
0.001457000000000
0.001297000000000
0.001081000000000
0.001130000000000
0.001376000000000
0.001078000000000
0.001190000000000
0.001526000000000
0.001066000000000
0.001049000000000
0.001068000000000
0.001066000000000
0.001553000000000
0.001033000000000
0.001060000000000
0.001071000000000
0.001443000000000
0.001488000000000
0.001076000000000
0.001089000000000
0.001138000000000
0.001486000000000
0.002356000000000
0.001501000000000
0.001280000000000
0.001457000000000
0.001111000000000
0.001754000000000
0.001086000000000
0.001560000000000
0.002471000000000
0.001069000000000
0.001509000000000
0.001074000000000
0.001540000000000
0.001070000000000
0.001523000000000
0.001427000000000
0.001475000000000
0.001183000000000
0.001071000000000
0.001054000000000
0.001212000000000
0.001066000000000
0.001081000000000
0.001408000000000
0.001076000000000
0.002170000000000
0.001052000000000
0.001059000000000
0.002208000000000
0.001054000000000
0.001504000000000
0.001149000000000
0.001466000000000
0.001052000000000
0.001474000000000
0.001445000000000
0.001079000000000
0.002675000000000
0.001069000000000
0.001081000000000
0.001072000000000
0.001074000000000
0.001562000000000
0.001088000000000
0.001108000000000
0.001438000000000
0.002852000000000
0.001562000000000
0.001519000000000
0.001527000000000
0.001062000000000
0.001526000000000
0.001486000000000
0.001465000000000
0.001562000000000
0.001063000000000
0.001598000000000
0.001110000000000
0.001062000000000
0.001490000000000
0.001192000000000
0.001061000000000
0.001069000000000
0.001849000000000
0.001068000000000
0.001063000000000
0.001520000000000
0.001081000000000
0.001907000000000
0.001071000000000
0.001073000000000
0.001067000000000
0.001475000000000
0.001056000000000
0.001199000000000
0.002239000000000
0.001216000000000
0.001096000000000
0.001087000000000
0.001080000000000
0.001098000000000
0.001087000000000
0.002433000000000
0.001442000000000
0.001536000000000
0.001186000000000
0.001070000000000
0.001071000000000
0.001089000000000
0.002723000000000
0.001081000000000
0.001610000000000
0.001061000000000
0.001128000000000
0.001493000000000
0.001071000000000
0.001069000000000
0.001072000000000
0.001192000000000
0.001479000000000
0.001084000000000
0.001077000000000
0.001069000000000
0.001505000000000
0.001073000000000
0.001073000000000
0.002573000000000
0.001076000000000
0.001194000000000
0.001058000000000
0.002349000000000
0.001561000000000
0.001084000000000
0.001543000000000
0.001436000000000
0.001135000000000
0.001065000000000
0.001140000000000
0.001068000000000
0.001072000000000
0.002235000000000
0.001072000000000
0.001563000000000
0.001440000000000
0.001071000000000
0.001054000000000
0.001184000000000
0.001065000000000
0.001069000000000
0.001063000000000
0.002524000000000
0.001491000000000
0.001076000000000
0.001087000000000
0.001077000000000
0.001093000000000
0.001442000000000
0.001450000000000
0.002078000000000
0.001075000000000
0.001424000000000
0.001078000000000
0.001479000000000
0.001079000000000
0.001060000000000
0.001577000000000
0.001062000000000
0.001073000000000
0.001246000000000
0.001081000000000
0.001094000000000
0.001496000000000
0.001068000000000
0.001157000000000
0.001070000000000
0.001239000000000
0.001069000000000
0.001057000000000
0.001105000000000
0.001073000000000
0.001990000000000
0.002744000000000
0.001526000000000
0.001147000000000
0.001082000000000
0.001098000000000
0.001104000000000
0.001165000000000
0.001083000000000
0.001090000000000
0.001071000000000
0.002423000000000
0.001075000000000
0.001082000000000
0.001061000000000
0.001048000000000
0.001083000000000
0.001064000000000
0.001079000000000
0.001071000000000
0.001080000000000
0.001079000000000
0.001039000000000
0.001608000000000
0.001459000000000
0.001072000000000
0.001079000000000
0.001062000000000
0.001469000000000
0.001095000000000
0.001079000000000
0.001444000000000
0.001851000000000
0.001061000000000
0.001067000000000
0.001068000000000
0.002089000000000
0.001063000000000
0.002025000000000
0.001862000000000
0.001487000000000
0.001883000000000
0.001076000000000
0.001075000000000
0.001144000000000
0.001098000000000
0.001445000000000
0.001081000000000
0.001078000000000
0.001511000000000
0.001057000000000
0.002522000000000
0.001080000000000
0.001074000000000
0.001075000000000
0.001112000000000
0.001068000000000
0.001616000000000
0.002640000000000
0.002939000000000
0.002439000000000
0.001072000000000
0.001088000000000
0.001075000000000
0.001171000000000
0.001261000000000
0.001343000000000
0.001061000000000
0.001091000000000
0.001556000000000
0.001233000000000
0.001050000000000
0.001113000000000
0.001057000000000
0.001060000000000
0.001064000000000
0.001129000000000
0.001493000000000
0.001641000000000
0.002629000000000
0.002889000000000
0.001708000000000
0.001567000000000
0.001080000000000
0.001190000000000
0.001846000000000
0.001085000000000
0.001094000000000
0.001056000000000
0.001176000000000
0.001072000000000
0.001234000000000
0.001101000000000
0.002662000000000
0.001437000000000
0.002605000000000
0.002652000000000
0.001057000000000
0.001093000000000
0.001447000000000
0.001075000000000
0.001472000000000
0.001107000000000
0.001061000000000
0.001492000000000
0.001055000000000
0.001072000000000
0.001088000000000
0.001542000000000
0.001055000000000
0.001444000000000
0.002324000000000
0.001076000000000
0.001052000000000
0.001054000000000
0.001437000000000
0.001083000000000
0.001068000000000
0.001073000000000
0.001077000000000
0.001556000000000
0.001537000000000
0.001078000000000
0.001071000000000
0.001062000000000
0.001085000000000
0.001142000000000
0.001064000000000
0.001086000000000
0.002649000000000
0.001075000000000
0.001497000000000
0.001117000000000
0.001161000000000
0.001100000000000
0.001635000000000
0.002470000000000
0.001514000000000
0.001064000000000
0.001079000000000
0.001075000000000
0.001061000000000
0.001196000000000
0.002599000000000
0.001063000000000
0.001513000000000
0.001041000000000
0.001066000000000
0.001078000000000
0.001480000000000
0.001065000000000
0.001078000000000
0.001088000000000
0.001082000000000
0.002391000000000
0.001082000000000
0.001468000000000
0.001083000000000
0.001076000000000
0.001096000000000
0.001089000000000
0.001439000000000
0.001361000000000
0.001077000000000
0.001186000000000
0.001443000000000
0.001065000000000
0.002057000000000
0.001506000000000
0.001957000000000
0.001082000000000
0.001065000000000
0.001123000000000
0.002235000000000
0.001077000000000
0.001135000000000
0.001078000000000
0.001091000000000
0.001098000000000
0.001085000000000
0.001540000000000
0.001075000000000
0.001555000000000
0.001067000000000
0.002540000000000
0.002446000000000
0.001939000000000
0.001312000000000
0.001075000000000
0.001077000000000
0.001175000000000
0.001059000000000
0.001083000000000
0.001071000000000
0.001090000000000
0.001060000000000
0.001090000000000
0.001187000000000
0.001072000000000
0.001059000000000
0.001489000000000
0.002674000000000
0.001159000000000
0.001556000000000
0.001078000000000
0.001077000000000
0.001089000000000
0.001112000000000
0.001072000000000
0.001067000000000
0.001066000000000
0.001067000000000
0.001143000000000
0.037712000000000
0.001066000000000
0.001064000000000
0.001073000000000
0.001553000000000
0.001568000000000
0.001182000000000
0.025884000000000
0.002409000000000
0.001402000000000
0.001518000000000
0.001202000000000
0.001090000000000
0.036075000000000
0.001363000000000
0.001076000000000
0.001079000000000
0.001074000000000
0.037473000000000
0.001069000000000
0.001149000000000
0.001459000000000
0.001052000000000
0.001773000000000
0.001068000000000
0.001076000000000
0.001570000000000
0.001088000000000
0.027647000000000
0.001063000000000
0.001440000000000
0.001545000000000
0.001077000000000
0.001059000000000
0.001578000000000
0.001057000000000
0.035031000000000
0.001076000000000
0.001512000000000
0.001050000000000
0.001082000000000
0.001281000000000
0.001069000000000
0.001079000000000
0.001061000000000
0.001069000000000
0.001089000000000
0.001075000000000
0.001082000000000
0.001070000000000
0.001086000000000
0.001106000000000
0.001759000000000
0.001071000000000
0.001084000000000
0.002356000000000
0.001485000000000
0.040229000000000
0.001131000000000
0.002752000000000
0.001441000000000
0.001069000000000
0.001548000000000
0.038832000000000
0.001097000000000
0.001061000000000
0.001108000000000
0.041304000000000
0.001084000000000
0.001052000000000
0.001966000000000
0.001076000000000
0.032843000000000
0.001091000000000
0.001537000000000
0.001092000000000
0.001087000000000
0.001097000000000
0.001453000000000
0.001466000000000
0.001061000000000
0.001059000000000
0.001438000000000
0.001089000000000
0.040694000000000
0.001075000000000
0.001072000000000
0.001063000000000
0.001081000000000
0.001078000000000
0.001731000000000
0.002574000000000
0.001509000000000
0.038140000000000
0.001064000000000
0.001058000000000
0.001082000000000
0.001080000000000
0.002755000000000
0.001058000000000
0.038863000000000
0.001460000000000
0.001085000000000
0.001067000000000
0.001072000000000
0.001096000000000
0.027403000000000
0.001111000000000
0.001087000000000
0.001453000000000
0.001075000000000
0.001072000000000
0.033169000000000
0.001446000000000
0.001041000000000
0.001209000000000
0.001052000000000
0.001082000000000
0.039230000000000
0.001059000000000
0.001063000000000
0.001078000000000
0.001380000000000
0.001177000000000
0.041777000000000
0.001449000000000
0.001095000000000
0.001069000000000
0.001410000000000
0.001092000000000
0.001080000000000
0.001069000000000
0.043550000000000
0.001535000000000
0.002170000000000
0.001214000000000
0.001080000000000
0.001086000000000
0.040705000000000
0.001604000000000
0.001429000000000
0.001086000000000
0.001087000000000
0.039675000000000
0.001073000000000
0.001073000000000
0.002025000000000
0.001074000000000
0.043411000000000
0.002541000000000
0.001101000000000
0.001241000000000
0.001055000000000
0.001220000000000
0.001074000000000
0.034007000000000
0.001074000000000
0.001076000000000
0.001638000000000
0.001108000000000
0.031914000000000
0.001080000000000
0.001072000000000
0.001077000000000
0.001093000000000
0.001077000000000
0.042184000000000
0.001456000000000
0.002587000000000
0.001164000000000
0.002037000000000
0.001508000000000
0.034458000000000
0.001507000000000
0.001122000000000
0.001099000000000
0.001502000000000
0.002662000000000
0.030710000000000
0.001073000000000
0.001526000000000
0.001060000000000
0.001486000000000
0.041613000000000
0.001059000000000
0.001165000000000
0.002681000000000
0.001088000000000
0.001073000000000
0.001311000000000
0.001567000000000
0.001080000000000
0.001782000000000
0.001103000000000
0.001138000000000
0.041800000000000
0.001088000000000
0.002004000000000
0.001086000000000
0.001177000000000
0.001069000000000
0.039433000000000
0.001075000000000
0.001492000000000
0.001242000000000
0.001066000000000
0.001180000000000
0.036071000000000
0.001066000000000
0.001094000000000
0.001366000000000
0.001857000000000
0.001078000000000
0.001077000000000
0.042261000000000
0.001097000000000
0.001098000000000
0.001156000000000
0.001537000000000
0.001353000000000
0.001284000000000
0.001077000000000
0.001077000000000
0.001205000000000
0.034262000000000
0.001075000000000
0.001091000000000
0.001083000000000
0.001086000000000
0.001079000000000
0.043527000000000
0.001075000000000
0.001090000000000
0.001063000000000
0.001082000000000
0.001083000000000
0.044793000000000
0.001073000000000
0.001590000000000
0.001092000000000
0.001079000000000
0.001135000000000
0.001082000000000
0.001111000000000
0.035689000000000
0.001083000000000
0.001499000000000
0.001072000000000
0.001389000000000
0.001075000000000
0.016353000000000
0.001091000000000
0.001069000000000
0.001051000000000
0.001118000000000
0.001077000000000
0.038159000000000
0.001083000000000
0.001078000000000
0.001076000000000
0.001074000000000
0.038264000000000
0.001043000000000
0.001084000000000
0.001624000000000
0.001070000000000
0.001100000000000
0.001082000000000
0.042524000000000
0.001130000000000
0.001831000000000
0.001092000000000
0.001080000000000
0.038156000000000
0.001109000000000
0.001460000000000
0.001115000000000
0.001280000000000
0.001062000000000
0.001747000000000
0.001069000000000
0.001086000000000
0.041876000000000
0.001067000000000
0.002778000000000
0.001082000000000
0.001071000000000
0.041173000000000
0.001078000000000
0.001057000000000
0.001074000000000
0.002698000000000
0.001091000000000
0.015062000000000
0.001570000000000
0.001099000000000
0.001060000000000
0.001088000000000
0.042974000000000
0.001059000000000
0.001809000000000
0.001083000000000
0.001486000000000
0.036157000000000
0.001090000000000
0.001501000000000
0.001070000000000
0.001095000000000
0.001092000000000
0.001081000000000
0.001089000000000
0.001090000000000
0.035986000000000
0.001117000000000
0.001096000000000
0.001468000000000
0.001538000000000
0.001557000000000
0.001200000000000
0.041129000000000
0.001115000000000
0.001191000000000
0.001211000000000
0.001508000000000
0.039823000000000
0.001103000000000
0.001077000000000
0.001390000000000
0.001477000000000
0.001090000000000
0.001395000000000
0.001312000000000
0.001083000000000
0.001087000000000
0.001089000000000
0.001106000000000
0.002304000000000
0.001083000000000
0.034180000000000
0.001535000000000
0.001074000000000
0.001071000000000
0.001553000000000
0.042527000000000
0.001094000000000
0.001148000000000
0.001074000000000
0.001094000000000
0.001092000000000
0.001083000000000
0.036301000000000
0.001172000000000
0.001078000000000
0.001515000000000
0.001201000000000
0.001059000000000
0.033283000000000
0.001083000000000
0.001429000000000
0.002751000000000
0.001672000000000
0.001548000000000
0.035206000000000
0.001081000000000
0.001089000000000
0.001066000000000
0.001091000000000
0.001085000000000
0.001096000000000
0.035252000000000
0.001088000000000
0.001516000000000
0.001077000000000
0.001630000000000
0.040631000000000
0.001502000000000
0.001094000000000
0.001083000000000
0.001081000000000
0.059835000000000
0.001570000000000
0.001109000000000
0.001491000000000
0.002720000000000
0.037850000000000
0.001114000000000
0.001091000000000
0.001085000000000
0.001068000000000
0.001206000000000
0.040944000000000
0.001073000000000
0.001646000000000
0.001074000000000
0.001065000000000
0.002090000000000
0.001489000000000
0.001540000000000
0.001380000000000
0.001621000000000
0.040209000000000
0.001515000000000
0.001086000000000
0.001160000000000
0.002671000000000
0.001118000000000
0.001326000000000
0.001130000000000
0.001647000000000
0.002675000000000
0.001113000000000
0.035232000000000
0.001084000000000
0.001111000000000
0.001544000000000
0.001085000000000
0.001471000000000
0.001069000000000
0.001078000000000
0.001085000000000
0.001080000000000
0.001077000000000
0.001128000000000
0.001088000000000
0.001476000000000
0.001079000000000
0.002304000000000
0.042523000000000
0.001074000000000
0.001087000000000
0.001187000000000
0.001093000000000
0.001079000000000
0.001154000000000
0.036106000000000
0.001072000000000
0.001067000000000
0.001432000000000
0.001324000000000
0.001085000000000
0.001097000000000
0.001430000000000
0.001075000000000
0.038412000000000
0.001066000000000
0.001083000000000
0.001065000000000
0.001101000000000
0.038780000000000
0.001387000000000
0.001654000000000
0.001486000000000
0.001516000000000
0.031762000000000
0.001095000000000
0.001081000000000
0.001839000000000
0.001100000000000
0.001573000000000
0.043733000000000
0.001088000000000
0.001065000000000
0.001601000000000
0.001655000000000
0.001314000000000
0.038579000000000
0.001087000000000
0.001100000000000
0.001267000000000
0.002265000000000
0.033649000000000
0.001089000000000
0.001328000000000
0.002815000000000
0.001064000000000
0.001267000000000
0.001075000000000
0.001072000000000
0.001146000000000
0.001096000000000
0.001112000000000
0.001254000000000
0.001079000000000
0.030975000000000
0.001593000000000
0.001113000000000
0.001610000000000
0.002642000000000
0.001551000000000
0.002575000000000
0.001936000000000
0.001079000000000
0.001097000000000
0.001690000000000
0.001090000000000
0.001081000000000
0.041046000000000
0.001094000000000
0.001093000000000
0.001252000000000
0.001109000000000
0.001436000000000
0.002727000000000
0.001090000000000
0.002641000000000
0.001081000000000
0.001090000000000
0.001087000000000
0.001073000000000
0.001070000000000
0.001062000000000
0.001075000000000
0.002221000000000
0.002301000000000
0.001553000000000
0.001799000000000
0.001555000000000
0.001075000000000
0.025423000000000
0.001111000000000
0.001089000000000
0.001078000000000
0.040563000000000
0.001095000000000
0.001105000000000
0.001088000000000
0.001061000000000
0.001439000000000
0.041274000000000
0.001199000000000
0.001205000000000
0.001510000000000
0.001079000000000
0.039828000000000
0.001230000000000
0.002648000000000
0.001541000000000
0.001095000000000
0.001089000000000
0.001084000000000
0.001082000000000
0.030853000000000
0.001098000000000
0.001222000000000
0.001388000000000
0.000988000000000
0.001069000000000
0.035877000000000
0.001082000000000
0.002436000000000
0.001082000000000
0.001340000000000
0.001451000000000
0.001075000000000
0.001066000000000
0.001120000000000
0.001095000000000
0.033848000000000
0.001507000000000
0.001078000000000
0.001079000000000
0.001065000000000
0.001056000000000
0.001093000000000
0.033977000000000
0.002571000000000
0.001435000000000
0.001085000000000
0.031096000000000
0.001073000000000
0.002272000000000
0.001098000000000
0.001095000000000
0.042865000000000
0.001141000000000
0.001089000000000
0.001090000000000
0.001519000000000
0.041767000000000
0.001584000000000
0.001491000000000
0.001124000000000
0.001079000000000
0.033515000000000
0.001879000000000
0.001080000000000
0.001653000000000
0.001080000000000
0.033591000000000
0.001088000000000
0.001470000000000
0.001092000000000
0.002393000000000
0.001500000000000
0.001091000000000
0.001087000000000
0.002338000000000
0.001561000000000
0.001089000000000
0.001991000000000
0.001088000000000
0.001080000000000
0.001083000000000
0.001102000000000
0.001078000000000
0.001070000000000
0.001523000000000
0.001593000000000
0.001081000000000
0.001090000000000
0.001096000000000
0.001089000000000
0.001109000000000
0.001103000000000
0.001078000000000
0.001254000000000
0.002544000000000
0.001462000000000
0.001412000000000
0.001508000000000
0.001118000000000
0.001067000000000
0.001177000000000
0.001151000000000
0.001112000000000
0.001127000000000
0.001090000000000
0.001123000000000
0.001766000000000
0.001951000000000
0.001469000000000
0.001115000000000
0.002277000000000
0.001088000000000
0.001071000000000
0.031660000000000
0.001069000000000
0.001107000000000
0.001099000000000
0.002751000000000
0.044290000000000
0.001407000000000
0.001533000000000
0.001069000000000
0.001194000000000
0.001097000000000
0.001080000000000
0.040667000000000
0.001171000000000
0.001101000000000
0.001086000000000
0.001478000000000
0.002794000000000
0.001227000000000
0.001089000000000
0.035462000000000
0.002407000000000
0.001198000000000
0.001158000000000
0.001096000000000
0.034092000000000
0.001076000000000
0.001100000000000
0.001126000000000
0.001078000000000
0.002413000000000
0.001076000000000
0.001501000000000
0.001099000000000
0.001076000000000
0.001095000000000
0.002668000000000
0.001081000000000
0.036382000000000
0.002499000000000
0.001123000000000
0.001134000000000
0.001144000000000
0.001552000000000
0.001093000000000
0.001809000000000
0.001538000000000
0.001080000000000
0.001121000000000
0.001101000000000
0.001210000000000
0.001176000000000
0.001836000000000
0.001096000000000
0.001090000000000
0.001517000000000
0.001574000000000
0.001665000000000
0.001976000000000
0.001091000000000
0.001073000000000
0.040011000000000
0.001450000000000
0.001711000000000
0.001092000000000
0.002032000000000
0.001075000000000
0.035636000000000
0.001080000000000
0.001645000000000
0.001205000000000
0.001489000000000
0.001073000000000
0.001078000000000
0.001519000000000
0.001084000000000
0.001555000000000
0.001191000000000
0.001381000000000
0.002433000000000
0.038382000000000
0.001091000000000
0.002051000000000
0.001548000000000
0.001074000000000
0.001358000000000
0.001123000000000
0.037597000000000
0.001539000000000
0.001097000000000
0.001093000000000
0.001130000000000
0.001105000000000
0.001101000000000
0.001560000000000
0.044086000000000
0.001097000000000
0.001261000000000
0.001201000000000
0.001102000000000
0.001477000000000
0.042328000000000
0.001406000000000
0.001089000000000
0.001113000000000
0.036764000000000
0.001561000000000
0.001096000000000
0.001144000000000
0.001096000000000
0.001115000000000
0.001081000000000
0.002450000000000
0.020132000000000
0.001241000000000
0.001494000000000
0.001105000000000
0.002742000000000
0.001459000000000
0.001056000000000
0.001075000000000
0.018245000000000
0.001094000000000
0.001151000000000
0.001222000000000
0.001200000000000
0.039963000000000
0.001551000000000
0.001073000000000
0.001222000000000
0.002357000000000
0.001153000000000
0.034103000000000
0.001064000000000
0.001103000000000
0.001082000000000
0.001598000000000
0.001095000000000
0.001098000000000
0.038737000000000
0.001091000000000
0.001192000000000
0.001206000000000
0.001105000000000
0.035028000000000
0.001636000000000
0.001117000000000
0.001440000000000
0.001094000000000
0.041815000000000
0.001099000000000
0.002594000000000
0.001054000000000
0.001118000000000
0.042448000000000
0.001207000000000
0.001859000000000
0.001092000000000
0.001395000000000
0.001432000000000
0.001089000000000
0.001540000000000
0.019214000000000
0.001498000000000
0.001085000000000
0.001625000000000
0.001062000000000
0.035743000000000
0.001093000000000
0.001088000000000
0.001093000000000
0.001103000000000
0.001113000000000
0.033729000000000
0.001557000000000
0.001442000000000
0.001081000000000
0.001085000000000
0.001097000000000
0.002489000000000
0.002579000000000
0.001092000000000
0.001110000000000
0.001096000000000
0.016543000000000
0.001161000000000
0.002547000000000
0.001155000000000
0.001093000000000
0.001491000000000
0.001099000000000
0.002482000000000
0.001091000000000
0.002788000000000
0.001088000000000
0.037811000000000
0.001097000000000
0.001216000000000
0.001090000000000
0.030627000000000
0.001068000000000
0.001564000000000
0.001466000000000
0.001078000000000
0.001421000000000
0.001102000000000
0.001093000000000
0.001602000000000
0.001176000000000
0.002234000000000
0.001170000000000
0.001090000000000
0.001103000000000
0.001091000000000
0.040304000000000
0.001206000000000
0.001321000000000
0.001111000000000
0.001110000000000
0.001124000000000
0.001125000000000
0.002563000000000
0.042428000000000
0.001072000000000
0.001119000000000
0.001098000000000
0.001489000000000
0.043671000000000
0.001094000000000
0.003032000000000
0.001526000000000
0.001079000000000
0.001147000000000
0.001104000000000
0.001089000000000
0.001119000000000
0.001110000000000
0.002549000000000
0.001062000000000
0.001095000000000
0.001544000000000
0.001112000000000
0.002492000000000
0.001483000000000
0.001528000000000
0.001087000000000
0.001094000000000
0.002688000000000
0.001525000000000
0.001503000000000
0.001134000000000
0.001651000000000
0.001090000000000
0.001530000000000
0.001074000000000
0.018065000000000
0.001093000000000
0.001134000000000
0.001078000000000
0.015618000000000
0.001096000000000
0.001111000000000
0.001620000000000
0.033556000000000
0.001129000000000
0.001088000000000
0.002793000000000
0.037705000000000
0.001096000000000
0.001434000000000
0.001083000000000
0.001105000000000
0.001109000000000
0.002382000000000
0.001316000000000
0.001084000000000
0.002244000000000
0.001091000000000
0.001090000000000
0.001077000000000
0.001998000000000
0.001086000000000
0.001086000000000
0.001084000000000
0.001087000000000
0.001096000000000
0.039571000000000
0.001086000000000
0.001077000000000
0.001073000000000
0.001121000000000
0.001130000000000
0.001176000000000
0.002059000000000
0.040332000000000
0.001103000000000
0.001324000000000
0.001198000000000
0.002725000000000
0.041516000000000
0.001046000000000
0.001078000000000
0.001476000000000
0.002537000000000
0.001605000000000
0.001075000000000
0.001079000000000
0.002025000000000
0.001496000000000
0.001071000000000
0.035660000000000
0.002083000000000
0.001130000000000
0.001103000000000
0.001515000000000
0.054073000000000
0.001562000000000
0.001160000000000
0.001100000000000
0.001471000000000
0.034385000000000
0.001508000000000
0.001104000000000
0.001093000000000
0.001092000000000
0.001131000000000
0.001101000000000
0.014337000000000
0.001093000000000
0.001384000000000
0.001243000000000
0.030668000000000
0.001109000000000
0.001582000000000
0.001921000000000
0.001672000000000
0.001095000000000
0.017271000000000
0.001539000000000
0.001524000000000
0.001096000000000
0.001312000000000
0.001103000000000
0.001142000000000
0.002531000000000
0.001092000000000
0.001143000000000
0.001085000000000
0.001458000000000
0.001495000000000
0.001127000000000
0.040890000000000
0.001626000000000
0.001077000000000
0.001080000000000
0.001105000000000
0.039169000000000
0.001593000000000
0.001153000000000
0.002557000000000
0.002349000000000
0.042917000000000
0.002056000000000
0.001064000000000
0.001081000000000
0.001097000000000
0.001467000000000
0.001203000000000
0.002674000000000
0.040095000000000
0.001086000000000
0.001074000000000
0.002521000000000
0.002468000000000
0.037231000000000
0.001083000000000
0.001109000000000
0.001695000000000
0.001980000000000
0.001090000000000
0.001097000000000
0.040641000000000
0.002589000000000
0.001092000000000
0.001083000000000
0.002607000000000
0.001562000000000
0.031730000000000
0.001429000000000
0.001580000000000
0.002649000000000
0.079718000000000
0.001101000000000
0.001053000000000
0.001535000000000
0.001594000000000
0.001484000000000
0.024022000000000
0.001132000000000
0.001587000000000
0.001158000000000
0.001222000000000
0.001093000000000
0.001140000000000
0.001098000000000
0.063925000000000
0.001547000000000
0.001684000000000
0.001113000000000
0.002662000000000
0.001543000000000
0.002889000000000
0.002743000000000
0.001250000000000
0.038597000000000
0.001591000000000
0.002389000000000
0.001105000000000
0.001158000000000
0.001085000000000
0.001097000000000
0.001098000000000
0.001779000000000
0.033725000000000
0.001503000000000
0.001130000000000
0.001104000000000
0.001167000000000
0.001101000000000
0.017734000000000
0.001078000000000
0.001227000000000
0.001502000000000
0.001587000000000
0.001874000000000
0.001071000000000
0.001131000000000
0.039828000000000
0.001092000000000
0.001130000000000
0.001103000000000
0.002142000000000
0.001125000000000
0.040148000000000
0.002122000000000
0.001152000000000
0.001102000000000
0.041156000000000
0.001115000000000
0.001084000000000
0.002283000000000
0.001115000000000
0.001108000000000
0.001555000000000
0.001265000000000
0.001528000000000
0.001116000000000
0.001095000000000
0.001181000000000
0.003840000000000
0.001081000000000
0.001305000000000
0.001098000000000
0.002472000000000
0.001091000000000
0.002699000000000
0.002372000000000
0.039744000000000
0.001085000000000
0.001103000000000
0.001542000000000
0.001485000000000
0.001118000000000
0.002705000000000
0.036544000000000
0.001096000000000
0.001075000000000
0.001574000000000
0.041153000000000
0.001103000000000
0.001085000000000
0.001082000000000
0.035183000000000
0.001088000000000
0.001084000000000
0.001121000000000
0.050190000000000
0.001569000000000
0.001084000000000
0.001095000000000
0.001494000000000
0.001502000000000
0.001068000000000
0.001080000000000
0.001552000000000
0.040061000000000
0.001085000000000
0.001534000000000
0.001172000000000
0.001117000000000
0.002368000000000
0.001107000000000
0.001840000000000
0.001414000000000
0.001114000000000
0.001096000000000
0.001090000000000
0.001232000000000
0.002726000000000
0.035516000000000
0.001499000000000
0.001150000000000
0.002748000000000
0.001239000000000
0.001084000000000
0.037680000000000
0.001113000000000
0.001117000000000
0.001608000000000
0.001107000000000
0.001152000000000
0.055863000000000
0.001084000000000
0.001116000000000
0.001636000000000
0.001561000000000
0.040886000000000
0.001215000000000
0.001081000000000
0.001074000000000
0.001236000000000
0.001094000000000
0.039420000000000
0.001475000000000
0.002155000000000
0.002606000000000
0.039574000000000
0.001099000000000
0.001054000000000
0.001533000000000
0.001103000000000
0.035487000000000
0.001089000000000
0.001202000000000
0.001291000000000
0.039200000000000
0.002487000000000
0.001095000000000
0.001689000000000
0.001091000000000
0.001102000000000
0.001078000000000
0.001604000000000
0.038817000000000
0.001090000000000
0.001101000000000
0.001125000000000
0.032745000000000
0.001097000000000
0.002191000000000
0.002336000000000
0.002533000000000
0.002175000000000
0.001092000000000
0.057714000000000
0.001083000000000
0.001071000000000
0.001087000000000
0.035089000000000
0.001253000000000
0.001291000000000
0.001523000000000
0.001125000000000
0.039584000000000
0.001089000000000
0.001092000000000
0.002608000000000
0.001094000000000
0.033159000000000
0.001132000000000
0.001124000000000
0.001133000000000
0.034265000000000
0.001087000000000
0.001145000000000
0.001094000000000
0.001486000000000
0.001109000000000
0.001582000000000
0.001501000000000
0.002450000000000
0.041570000000000
0.001084000000000
0.003317000000000
0.001118000000000
0.001084000000000
0.001619000000000
0.001609000000000
0.001090000000000
0.001101000000000
0.001180000000000
0.001102000000000
0.001457000000000
0.001500000000000
0.001542000000000
0.001317000000000
0.001203000000000
0.001589000000000
0.001151000000000
0.001146000000000
0.001099000000000
0.057746000000000
0.001560000000000
0.001133000000000
0.001072000000000
0.037880000000000
0.001475000000000
0.001082000000000
0.001098000000000
0.036266000000000
0.001560000000000
0.001082000000000
0.001128000000000
0.001155000000000
0.002335000000000
0.014276000000000
0.001170000000000
0.001080000000000
0.001104000000000
0.002197000000000
0.001113000000000
0.001102000000000
0.036674000000000
0.001127000000000
0.001486000000000
0.002672000000000
0.036296000000000
0.001084000000000
0.001566000000000
0.001126000000000
0.001587000000000
0.002621000000000
0.002094000000000
0.002109000000000
0.040559000000000
0.001105000000000
0.001104000000000
0.001513000000000
0.001114000000000
0.038343000000000
0.001112000000000
0.001167000000000
0.001122000000000
0.001130000000000
0.001100000000000
0.001110000000000
0.001124000000000
0.001105000000000
0.001940000000000
0.055025000000000
0.001990000000000
0.001088000000000
0.001499000000000
0.001112000000000
0.001203000000000
0.001099000000000
0.001193000000000
0.042251000000000
0.002001000000000
0.001798000000000
0.002685000000000
0.001508000000000
0.001106000000000
0.001100000000000
0.001107000000000
0.001652000000000
0.001535000000000
0.040374000000000
0.001122000000000
0.001112000000000
0.001541000000000
0.044585000000000
0.001444000000000
0.001084000000000
0.001091000000000
0.001108000000000
0.042713000000000
0.001482000000000
0.001095000000000
0.002132000000000
0.002536000000000
0.001149000000000
0.034414000000000
0.001610000000000
0.002312000000000
0.002695000000000
0.001095000000000
0.001512000000000
0.033159000000000
0.001100000000000
0.001972000000000
0.001117000000000
0.033108000000000
0.001528000000000
0.001260000000000
0.001564000000000
0.070499000000000
0.001078000000000
0.001686000000000
0.001134000000000
0.030874000000000
0.001062000000000
0.001100000000000
0.002653000000000
0.001477000000000
0.001181000000000
0.001160000000000
0.001170000000000
0.001087000000000
0.002472000000000
0.001508000000000
0.001084000000000
0.001084000000000
0.001137000000000
0.002049000000000
0.001130000000000
0.001103000000000
0.001079000000000
0.002378000000000
0.037756000000000
0.002795000000000
0.001143000000000
0.001103000000000
0.001099000000000
0.001337000000000
0.001195000000000
0.002559000000000
0.001098000000000
0.002676000000000
0.001570000000000
0.001120000000000
0.001522000000000
0.001207000000000
0.001107000000000
0.001127000000000
0.001071000000000
0.001100000000000
0.001095000000000
0.001097000000000
0.001121000000000
0.001093000000000
0.044711000000000
0.001493000000000
0.001477000000000
0.037136000000000
0.001505000000000
0.001171000000000
0.001230000000000
0.001443000000000
0.001108000000000
0.001107000000000
0.023598000000000
0.001128000000000
0.001119000000000
0.001990000000000
0.001556000000000
0.001092000000000
0.001133000000000
0.001107000000000
0.081493000000000
0.001116000000000
0.002555000000000
0.001527000000000
0.037904000000000
0.001450000000000
0.001143000000000
0.001877000000000
0.002269000000000
0.001122000000000
0.045960000000000
0.001096000000000
0.001101000000000
0.001205000000000
0.001120000000000
0.001221000000000
0.001163000000000
0.044814000000000
0.001131000000000
0.001698000000000
0.001108000000000
0.001100000000000
0.002353000000000
0.035217000000000
0.001154000000000
0.001103000000000
0.001640000000000
0.001121000000000
0.001117000000000
0.001111000000000
0.001175000000000
0.002009000000000
0.022185000000000
0.001141000000000
0.001117000000000
0.002377000000000
0.038973000000000
0.001114000000000
0.001117000000000
0.001580000000000
0.002214000000000
0.043726000000000
0.002039000000000
0.002218000000000
0.001110000000000
0.001123000000000
0.001162000000000
0.001101000000000
0.038461000000000
0.001131000000000
0.001115000000000
0.001428000000000
0.001103000000000
0.001127000000000
0.001544000000000
0.001134000000000
0.039112000000000
0.001151000000000
0.001109000000000
0.001565000000000
0.002656000000000
0.037925000000000
0.001125000000000
0.001177000000000
0.001558000000000
0.001681000000000
0.029967000000000
0.001173000000000
0.001779000000000
0.001937000000000
0.033525000000000
0.001101000000000
0.001327000000000
0.001389000000000
0.001113000000000
0.001593000000000
0.033121000000000
0.001114000000000
0.001114000000000
0.001135000000000
0.001127000000000
0.001134000000000
0.001117000000000
0.001110000000000
0.001125000000000
0.001166000000000
0.001115000000000
0.001356000000000
0.001258000000000
0.001532000000000
0.001121000000000
0.001238000000000
0.001113000000000
0.001233000000000
0.001411000000000
0.001505000000000
0.034773000000000
0.001110000000000
0.001111000000000
0.001109000000000
0.001106000000000
0.031645000000000
0.001139000000000
0.001133000000000
0.001104000000000
0.079686000000000
0.001126000000000
0.002596000000000
0.001590000000000
0.001564000000000
0.036275000000000
0.001116000000000
0.001099000000000
0.001205000000000
0.001374000000000
0.001119000000000
0.001101000000000
0.001210000000000
0.007518000000000
0.003299000000000
0.001139000000000
0.002269000000000
0.001938000000000
0.001151000000000
0.002219000000000
0.001454000000000
0.001423000000000
0.001105000000000
0.001596000000000
0.001120000000000
0.001156000000000
0.001143000000000
0.001588000000000
0.040207000000000
0.001624000000000
0.001530000000000
0.001132000000000
0.001125000000000
0.001705000000000
0.001158000000000
0.001747000000000
0.001759000000000
0.001123000000000
0.001712000000000
0.001153000000000
0.033949000000000
0.002350000000000
0.003114000000000
0.001411000000000
0.015424000000000
0.001136000000000
0.001098000000000
0.001134000000000
0.002145000000000
0.002243000000000
0.036379000000000
0.001102000000000
0.001098000000000
0.001157000000000
0.001106000000000
0.001093000000000
0.002323000000000
0.001126000000000
0.001355000000000
0.002174000000000
0.001131000000000
0.001139000000000
0.038311000000000
0.001111000000000
0.001111000000000
0.001927000000000
0.001138000000000
0.001130000000000
0.001121000000000
0.001153000000000
0.038849000000000
0.001122000000000
0.001108000000000
0.002008000000000
0.044095000000000
0.001653000000000
0.001143000000000
0.001109000000000
0.001243000000000
0.019361000000000
0.003356000000000
0.001126000000000
0.001108000000000
0.039244000000000
0.001131000000000
0.001150000000000
0.001082000000000
0.002485000000000
0.001516000000000
0.001061000000000
0.044466000000000
0.001135000000000
0.001147000000000
0.050284000000000
0.001113000000000
0.001135000000000
0.001130000000000
0.001103000000000
0.001112000000000
0.050609000000000
0.002852000000000
0.001163000000000
0.002584000000000
0.001193000000000
0.021355000000000
0.001160000000000
0.001147000000000
0.001576000000000
0.001105000000000
0.001109000000000
0.001112000000000
0.002538000000000
0.001123000000000
0.001167000000000
0.002300000000000
0.001122000000000
0.001156000000000
0.001721000000000
0.001121000000000
0.001153000000000
0.001132000000000
0.001298000000000
0.001208000000000
0.001111000000000
0.001113000000000
0.002515000000000
0.001125000000000
0.001523000000000
0.001147000000000
0.001290000000000
0.001117000000000
0.001485000000000
0.002257000000000
0.001111000000000
0.001674000000000
0.001561000000000
0.002201000000000
0.001106000000000
0.001139000000000
0.001598000000000
0.001145000000000
0.001871000000000
0.001151000000000
0.001136000000000
0.001136000000000
0.001123000000000
0.001349000000000
0.001101000000000
0.002627000000000
0.001105000000000
0.001383000000000
0.001118000000000
0.001534000000000
0.001139000000000
0.001137000000000
0.001092000000000
0.001108000000000
0.001124000000000
0.001155000000000
0.001119000000000
0.001377000000000
0.001137000000000
0.001670000000000
0.001129000000000
0.001192000000000
0.001107000000000
0.001116000000000
0.001135000000000
0.001116000000000
0.002026000000000
0.001415000000000
0.002437000000000
0.002425000000000
0.001189000000000
0.002264000000000
0.001511000000000
0.003168000000000
0.001113000000000
0.001119000000000
0.001113000000000
0.001136000000000
0.001124000000000
0.001188000000000
0.001158000000000
0.002486000000000
0.001156000000000
0.003414000000000
0.001208000000000
0.002179000000000
0.001128000000000
0.001516000000000
0.001106000000000
0.001161000000000
0.001099000000000
0.037074000000000
0.001085000000000
0.001115000000000
0.001171000000000
0.033871000000000
0.001126000000000
0.001136000000000
0.001123000000000
0.034264000000000
0.001146000000000
0.001101000000000
0.001115000000000
0.001105000000000
0.001103000000000
0.002653000000000
0.001113000000000
0.001136000000000
0.038380000000000
0.001117000000000
0.002212000000000
0.001141000000000
0.021182000000000
0.001941000000000
0.001124000000000
0.001235000000000
0.001131000000000
0.001113000000000
0.001240000000000
0.001138000000000
0.001107000000000
0.001103000000000
0.001105000000000
0.001656000000000
0.002225000000000
0.001135000000000
0.001112000000000
0.001125000000000
0.001137000000000
0.001165000000000
0.002261000000000
0.002368000000000
0.001600000000000
0.001984000000000
0.001135000000000
0.002480000000000
0.040035000000000
0.001134000000000
0.001108000000000
0.001162000000000
0.001128000000000
0.041088000000000
0.001899000000000
0.001123000000000
0.001133000000000
0.001172000000000
0.001135000000000
0.033680000000000
0.001747000000000
0.001097000000000
0.002536000000000
0.001526000000000
0.001338000000000
0.001179000000000
0.001417000000000
0.014181000000000
0.002906000000000
0.001319000000000
0.001144000000000
0.001110000000000
0.043679000000000
0.001101000000000
0.001145000000000
0.001111000000000
0.001478000000000
0.001120000000000
0.040567000000000
0.001258000000000
0.001637000000000
0.023654000000000
0.001113000000000
0.001494000000000
0.002468000000000
0.001518000000000
0.001109000000000
0.001135000000000
0.001139000000000
0.001119000000000
0.001119000000000
0.001094000000000
0.001146000000000
0.032446000000000
0.001492000000000
0.002828000000000
0.001118000000000
0.001607000000000
0.001126000000000
0.001188000000000
0.031579000000000
0.001943000000000
0.001119000000000
0.001637000000000
0.001136000000000
0.001141000000000
0.001128000000000
0.038762000000000
0.001231000000000
0.001360000000000
0.003425000000000
0.001113000000000
0.001115000000000
0.034374000000000
0.001368000000000
0.002200000000000
0.002409000000000
0.001114000000000
0.001156000000000
0.001210000000000
0.040454000000000
0.001109000000000
0.001106000000000
0.001582000000000
0.026515000000000
0.001562000000000
0.001116000000000
0.001109000000000
0.001135000000000
0.001403000000000
0.001129000000000
0.001156000000000
0.042111000000000
0.001164000000000
0.002177000000000
0.001127000000000
0.001214000000000
0.001161000000000
0.001128000000000
0.001119000000000
0.001134000000000
0.002019000000000
0.001112000000000
0.001491000000000
0.001131000000000
0.001121000000000
0.001652000000000
0.001587000000000
0.001149000000000
0.001114000000000
0.002649000000000
0.001144000000000
0.001137000000000
0.001907000000000
0.002066000000000
0.001164000000000
0.038077000000000
0.001142000000000
0.001130000000000
0.001157000000000
0.001474000000000
0.001495000000000
0.038188000000000
0.001575000000000
0.003454000000000
0.001110000000000
0.033468000000000
0.001240000000000
0.001095000000000
0.002428000000000
0.002609000000000
0.003106000000000
0.037152000000000
0.001097000000000
0.002135000000000
0.034684000000000
0.001114000000000
0.001113000000000
0.001241000000000
0.036239000000000
0.001103000000000
0.001218000000000
0.001134000000000
0.001503000000000
0.038650000000000
0.001132000000000
0.001106000000000
0.001104000000000
0.001129000000000
0.001118000000000
0.041310000000000
0.001103000000000
0.001128000000000
0.001124000000000
0.042214000000000
0.001554000000000
0.001111000000000
0.001111000000000
0.019967000000000
