0.001089000000000
0.001129000000000
0.001135000000000
0.001072000000000
0.001048000000000
0.001044000000000
0.001158000000000
0.001043000000000
0.001119000000000
0.001055000000000
0.001048000000000
0.001054000000000
0.001053000000000
0.001531000000000
0.001076000000000
0.001067000000000
0.001085000000000
0.001047000000000
0.001050000000000
0.001046000000000
0.001045000000000
0.001058000000000
0.001049000000000
0.001042000000000
0.001074000000000
0.001071000000000
0.001660000000000
0.001082000000000
0.001040000000000
0.001055000000000
0.001054000000000
0.001042000000000
0.001068000000000
0.001130000000000
0.001080000000000
0.001123000000000
0.001168000000000
0.001029000000000
0.001079000000000
0.001047000000000
0.001058000000000
0.001396000000000
0.001062000000000
0.001057000000000
0.001060000000000
0.001056000000000
0.001052000000000
0.001033000000000
0.001426000000000
0.001540000000000
0.001061000000000
0.001049000000000
0.001519000000000
0.001060000000000
0.001062000000000
0.001409000000000
0.001034000000000
0.001603000000000
0.001060000000000
0.001054000000000
0.001067000000000
0.001026000000000
0.001454000000000
0.002279000000000
0.001063000000000
0.001506000000000
0.001542000000000
0.001048000000000
0.001042000000000
0.001073000000000
0.001495000000000
0.001052000000000
0.001050000000000
0.001568000000000
0.001060000000000
0.001018000000000
0.002486000000000
0.002480000000000
0.001037000000000
0.001058000000000
0.001072000000000
0.001108000000000
0.001052000000000
0.001051000000000
0.001067000000000
0.001077000000000
0.001071000000000
0.001066000000000
0.001038000000000
0.002235000000000
0.001145000000000
0.001047000000000
0.001047000000000
0.002092000000000
0.001462000000000
0.001059000000000
0.001547000000000
0.002401000000000
0.001381000000000
0.001523000000000
0.001064000000000
0.001028000000000
0.001881000000000
0.001052000000000
0.001066000000000
0.001063000000000
0.001067000000000
0.001047000000000
0.001481000000000
0.001049000000000
0.001045000000000
0.001685000000000
0.001104000000000
0.001162000000000
0.001050000000000
0.001077000000000
0.001058000000000
0.001081000000000
0.001046000000000
0.001044000000000
0.001072000000000
0.001177000000000
0.001067000000000
0.001068000000000
0.001050000000000
0.001466000000000
0.001060000000000
0.001497000000000
0.001047000000000
0.001081000000000
0.001056000000000
0.001060000000000
0.001057000000000
0.001067000000000
0.002650000000000
0.001047000000000
0.001409000000000
0.001414000000000
0.001072000000000
0.001172000000000
0.001053000000000
0.001151000000000
0.001168000000000
0.001508000000000
0.001057000000000
0.001046000000000
0.001910000000000
0.002421000000000
0.001044000000000
0.001173000000000
0.002279000000000
0.027701000000000
0.001409000000000
0.001406000000000
0.001062000000000
0.001045000000000
0.001059000000000
0.001050000000000
0.001066000000000
0.001517000000000
0.001053000000000
0.001404000000000
0.001230000000000
0.001063000000000
0.001174000000000
0.001039000000000
0.001050000000000
0.001059000000000
0.002453000000000
0.001042000000000
0.001532000000000
0.001057000000000
0.001049000000000
0.001173000000000
0.001944000000000
0.001776000000000
0.001051000000000
0.001053000000000
0.001052000000000
0.001041000000000
0.001046000000000
0.002692000000000
0.001076000000000
0.001457000000000
0.001067000000000
0.001056000000000
0.001070000000000
0.001054000000000
0.001045000000000
0.001185000000000
0.001038000000000
0.001136000000000
0.001070000000000
0.001054000000000
0.001047000000000
0.001228000000000
0.001043000000000
0.001052000000000
0.001541000000000
0.001052000000000
0.002486000000000
0.001448000000000
0.001462000000000
0.001454000000000
0.001341000000000
0.001056000000000
0.001121000000000
0.002377000000000
0.002024000000000
0.001054000000000
0.001028000000000
0.001081000000000
0.001461000000000
0.001053000000000
0.001059000000000
0.001053000000000
0.001421000000000
0.001211000000000
0.001064000000000
0.001063000000000
0.001056000000000
0.001171000000000
0.001049000000000
0.001075000000000
0.002698000000000
0.001065000000000
0.001057000000000
0.001216000000000
0.001047000000000
0.001179000000000
0.001066000000000
0.002545000000000
0.001501000000000
0.001126000000000
0.001058000000000
0.001061000000000
0.002652000000000
0.001183000000000
0.001176000000000
0.001564000000000
0.001081000000000
0.001105000000000
0.001991000000000
0.001047000000000
0.001053000000000
0.001508000000000
0.001052000000000
0.001043000000000
0.002634000000000
0.002614000000000
0.001166000000000
0.001752000000000
0.001059000000000
0.001323000000000
0.001080000000000
0.001263000000000
0.001066000000000
0.001056000000000
0.001046000000000
0.001047000000000
0.001048000000000
0.001047000000000
0.001109000000000
0.001049000000000
0.001089000000000
0.001066000000000
0.001033000000000
0.001117000000000
0.001095000000000
0.001295000000000
0.001041000000000
0.002246000000000
0.001550000000000
0.001048000000000
0.001042000000000
0.001063000000000
0.001700000000000
0.001168000000000
0.001201000000000
0.001045000000000
0.001079000000000
0.001101000000000
0.001121000000000
0.001055000000000
0.001065000000000
0.001065000000000
0.001050000000000
0.001052000000000
0.001189000000000
0.001073000000000
0.001067000000000
0.001044000000000
0.001520000000000
0.001061000000000
0.001051000000000
0.001051000000000
0.001079000000000
0.001074000000000
0.002433000000000
0.001769000000000
0.001047000000000
0.001477000000000
0.001053000000000
0.001068000000000
0.001567000000000
0.001484000000000
0.001072000000000
0.001047000000000
0.001057000000000
0.001358000000000
0.001067000000000
0.001051000000000
0.001076000000000
0.001083000000000
0.001111000000000
0.001058000000000
0.001204000000000
0.001207000000000
0.001057000000000
0.001086000000000
0.001180000000000
0.001042000000000
0.001625000000000
0.001063000000000
0.001050000000000
0.001048000000000
0.001163000000000
0.001053000000000
0.001060000000000
0.001059000000000
0.001066000000000
0.001058000000000
0.001066000000000
0.001063000000000
0.001103000000000
0.001054000000000
0.001205000000000
0.001081000000000
0.001051000000000
0.001503000000000
0.001471000000000
0.001049000000000
0.001067000000000
0.001077000000000
0.001058000000000
0.001055000000000
0.001061000000000
0.001436000000000
0.001054000000000
0.001055000000000
0.001184000000000
0.001059000000000
0.001078000000000
0.002015000000000
0.001062000000000
0.002439000000000
0.001074000000000
0.002016000000000
0.001048000000000
0.001059000000000
0.001078000000000
0.002046000000000
0.001440000000000
0.001053000000000
0.001064000000000
0.001047000000000
0.001193000000000
0.001057000000000
0.001597000000000
0.001088000000000
0.001077000000000
0.001486000000000
0.001048000000000
0.001546000000000
0.001061000000000
0.001050000000000
0.002387000000000
0.002136000000000
0.001060000000000
0.001074000000000
0.001053000000000
0.001072000000000
0.001225000000000
0.001071000000000
0.001067000000000
0.001060000000000
0.001508000000000
0.001022000000000
0.001074000000000
0.001047000000000
0.001146000000000
0.001073000000000
0.001042000000000
0.001032000000000
0.001079000000000
0.001695000000000
0.001285000000000
0.001022000000000
0.001067000000000
0.001082000000000
0.001066000000000
0.001068000000000
0.001500000000000
0.001053000000000
0.001164000000000
0.001049000000000
0.001170000000000
0.001052000000000
0.001069000000000
0.001047000000000
0.001072000000000
0.001057000000000
0.002191000000000
0.001085000000000
0.001170000000000
0.001038000000000
0.001114000000000
0.002470000000000
0.001460000000000
0.002578000000000
0.001033000000000
0.001047000000000
0.001646000000000
0.001052000000000
0.001079000000000
0.001064000000000
0.001047000000000
0.001049000000000
0.001176000000000
0.001068000000000
0.001712000000000
0.001057000000000
0.001059000000000
0.001090000000000
0.001436000000000
0.001063000000000
0.001078000000000
0.001052000000000
0.001065000000000
0.001587000000000
0.001073000000000
0.001061000000000
0.001066000000000
0.001068000000000
0.001054000000000
0.001071000000000
0.001071000000000
0.001065000000000
0.001067000000000
0.001058000000000
0.001201000000000
0.002284000000000
0.001062000000000
0.002429000000000
0.001151000000000
0.001308000000000
0.001062000000000
0.001076000000000
0.001053000000000
0.001511000000000
0.001059000000000
0.001057000000000
0.001123000000000
0.001057000000000
0.001065000000000
0.001083000000000
0.001060000000000
0.001050000000000
0.001880000000000
0.001062000000000
0.001056000000000
0.001069000000000
0.001173000000000
0.001047000000000
0.001067000000000
0.001078000000000
0.001080000000000
0.002157000000000
0.001051000000000
0.001059000000000
0.001051000000000
0.001065000000000
0.001075000000000
0.001056000000000
0.001133000000000
0.002380000000000
0.001065000000000
0.002177000000000
0.001149000000000
0.001075000000000
0.001057000000000
0.001076000000000
0.001042000000000
0.001579000000000
0.002382000000000
0.001068000000000
0.001095000000000
0.001076000000000
0.001061000000000
0.001058000000000
0.001054000000000
0.002184000000000
0.001055000000000
0.001535000000000
0.001220000000000
0.001532000000000
0.001357000000000
0.001080000000000
0.001503000000000
0.001081000000000
0.001190000000000
0.001176000000000
0.001081000000000
0.001066000000000
0.001364000000000
0.001929000000000
0.001423000000000
0.001067000000000
0.001047000000000
0.001058000000000
0.001093000000000
0.001527000000000
0.001473000000000
0.001394000000000
0.001047000000000
0.001052000000000
0.001072000000000
0.001476000000000
0.001066000000000
0.001073000000000
0.001438000000000
0.002752000000000
0.001063000000000
0.002275000000000
0.002554000000000
0.002033000000000
0.001532000000000
0.002185000000000
0.001293000000000
0.001078000000000
0.002652000000000
0.001579000000000
0.001062000000000
0.001064000000000
0.001077000000000
0.001067000000000
0.001395000000000
0.002480000000000
0.001080000000000
0.001062000000000
0.002044000000000
0.001074000000000
0.001058000000000
0.001085000000000
0.001056000000000
0.001085000000000
0.001078000000000
0.001084000000000
0.001061000000000
0.001057000000000
0.001674000000000
0.001072000000000
0.001073000000000
0.001066000000000
0.001093000000000
0.002293000000000
0.001057000000000
0.001093000000000
0.001053000000000
0.001958000000000
0.001099000000000
0.001048000000000
0.001067000000000
0.001182000000000
0.001879000000000
0.001074000000000
0.001057000000000
0.001078000000000
0.001082000000000
0.001191000000000
0.001062000000000
0.001060000000000
0.001066000000000
0.001578000000000
0.001107000000000
0.001068000000000
0.001091000000000
0.001270000000000
0.001410000000000
0.001083000000000
0.001081000000000
0.002459000000000
0.002340000000000
0.002637000000000
0.001063000000000
0.001085000000000
0.001075000000000
0.001080000000000
0.001150000000000
0.001130000000000
0.001062000000000
0.001070000000000
0.001122000000000
0.001069000000000
0.002257000000000
0.001095000000000
0.001102000000000
0.001527000000000
0.001061000000000
0.001060000000000
0.002625000000000
0.002177000000000
0.001077000000000
0.001189000000000
0.001425000000000
0.002748000000000
0.001068000000000
0.001065000000000
0.001185000000000
0.001210000000000
0.001081000000000
0.001059000000000
0.002497000000000
0.002517000000000
0.001072000000000
0.001064000000000
0.001076000000000
0.001090000000000
0.001220000000000
0.001561000000000
0.001069000000000
0.002245000000000
0.001093000000000
0.001100000000000
0.001072000000000
0.001080000000000
0.001076000000000
0.001076000000000
0.001087000000000
0.001441000000000
0.001056000000000
0.001100000000000
0.001178000000000
0.001471000000000
0.001049000000000
0.001069000000000
0.001501000000000
0.001812000000000
0.001042000000000
0.001334000000000
0.001069000000000
0.001083000000000
0.002483000000000
0.001084000000000
0.001056000000000
0.001063000000000
0.001067000000000
0.001489000000000
0.001065000000000
0.001050000000000
0.001073000000000
0.001508000000000
0.001080000000000
0.001644000000000
0.001068000000000
0.001092000000000
0.001086000000000
0.001175000000000
0.001076000000000
0.001088000000000
0.001560000000000
0.001071000000000
0.001086000000000
0.001076000000000
0.001053000000000
0.001531000000000
0.001074000000000
0.001181000000000
0.001055000000000
0.001071000000000
0.001623000000000
0.001064000000000
0.001112000000000
0.001077000000000
0.001361000000000
0.001063000000000
0.002012000000000
0.001079000000000
0.001085000000000
0.002286000000000
0.001059000000000
0.001071000000000
0.001098000000000
0.001058000000000
0.001072000000000
0.001066000000000
0.001196000000000
0.001072000000000
0.001057000000000
0.001067000000000
0.001064000000000
0.001077000000000
0.001108000000000
0.001533000000000
0.001052000000000
0.001072000000000
0.001062000000000
0.001183000000000
0.001539000000000
0.001067000000000
0.001060000000000
0.001075000000000
0.001060000000000
0.001510000000000
0.001110000000000
0.001071000000000
0.001450000000000
0.002401000000000
0.002513000000000
0.001327000000000
0.001076000000000
0.001050000000000
0.001073000000000
0.001066000000000
0.001072000000000
0.001182000000000
0.001082000000000
0.001057000000000
0.001521000000000
0.002513000000000
0.001054000000000
0.001069000000000
0.001060000000000
0.002572000000000
0.001084000000000
0.001064000000000
0.001066000000000
0.001101000000000
0.001050000000000
0.001088000000000
0.001077000000000
0.001062000000000
0.001457000000000
0.001072000000000
0.001060000000000
0.001057000000000
0.001424000000000
0.001070000000000
0.001058000000000
0.001059000000000
0.001395000000000
0.001301000000000
0.001054000000000
0.001075000000000
0.001078000000000
0.001074000000000
0.001057000000000
0.001138000000000
0.001090000000000
0.001432000000000
0.001451000000000
0.001075000000000
0.001074000000000
0.001061000000000
0.001537000000000
0.001077000000000
0.001082000000000
0.001085000000000
0.001238000000000
0.001519000000000
0.001751000000000
0.001084000000000
0.001051000000000
0.001053000000000
0.001088000000000
0.001085000000000
0.001045000000000
0.001204000000000
0.001641000000000
0.001066000000000
0.001062000000000
0.001066000000000
0.001415000000000
0.002706000000000
0.002635000000000
0.001069000000000
0.001075000000000
0.001069000000000
0.001063000000000
0.001620000000000
0.001065000000000
0.001477000000000
0.001065000000000
0.001053000000000
0.001060000000000
0.001080000000000
0.001054000000000
0.001413000000000
0.001337000000000
0.001074000000000
0.001093000000000
0.002339000000000
0.001085000000000
0.001489000000000
0.001050000000000
0.001065000000000
0.001079000000000
0.001174000000000
0.001078000000000
0.001200000000000
0.001257000000000
0.001080000000000
0.001095000000000
0.001065000000000
0.001494000000000
0.001078000000000
0.002407000000000
0.001443000000000
0.001455000000000
0.001124000000000
0.001681000000000
0.001066000000000
0.001649000000000
0.001058000000000
0.001160000000000
0.001495000000000
0.001068000000000
0.001170000000000
0.001417000000000
0.001260000000000
0.001059000000000
0.001073000000000
0.001479000000000
0.001074000000000
0.001067000000000
0.001193000000000
0.001054000000000
0.001059000000000
0.001498000000000
0.001072000000000
0.002570000000000
0.001045000000000
0.001074000000000
0.001167000000000
0.001084000000000
0.001097000000000
0.001108000000000
0.001059000000000
0.001067000000000
0.001082000000000
0.001142000000000
0.001053000000000
0.001074000000000
0.001069000000000
0.001082000000000
0.001096000000000
0.001068000000000
0.001062000000000
0.001315000000000
0.001092000000000
0.001068000000000
0.001077000000000
0.001192000000000
0.001070000000000
0.001063000000000
0.001074000000000
0.001046000000000
0.001089000000000
0.001063000000000
0.001078000000000
0.001084000000000
0.001072000000000
0.001139000000000
0.001067000000000
0.001055000000000
0.001058000000000
0.001067000000000
0.001064000000000
0.001060000000000
0.001062000000000
0.001519000000000
0.001115000000000
0.002069000000000
0.001096000000000
0.001067000000000
0.001078000000000
0.001443000000000
0.001085000000000
0.001053000000000
0.001059000000000
0.001570000000000
0.001088000000000
0.002021000000000
0.001092000000000
0.001055000000000
0.001058000000000
0.001081000000000
0.001089000000000
0.001078000000000
0.002223000000000
0.001066000000000
0.001101000000000
0.001067000000000
0.001595000000000
0.001067000000000
0.001058000000000
0.001433000000000
0.001195000000000
0.001166000000000
0.001066000000000
0.001525000000000
0.001121000000000
0.001060000000000
0.001179000000000
0.001426000000000
0.001058000000000
0.002310000000000
0.001103000000000
0.001075000000000
0.001059000000000
0.001056000000000
0.001055000000000
0.001054000000000
0.001126000000000
0.001064000000000
0.001076000000000
0.001501000000000
0.002687000000000
0.001055000000000
0.001055000000000
0.001636000000000
0.001121000000000
0.001066000000000
0.001067000000000
0.002622000000000
0.001008000000000
0.001537000000000
0.001073000000000
0.001059000000000
0.001490000000000
0.001070000000000
0.001109000000000
0.001433000000000
0.001463000000000
0.001060000000000
0.001115000000000
0.001083000000000
0.001067000000000
0.001502000000000
0.001553000000000
0.001102000000000
0.001048000000000
0.001414000000000
0.001691000000000
0.001085000000000
0.001064000000000
0.001064000000000
0.001204000000000
0.002422000000000
0.001604000000000
0.001078000000000
0.001064000000000
0.001533000000000
0.001093000000000
0.001110000000000
0.001095000000000
0.001093000000000
0.001066000000000
0.001068000000000
0.001083000000000
0.001083000000000
0.001078000000000
0.001525000000000
0.001073000000000
0.001367000000000
0.001120000000000
0.001076000000000
0.001065000000000
0.001094000000000
0.001503000000000
0.001090000000000
0.001102000000000
0.001052000000000
0.001054000000000
0.001071000000000
0.001071000000000
0.001068000000000
0.001096000000000
0.001085000000000
0.001073000000000
0.001056000000000
0.001614000000000
0.001159000000000
0.001040000000000
0.001047000000000
0.001082000000000
0.001065000000000
0.001056000000000
0.001073000000000
0.001046000000000
0.001135000000000
0.001068000000000
0.001083000000000
0.001085000000000
0.001060000000000
0.001423000000000
0.001052000000000
0.001474000000000
0.001071000000000
0.002059000000000
0.001053000000000
0.001054000000000
0.001066000000000
0.001064000000000
0.001184000000000
0.002724000000000
0.001069000000000
0.001523000000000
0.001047000000000
0.001061000000000
0.001086000000000
0.001523000000000
0.001054000000000
0.001078000000000
0.001525000000000
0.001072000000000
0.001082000000000
0.001071000000000
0.001849000000000
0.001078000000000
0.001061000000000
0.001435000000000
0.001073000000000
0.001117000000000
0.001063000000000
0.001709000000000
0.002477000000000
0.001554000000000
0.001069000000000
0.002275000000000
0.001067000000000
0.001861000000000
0.001064000000000
0.001060000000000
0.001053000000000
0.001072000000000
0.002484000000000
0.001188000000000
0.001069000000000
0.001071000000000
0.001049000000000
0.002621000000000
0.001070000000000
0.001076000000000
0.001057000000000
0.001063000000000
0.001415000000000
0.001443000000000
0.001057000000000
0.001084000000000
0.001034000000000
0.001516000000000
0.001048000000000
0.001278000000000
0.001072000000000
0.001046000000000
0.001090000000000
0.001077000000000
0.001166000000000
0.001083000000000
0.002433000000000
0.001072000000000
0.001888000000000
0.001056000000000
0.001075000000000
0.001498000000000
0.001083000000000
0.001072000000000
0.001062000000000
0.001075000000000
0.001072000000000
0.001084000000000
0.001064000000000
0.002672000000000
0.001179000000000
0.001050000000000
0.001067000000000
0.001082000000000
0.001108000000000
0.001055000000000
0.001069000000000
0.001082000000000
0.001098000000000
0.000985000000000
0.001069000000000
0.001134000000000
0.001066000000000
0.001067000000000
0.001329000000000
0.001051000000000
0.001068000000000
0.001007000000000
0.001062000000000
0.001067000000000
0.001070000000000
0.001048000000000
0.001059000000000
0.001512000000000
0.001056000000000
0.002324000000000
0.002636000000000
0.001071000000000
0.001056000000000
0.002644000000000
0.001067000000000
0.001487000000000
0.001068000000000
0.001069000000000
0.001063000000000
0.001490000000000
0.001066000000000
0.001067000000000
0.001056000000000
0.001093000000000
0.001062000000000
0.001951000000000
0.001077000000000
0.001534000000000
0.001520000000000
0.001080000000000
0.001065000000000
0.001075000000000
0.001065000000000
0.001128000000000
0.001176000000000
0.001069000000000
0.002445000000000
0.001075000000000
0.001083000000000
0.001069000000000
0.002475000000000
0.001059000000000
0.001353000000000
0.001112000000000
0.001077000000000
0.002156000000000
0.001065000000000
0.001062000000000
0.001071000000000
0.001116000000000
0.001050000000000
0.001699000000000
0.001211000000000
0.001212000000000
0.001498000000000
0.001062000000000
0.001071000000000
0.001116000000000
0.001090000000000
0.001048000000000
0.001084000000000
0.002477000000000
0.001069000000000
0.001112000000000
0.001070000000000
0.001084000000000
0.001479000000000
0.001077000000000
0.002369000000000
0.001159000000000
0.002039000000000
0.001099000000000
0.001551000000000
0.001195000000000
0.001094000000000
0.001119000000000
0.002399000000000
0.001056000000000
0.001092000000000
0.001083000000000
0.001083000000000
0.001405000000000
0.001075000000000
0.001090000000000
0.001543000000000
0.001196000000000
0.001069000000000
0.001411000000000
0.001120000000000
0.001434000000000
0.001058000000000
0.001061000000000
0.001067000000000
0.001244000000000
0.001060000000000
0.001245000000000
0.001081000000000
0.001066000000000
0.001067000000000
0.001067000000000
0.001065000000000
0.001059000000000
0.001078000000000
0.001057000000000
0.001059000000000
0.002237000000000
0.001495000000000
0.001433000000000
0.001075000000000
0.001073000000000
0.001063000000000
0.001594000000000
0.001068000000000
0.001077000000000
0.001073000000000
0.001169000000000
0.002674000000000
0.001070000000000
0.001459000000000
0.001070000000000
0.001064000000000
0.001489000000000
0.001084000000000
0.001089000000000
0.001064000000000
0.001060000000000
0.001071000000000
0.002616000000000
0.001063000000000
0.001074000000000
0.002230000000000
0.001058000000000
0.001057000000000
0.001083000000000
0.001086000000000
0.001060000000000
0.001468000000000
0.001061000000000
0.001506000000000
0.001068000000000
0.001072000000000
0.001058000000000
0.001197000000000
0.002259000000000
0.001080000000000
0.001063000000000
0.001107000000000
0.002181000000000
0.001074000000000
0.001074000000000
0.001225000000000
0.001071000000000
0.001075000000000
0.001173000000000
0.001063000000000
0.001067000000000
0.001056000000000
0.001116000000000
0.001067000000000
0.001069000000000
0.001057000000000
0.001190000000000
0.001091000000000
0.001065000000000
0.001491000000000
0.001867000000000
0.001073000000000
0.002519000000000
0.001062000000000
0.002284000000000
0.001238000000000
0.001059000000000
0.001072000000000
0.001268000000000
0.002752000000000
0.001228000000000
0.001270000000000
0.001187000000000
0.001078000000000
0.001084000000000
0.001540000000000
0.001064000000000
0.001090000000000
0.001060000000000
0.001063000000000
0.001053000000000
0.001056000000000
0.001155000000000
0.001075000000000
0.002445000000000
0.001048000000000
0.001089000000000
0.002358000000000
0.001044000000000
0.001063000000000
0.001092000000000
0.001115000000000
0.001045000000000
0.001066000000000
0.001068000000000
0.001068000000000
0.001071000000000
0.001578000000000
0.001055000000000
0.001455000000000
0.001358000000000
0.002356000000000
0.001646000000000
0.001475000000000
0.001077000000000
0.001071000000000
0.001052000000000
0.002685000000000
0.001088000000000
0.001602000000000
0.001084000000000
0.001055000000000
0.001069000000000
0.001056000000000
0.001086000000000
0.001132000000000
0.001226000000000
0.001510000000000
0.001059000000000
0.001071000000000
0.001074000000000
0.001175000000000
0.001080000000000
0.001081000000000
0.001072000000000
0.001111000000000
0.002134000000000
0.001466000000000
0.001077000000000
0.001074000000000
0.001052000000000
0.001518000000000
0.001069000000000
0.001069000000000
0.001057000000000
0.001062000000000
0.002226000000000
0.001070000000000
0.001453000000000
0.001074000000000
0.001236000000000
0.001071000000000
0.001055000000000
0.001522000000000
0.001197000000000
0.001068000000000
0.001059000000000
0.001092000000000
0.001059000000000
0.002676000000000
0.001472000000000
0.001077000000000
0.001081000000000
0.001395000000000
0.001525000000000
0.001058000000000
0.001059000000000
0.001085000000000
0.001011000000000
0.001078000000000
0.001535000000000
0.001063000000000
0.001057000000000
0.001066000000000
0.001550000000000
0.001089000000000
0.001390000000000
0.001594000000000
0.001054000000000
0.001496000000000
0.001582000000000
0.001097000000000
0.001050000000000
0.001289000000000
0.001540000000000
0.001069000000000
0.001063000000000
0.001071000000000
0.001079000000000
0.001060000000000
0.001487000000000
0.001237000000000
0.001082000000000
0.001584000000000
0.001071000000000
0.002576000000000
0.001061000000000
0.001084000000000
0.001045000000000
0.001089000000000
0.001066000000000
0.001055000000000
0.001466000000000
0.001059000000000
0.001854000000000
0.001484000000000
0.001502000000000
0.001064000000000
0.001317000000000
0.001184000000000
0.002607000000000
0.001057000000000
0.001026000000000
0.001081000000000
0.001059000000000
0.001096000000000
0.001061000000000
0.001157000000000
0.001059000000000
0.001066000000000
0.001059000000000
0.001086000000000
0.001049000000000
0.001060000000000
0.001073000000000
0.001067000000000
0.001068000000000
0.001512000000000
0.001094000000000
0.001186000000000
0.001063000000000
0.001069000000000
0.002329000000000
0.001482000000000
0.001065000000000
0.001532000000000
0.002496000000000
0.001678000000000
0.001449000000000
0.001682000000000
0.001080000000000
0.001088000000000
0.001042000000000
0.001123000000000
0.001094000000000
0.001075000000000
0.001224000000000
0.001092000000000
0.001441000000000
0.001081000000000
0.001518000000000
0.001583000000000
0.001069000000000
0.001064000000000
0.001059000000000
0.002578000000000
0.001380000000000
0.001065000000000
0.001108000000000
0.001061000000000
0.001446000000000
0.002414000000000
0.001074000000000
0.001078000000000
0.001078000000000
0.001067000000000
0.001088000000000
0.001077000000000
0.001050000000000
0.002542000000000
0.001073000000000
0.001079000000000
0.001059000000000
0.001473000000000
0.001577000000000
0.001079000000000
0.001078000000000
0.002443000000000
0.002879000000000
0.001068000000000
0.001172000000000
0.001074000000000
0.001062000000000
0.001064000000000
0.001134000000000
0.001113000000000
0.001084000000000
0.001073000000000
0.001074000000000
0.002405000000000
0.001082000000000
0.001787000000000
0.001442000000000
0.001191000000000
0.001076000000000
0.001053000000000
0.001071000000000
0.001063000000000
0.001083000000000
0.001573000000000
0.001518000000000
0.001079000000000
0.001082000000000
0.001100000000000
0.001064000000000
0.001071000000000
0.001066000000000
0.001087000000000
0.001074000000000
0.001084000000000
0.001067000000000
0.001053000000000
0.001092000000000
0.002201000000000
0.001085000000000
0.001547000000000
0.001063000000000
0.001064000000000
0.001065000000000
0.001092000000000
0.001062000000000
0.001055000000000
0.001369000000000
0.001480000000000
0.001089000000000
0.001067000000000
0.001059000000000
0.001074000000000
0.001086000000000
0.002227000000000
0.001055000000000
0.001187000000000
0.001081000000000
0.002653000000000
0.001547000000000
0.001485000000000
0.001058000000000
0.001507000000000
0.001166000000000
0.001136000000000
0.001086000000000
0.001805000000000
0.001076000000000
0.001078000000000
0.001063000000000
0.001163000000000
0.001073000000000
0.001141000000000
0.001068000000000
0.001067000000000
0.001462000000000
0.001397000000000
0.001075000000000
0.001060000000000
0.001070000000000
0.002569000000000
0.001089000000000
0.001061000000000
0.001064000000000
0.001070000000000
0.001082000000000
0.001075000000000
0.001064000000000
0.001354000000000
0.001060000000000
0.001077000000000
0.001064000000000
0.001076000000000
0.001073000000000
0.001202000000000
0.001088000000000
0.002554000000000
0.002555000000000
0.001083000000000
0.001651000000000
0.001075000000000
0.001100000000000
0.001055000000000
0.001072000000000
0.001068000000000
0.002302000000000
0.001764000000000
0.002413000000000
0.001481000000000
0.001068000000000
0.002178000000000
0.001152000000000
0.001075000000000
0.001079000000000
0.001179000000000
0.001074000000000
0.001542000000000
0.001076000000000
0.001188000000000
0.001069000000000
0.002153000000000
0.001098000000000
0.001065000000000
0.001080000000000
0.001519000000000
0.001485000000000
0.001054000000000
0.001479000000000
0.001078000000000
0.001141000000000
0.001076000000000
0.001600000000000
0.001088000000000
0.001149000000000
0.001465000000000
0.001146000000000
0.001078000000000
0.001065000000000
0.001073000000000
0.001255000000000
0.001145000000000
0.001572000000000
0.001061000000000
0.001090000000000
0.002446000000000
0.001066000000000
0.001062000000000
0.001056000000000
0.001060000000000
0.001083000000000
0.001203000000000
0.001059000000000
0.001055000000000
0.001878000000000
0.001094000000000
0.002386000000000
0.002272000000000
0.001060000000000
0.001311000000000
0.001059000000000
0.001080000000000
0.001086000000000
0.001060000000000
0.001090000000000
0.001070000000000
0.001074000000000
0.001525000000000
0.001137000000000
0.001110000000000
0.002467000000000
0.001417000000000
0.001082000000000
0.001087000000000
0.001065000000000
0.001079000000000
0.001073000000000
0.001075000000000
0.001400000000000
0.001112000000000
0.001056000000000
0.001442000000000
0.001087000000000
0.001075000000000
0.001293000000000
0.001077000000000
0.001100000000000
0.001213000000000
0.002450000000000
0.001054000000000
0.001066000000000
0.001111000000000
0.001058000000000
0.001069000000000
0.001070000000000
0.001455000000000
0.001501000000000
0.001534000000000
0.001078000000000
0.001971000000000
0.001076000000000
0.001114000000000
0.001433000000000
0.001090000000000
0.001081000000000
0.001065000000000
0.002133000000000
0.001065000000000
0.001079000000000
0.001067000000000
0.001054000000000
0.001055000000000
0.001075000000000
0.001072000000000
0.001081000000000
0.001106000000000
0.001090000000000
0.000981000000000
0.001059000000000
0.001060000000000
0.001079000000000
0.001065000000000
0.001062000000000
0.001090000000000
0.002663000000000
0.001071000000000
0.001076000000000
0.001541000000000
0.001062000000000
0.001089000000000
0.001063000000000
0.001057000000000
0.001461000000000
0.001083000000000
0.001063000000000
0.002662000000000
0.001349000000000
0.001516000000000
0.001504000000000
0.001090000000000
0.001070000000000
0.001067000000000
0.001318000000000
0.001250000000000
0.001857000000000
0.001064000000000
0.001105000000000
0.001132000000000
0.001068000000000
0.001591000000000
0.001090000000000
0.001086000000000
0.001829000000000
0.001059000000000
0.001057000000000
0.001071000000000
0.001067000000000
0.001079000000000
0.001148000000000
0.001172000000000
0.001084000000000
0.001049000000000
0.001059000000000
0.001081000000000
0.001084000000000
0.001171000000000
0.001399000000000
0.001062000000000
0.001196000000000
0.002327000000000
0.001093000000000
0.001072000000000
0.001072000000000
0.001039000000000
0.001523000000000
0.001066000000000
0.001051000000000
0.001093000000000
0.001089000000000
0.001081000000000
0.001086000000000
0.001068000000000
0.001058000000000
0.001079000000000
0.001480000000000
0.002182000000000
0.002229000000000
0.002308000000000
0.001076000000000
0.001065000000000
0.001057000000000
0.001093000000000
0.001331000000000
0.001555000000000
0.001082000000000
0.001064000000000
0.001081000000000
0.001193000000000
0.001076000000000
0.001102000000000
0.001092000000000
0.002339000000000
0.001429000000000
0.001065000000000
0.001475000000000
0.001070000000000
0.001060000000000
0.001605000000000
0.002423000000000
0.001063000000000
0.001516000000000
0.001104000000000
0.001082000000000
0.001045000000000
0.001058000000000
0.001060000000000
0.001781000000000
0.001068000000000
0.001070000000000
0.001067000000000
0.001077000000000
0.001071000000000
0.001073000000000
0.001081000000000
0.001094000000000
0.001058000000000
0.001549000000000
0.001069000000000
0.001057000000000
0.001094000000000
0.001079000000000
0.001079000000000
0.002567000000000
0.001081000000000
0.001081000000000
0.001080000000000
0.001068000000000
0.001427000000000
0.001060000000000
0.001059000000000
0.001055000000000
0.001097000000000
0.001550000000000
0.001379000000000
0.001089000000000
0.001072000000000
0.002443000000000
0.001092000000000
0.001081000000000
0.001060000000000
0.002394000000000
0.001093000000000
0.001180000000000
0.001771000000000
0.001535000000000
0.001078000000000
0.001792000000000
0.001084000000000
0.001199000000000
0.001145000000000
0.001091000000000
0.001200000000000
0.001055000000000
0.001076000000000
0.001068000000000
0.001071000000000
0.001083000000000
0.001514000000000
0.001109000000000
0.002461000000000
0.001067000000000
0.001089000000000
0.001079000000000
0.001251000000000
0.001075000000000
0.001083000000000
0.001115000000000
0.001211000000000
0.001081000000000
0.001072000000000
0.001069000000000
0.001084000000000
0.002249000000000
0.001074000000000
0.001072000000000
0.001090000000000
0.001011000000000
0.001072000000000
0.001071000000000
0.001486000000000
0.001088000000000
0.001081000000000
0.001073000000000
0.001053000000000
0.001084000000000
0.001077000000000
0.001070000000000
0.001085000000000
0.001066000000000
0.001072000000000
0.001102000000000
0.001071000000000
0.001053000000000
0.001063000000000
0.001190000000000
0.001964000000000
0.002628000000000
0.001063000000000
0.001181000000000
0.001067000000000
0.001063000000000
0.001443000000000
0.001066000000000
0.001092000000000
0.001062000000000
0.001064000000000
0.001079000000000
0.001024000000000
0.001202000000000
0.001073000000000
0.001075000000000
0.001063000000000
0.001077000000000
0.001062000000000
0.001543000000000
0.001140000000000
0.001055000000000
0.001259000000000
0.001085000000000
0.001067000000000
0.001112000000000
0.001073000000000
0.001081000000000
0.001076000000000
0.001085000000000
0.001458000000000
0.001078000000000
0.002041000000000
0.001085000000000
0.002445000000000
0.001067000000000
0.001085000000000
0.001067000000000
0.001099000000000
0.001086000000000
0.001087000000000
0.001535000000000
0.001080000000000
0.001087000000000
0.001068000000000
0.001388000000000
0.001075000000000
0.001476000000000
0.001066000000000
0.001102000000000
0.002615000000000
0.001087000000000
0.001075000000000
0.001074000000000
0.002519000000000
0.001070000000000
0.001488000000000
0.001142000000000
0.001069000000000
0.002389000000000
0.001067000000000
0.001493000000000
0.001082000000000
0.001071000000000
0.001053000000000
0.001082000000000
0.001082000000000
0.002695000000000
0.002494000000000
0.001080000000000
0.001057000000000
0.001066000000000
0.002500000000000
0.001163000000000
0.001164000000000
0.001083000000000
0.001504000000000
0.001468000000000
0.001171000000000
0.001137000000000
0.001545000000000
0.001094000000000
0.002474000000000
0.001074000000000
0.001108000000000
0.001085000000000
0.001076000000000
0.001643000000000
0.001077000000000
0.001074000000000
0.001072000000000
0.001588000000000
0.001092000000000
0.001073000000000
0.001095000000000
0.001068000000000
0.001083000000000
0.001081000000000
0.001406000000000
0.001077000000000
0.001071000000000
0.001071000000000
0.002463000000000
0.001423000000000
0.001082000000000
0.001087000000000
0.001071000000000
0.001798000000000
0.001070000000000
0.001079000000000
0.001080000000000
0.001066000000000
0.001491000000000
0.001064000000000
0.001564000000000
0.001077000000000
0.001090000000000
0.001066000000000
0.001071000000000
0.001069000000000
0.001058000000000
0.001060000000000
0.001068000000000
0.002163000000000
0.001450000000000
0.001460000000000
0.001086000000000
0.001532000000000
0.001094000000000
0.001075000000000
0.001066000000000
0.001062000000000
0.001428000000000
0.001069000000000
0.001077000000000
0.001071000000000
0.001554000000000
0.001511000000000
0.001073000000000
0.001070000000000
0.001389000000000
0.001395000000000
0.001087000000000
0.001066000000000
0.001086000000000
0.001063000000000
0.001063000000000
0.001075000000000
0.001090000000000
0.001432000000000
0.001476000000000
0.001080000000000
0.001055000000000
0.001090000000000
0.001570000000000
0.001076000000000
0.001067000000000
0.002786000000000
0.001185000000000
0.001056000000000
0.001490000000000
0.001074000000000
0.001646000000000
0.001080000000000
0.001773000000000
0.001070000000000
0.001057000000000
0.001083000000000
0.001212000000000
0.001094000000000
0.001071000000000
0.001074000000000
0.001150000000000
0.001307000000000
0.001080000000000
0.001425000000000
0.001071000000000
0.001081000000000
0.001550000000000
0.001075000000000
0.001520000000000
0.001088000000000
0.001083000000000
0.001102000000000
0.001063000000000
0.001076000000000
0.001597000000000
0.001092000000000
0.001089000000000
0.001526000000000
0.001523000000000
0.001086000000000
0.001127000000000
0.001094000000000
0.001107000000000
0.001081000000000
0.001232000000000
0.002628000000000
0.001112000000000
0.001118000000000
0.001111000000000
0.001070000000000
0.001070000000000
0.001450000000000
0.001086000000000
0.001547000000000
0.001099000000000
0.001053000000000
0.001591000000000
0.001088000000000
0.001060000000000
0.001066000000000
0.001142000000000
0.001608000000000
0.002230000000000
0.001074000000000
0.001086000000000
0.001081000000000
0.001094000000000
0.001135000000000
0.001105000000000
0.001413000000000
0.001086000000000
0.001472000000000
0.001954000000000
0.001083000000000
0.001070000000000
0.001083000000000
0.001060000000000
0.001098000000000
0.001091000000000
0.001214000000000
0.001080000000000
0.001076000000000
0.001087000000000
0.001236000000000
0.001119000000000
0.001580000000000
0.001076000000000
0.001073000000000
0.001466000000000
0.001384000000000
0.001068000000000
0.001071000000000
0.001106000000000
0.001069000000000
0.002061000000000
0.001082000000000
0.002457000000000
0.001114000000000
0.001092000000000
0.001069000000000
0.001138000000000
0.001080000000000
0.001592000000000
0.002289000000000
0.001550000000000
0.002012000000000
0.001066000000000
0.001078000000000
0.001065000000000
0.001069000000000
0.001083000000000
0.001075000000000
0.001102000000000
0.001516000000000
0.001075000000000
0.001062000000000
0.001067000000000
0.001076000000000
0.001504000000000
0.002461000000000
0.001900000000000
0.001085000000000
0.001615000000000
0.001059000000000
0.001086000000000
0.001611000000000
0.001072000000000
0.001070000000000
0.002673000000000
0.001088000000000
0.002322000000000
0.001191000000000
0.001089000000000
0.001451000000000
0.001084000000000
0.001087000000000
0.001076000000000
0.001645000000000
0.001069000000000
0.001065000000000
0.001096000000000
0.001068000000000
0.001062000000000
0.001201000000000
0.001531000000000
0.001082000000000
0.001079000000000
0.001100000000000
0.001073000000000
0.001180000000000
0.001136000000000
0.001131000000000
0.001459000000000
0.001063000000000
0.001486000000000
0.001073000000000
0.001144000000000
0.001253000000000
0.001094000000000
0.001076000000000
0.001081000000000
0.001072000000000
0.001084000000000
0.001080000000000
0.001093000000000
0.001059000000000
0.001630000000000
0.001079000000000
0.001089000000000
0.001142000000000
0.001129000000000
0.001084000000000
0.001072000000000
0.001073000000000
0.001072000000000
0.001061000000000
0.001079000000000
0.001089000000000
0.001528000000000
0.001463000000000
0.001078000000000
0.001210000000000
0.001074000000000
0.001074000000000
0.001512000000000
0.001514000000000
0.001104000000000
0.001591000000000
0.001506000000000
0.001109000000000
0.002690000000000
0.001097000000000
0.001073000000000
0.001462000000000
0.001083000000000
0.002581000000000
0.001076000000000
0.001089000000000
0.001087000000000
0.001071000000000
0.001104000000000
0.001091000000000
0.001084000000000
0.001068000000000
0.001245000000000
0.001303000000000
0.001086000000000
0.001084000000000
0.001065000000000
0.001075000000000
0.001106000000000
0.002329000000000
0.001061000000000
0.001102000000000
0.002461000000000
0.001083000000000
0.001478000000000
0.002353000000000
0.001074000000000
0.001093000000000
0.001072000000000
0.001489000000000
0.001193000000000
0.001565000000000
0.001880000000000
0.001110000000000
0.001539000000000
0.001079000000000
0.001083000000000
0.002390000000000
0.001073000000000
0.001079000000000
0.001524000000000
0.001081000000000
0.001068000000000
0.002617000000000
0.001081000000000
0.032949000000000
0.001080000000000
0.001069000000000
0.002325000000000
0.001095000000000
0.001066000000000
0.001070000000000
0.038133000000000
0.001062000000000
0.001072000000000
0.001082000000000
0.001229000000000
0.002741000000000
0.001081000000000
0.001087000000000
0.001072000000000
0.002562000000000
0.042082000000000
0.001104000000000
0.001649000000000
0.001087000000000
0.001073000000000
0.001085000000000
0.033792000000000
0.001087000000000
0.001090000000000
0.002353000000000
0.002114000000000
0.001090000000000
0.001079000000000
0.001112000000000
0.001092000000000
0.001066000000000
0.043987000000000
0.001524000000000
0.001513000000000
0.001102000000000
0.001119000000000
0.001093000000000
0.013318000000000
0.001084000000000
0.001081000000000
0.001199000000000
0.001218000000000
0.001163000000000
0.001069000000000
0.001073000000000
0.038311000000000
0.001087000000000
0.001115000000000
0.001085000000000
0.001572000000000
0.001082000000000
0.001084000000000
0.001618000000000
0.001089000000000
0.034135000000000
0.001109000000000
0.001084000000000
0.001066000000000
0.001065000000000
0.001088000000000
0.042977000000000
0.001510000000000
0.001087000000000
0.001645000000000
0.001122000000000
0.001549000000000
0.001193000000000
0.033116000000000
0.001100000000000
0.001143000000000
0.001579000000000
0.001059000000000
0.001082000000000
0.033864000000000
0.001237000000000
0.001116000000000
0.001096000000000
0.001089000000000
0.001087000000000
0.001089000000000
0.001126000000000
0.001253000000000
0.001080000000000
0.001112000000000
0.037091000000000
0.001702000000000
0.001234000000000
0.002622000000000
0.001084000000000
0.001104000000000
0.033183000000000
0.001069000000000
0.001472000000000
0.001076000000000
0.001566000000000
0.001069000000000
0.040372000000000
0.001459000000000
0.001385000000000
0.002564000000000
0.001122000000000
0.001145000000000
0.001236000000000
0.036730000000000
0.001080000000000
0.001501000000000
0.001602000000000
0.001061000000000
0.001075000000000
0.002601000000000
0.037683000000000
0.002460000000000
0.001067000000000
0.001075000000000
0.001105000000000
0.001611000000000
0.039758000000000
0.001466000000000
0.002632000000000
0.001115000000000
0.001102000000000
0.001064000000000
0.044075000000000
0.001069000000000
0.001096000000000
0.001082000000000
0.001518000000000
0.001061000000000
0.040790000000000
0.001061000000000
0.001097000000000
0.001288000000000
0.001278000000000
0.041075000000000
0.002257000000000
0.002047000000000
0.001140000000000
0.001064000000000
0.001098000000000
0.001068000000000
0.037410000000000
0.001917000000000
0.001064000000000
0.001114000000000
0.001609000000000
0.002443000000000
0.001083000000000
0.038683000000000
0.001098000000000
0.001090000000000
0.001087000000000
0.001117000000000
0.001092000000000
0.038597000000000
0.001140000000000
0.001084000000000
0.001094000000000
0.001095000000000
0.001085000000000
0.001082000000000
0.040978000000000
0.001062000000000
0.001418000000000
0.001080000000000
0.002548000000000
0.001115000000000
0.001507000000000
0.001111000000000
0.039108000000000
0.001122000000000
0.001093000000000
0.001088000000000
0.001103000000000
0.001068000000000
0.038426000000000
0.001131000000000
0.001088000000000
0.001088000000000
0.001038000000000
0.001709000000000
0.001063000000000
0.001469000000000
0.001072000000000
0.001070000000000
0.001450000000000
0.016530000000000
0.001064000000000
0.001212000000000
0.001056000000000
0.001085000000000
0.001096000000000
0.001094000000000
0.020097000000000
0.001613000000000
0.001156000000000
0.001089000000000
0.001086000000000
0.042772000000000
0.001410000000000
0.001074000000000
0.001086000000000
0.001220000000000
0.001135000000000
0.001087000000000
0.038862000000000
0.001118000000000
0.002210000000000
0.001085000000000
0.001404000000000
0.001101000000000
0.001075000000000
0.001075000000000
0.002570000000000
0.037028000000000
0.001054000000000
0.001118000000000
0.001094000000000
0.001076000000000
0.001058000000000
0.001790000000000
0.033304000000000
0.001400000000000
0.002502000000000
0.001516000000000
0.001069000000000
0.042582000000000
0.001092000000000
0.001139000000000
0.001488000000000
0.001082000000000
0.001096000000000
0.001495000000000
0.029020000000000
0.001092000000000
0.001081000000000
0.001114000000000
0.001503000000000
0.001565000000000
0.001144000000000
0.002036000000000
0.039736000000000
0.001564000000000
0.001074000000000
0.001072000000000
0.001545000000000
0.001083000000000
0.001089000000000
0.001101000000000
0.001081000000000
0.001090000000000
0.034375000000000
0.001097000000000
0.001075000000000
0.001094000000000
0.001090000000000
0.001056000000000
0.033452000000000
0.001682000000000
0.001485000000000
0.001083000000000
0.001133000000000
0.038597000000000
0.002534000000000
0.001979000000000
0.001079000000000
0.002146000000000
0.001082000000000
0.001352000000000
0.001483000000000
0.001204000000000
0.001092000000000
0.001079000000000
0.001084000000000
0.035913000000000
0.002673000000000
0.001079000000000
0.001092000000000
0.002176000000000
0.040616000000000
0.001097000000000
0.001126000000000
0.001579000000000
0.001098000000000
0.001768000000000
0.001068000000000
0.001076000000000
0.002541000000000
0.001087000000000
0.001586000000000
0.009545000000000
0.001068000000000
0.001487000000000
0.001106000000000
0.001854000000000
0.001082000000000
0.041899000000000
0.001068000000000
0.001243000000000
0.002185000000000
0.001113000000000
0.032924000000000
0.002640000000000
0.001089000000000
0.001140000000000
0.001089000000000
0.001071000000000
0.001078000000000
0.001100000000000
0.001080000000000
0.001094000000000
0.001091000000000
0.030276000000000
0.001091000000000
0.001132000000000
0.002566000000000
0.001082000000000
0.001065000000000
0.001123000000000
0.040287000000000
0.001424000000000
0.001092000000000
0.001093000000000
0.001079000000000
0.036911000000000
0.001152000000000
0.002175000000000
0.002027000000000
0.001084000000000
0.001088000000000
0.002211000000000
0.037948000000000
0.002738000000000
0.001398000000000
0.001079000000000
0.034562000000000
0.001102000000000
0.001077000000000
0.002305000000000
0.001171000000000
0.001110000000000
0.039082000000000
0.001248000000000
0.001620000000000
0.001093000000000
0.001069000000000
0.002134000000000
0.044001000000000
0.002768000000000
0.001138000000000
0.001103000000000
0.034323000000000
0.002664000000000
0.001474000000000
0.001091000000000
0.001093000000000
0.001547000000000
0.035281000000000
0.001561000000000
0.001084000000000
0.001700000000000
0.002783000000000
0.043726000000000
0.001115000000000
0.001086000000000
0.002228000000000
0.001074000000000
0.041238000000000
0.001140000000000
0.001513000000000
0.001057000000000
0.043217000000000
0.001096000000000
0.001135000000000
0.002446000000000
0.001084000000000
0.001296000000000
0.001095000000000
0.001531000000000
0.041638000000000
0.001393000000000
0.001476000000000
0.001084000000000
0.001085000000000
0.001471000000000
0.001083000000000
0.002566000000000
0.048261000000000
0.001077000000000
0.002165000000000
0.001459000000000
0.036865000000000
0.001514000000000
0.001089000000000
0.001105000000000
0.041165000000000
0.001086000000000
0.002630000000000
0.001066000000000
0.001087000000000
0.034974000000000
0.001921000000000
0.001102000000000
0.001588000000000
0.001105000000000
0.001205000000000
0.020604000000000
0.001120000000000
0.001686000000000
0.001092000000000
0.001120000000000
0.042638000000000
0.001523000000000
0.001508000000000
0.001158000000000
0.001523000000000
0.001204000000000
0.038027000000000
0.001113000000000
0.001048000000000
0.001093000000000
0.001074000000000
0.001561000000000
0.041224000000000
0.001217000000000
0.001626000000000
0.001081000000000
0.001416000000000
0.039825000000000
0.001085000000000
0.001246000000000
0.001085000000000
0.001484000000000
0.001537000000000
0.037889000000000
0.001475000000000
0.001075000000000
0.001091000000000
0.001606000000000
0.041160000000000
0.002877000000000
0.001075000000000
0.001137000000000
0.001325000000000
0.001477000000000
0.001145000000000
0.001140000000000
0.001536000000000
0.043658000000000
0.001092000000000
0.002011000000000
0.001075000000000
0.001077000000000
0.001548000000000
0.001577000000000
0.001108000000000
0.033699000000000
0.001169000000000
0.001075000000000
0.001106000000000
0.001101000000000
0.041062000000000
0.001100000000000
0.001097000000000
0.002360000000000
0.039024000000000
0.001992000000000
0.001135000000000
0.001074000000000
0.001497000000000
0.001441000000000
0.040098000000000
0.001162000000000
0.001086000000000
0.001078000000000
0.001095000000000
0.001484000000000
0.040753000000000
0.001098000000000
0.001553000000000
0.001096000000000
0.001239000000000
0.001085000000000
0.001273000000000
0.001135000000000
0.001238000000000
0.001644000000000
0.002048000000000
0.001096000000000
0.001094000000000
0.001102000000000
0.035872000000000
0.001102000000000
0.001201000000000
0.001121000000000
0.002283000000000
0.040368000000000
0.001124000000000
0.001098000000000
0.001563000000000
0.001553000000000
0.001081000000000
0.037515000000000
0.001087000000000
0.001840000000000
0.001127000000000
0.001115000000000
0.039203000000000
0.001457000000000
0.001111000000000
0.001105000000000
0.001108000000000
0.001071000000000
0.001178000000000
0.001478000000000
0.002704000000000
0.001101000000000
0.001415000000000
0.001109000000000
0.001081000000000
0.001077000000000
0.001115000000000
0.035563000000000
0.001087000000000
0.001100000000000
0.001081000000000
0.001091000000000
0.001110000000000
0.001075000000000
0.043768000000000
0.001119000000000
0.001098000000000
0.001096000000000
0.001080000000000
0.001210000000000
0.001440000000000
0.001156000000000
0.001086000000000
0.001571000000000
0.001569000000000
0.001095000000000
0.040920000000000
0.001123000000000
0.001114000000000
0.001115000000000
0.001535000000000
0.034736000000000
0.001083000000000
0.001221000000000
0.001479000000000
0.002611000000000
0.043432000000000
0.001104000000000
0.001102000000000
0.001514000000000
0.001464000000000
0.001143000000000
0.039024000000000
0.001094000000000
0.001361000000000
0.001101000000000
0.001099000000000
0.038077000000000
0.001084000000000
0.001138000000000
0.001562000000000
0.032847000000000
0.001094000000000
0.001088000000000
0.001097000000000
0.001075000000000
0.001072000000000
0.032464000000000
0.001101000000000
0.002023000000000
0.001142000000000
0.001523000000000
0.001504000000000
0.001085000000000
0.040569000000000
0.001080000000000
0.001106000000000
0.001597000000000
0.002786000000000
0.034297000000000
0.001109000000000
0.001416000000000
0.001514000000000
0.002598000000000
0.001092000000000
0.024682000000000
0.001098000000000
0.002424000000000
0.001485000000000
0.001095000000000
0.038993000000000
0.001564000000000
0.001091000000000
0.001085000000000
0.001079000000000
0.001071000000000
0.041807000000000
0.001108000000000
0.001075000000000
0.001227000000000
0.001097000000000
0.001105000000000
0.001075000000000
0.034190000000000
0.001483000000000
0.001115000000000
0.002066000000000
0.001151000000000
0.001112000000000
0.001513000000000
0.001100000000000
0.040149000000000
0.001089000000000
0.001106000000000
0.002749000000000
0.001093000000000
0.001101000000000
0.001076000000000
0.001113000000000
0.033262000000000
0.001097000000000
0.002157000000000
0.001098000000000
0.001219000000000
0.001091000000000
0.001804000000000
0.001520000000000
0.001517000000000
0.001478000000000
0.001553000000000
0.001419000000000
0.001081000000000
0.001101000000000
0.001087000000000
0.001616000000000
0.001090000000000
0.001120000000000
0.001470000000000
0.001115000000000
0.001101000000000
0.001500000000000
0.041857000000000
0.001369000000000
0.001089000000000
0.002613000000000
0.001587000000000
0.002827000000000
0.002693000000000
0.001156000000000
0.001082000000000
0.110375000000000
0.001083000000000
0.001111000000000
0.001569000000000
0.001094000000000
0.029846000000000
0.001149000000000
0.001106000000000
0.001370000000000
0.001313000000000
0.031451000000000
0.001202000000000
0.001092000000000
0.002756000000000
0.001072000000000
0.001085000000000
0.002663000000000
0.038273000000000
0.002759000000000
0.001090000000000
0.002719000000000
0.001215000000000
0.001087000000000
0.039638000000000
0.001105000000000
0.001102000000000
0.001477000000000
0.002319000000000
0.042215000000000
0.001103000000000
0.001085000000000
0.001301000000000
0.001092000000000
0.001092000000000
0.037886000000000
0.001544000000000
0.030930000000000
0.001085000000000
0.001110000000000
0.001476000000000
0.001093000000000
0.001196000000000
0.019786000000000
0.001103000000000
0.001115000000000
0.001156000000000
0.001282000000000
0.001129000000000
0.022937000000000
0.001395000000000
0.001567000000000
0.001105000000000
0.001094000000000
0.001101000000000
0.001095000000000
0.001091000000000
0.002603000000000
0.003358000000000
0.001104000000000
0.001092000000000
0.001090000000000
0.001097000000000
0.042622000000000
0.001118000000000
0.001169000000000
0.001097000000000
0.001083000000000
0.001503000000000
0.001104000000000
0.001139000000000
0.001134000000000
0.001164000000000
0.001203000000000
0.002682000000000
0.035425000000000
0.002638000000000
0.001129000000000
0.001133000000000
0.001078000000000
0.001113000000000
0.001185000000000
0.039330000000000
0.001344000000000
0.001099000000000
0.001090000000000
0.001188000000000
0.040863000000000
0.002697000000000
0.001146000000000
0.001150000000000
0.001475000000000
0.001087000000000
0.044559000000000
0.001499000000000
0.001103000000000
0.001197000000000
0.001526000000000
0.001098000000000
0.001694000000000
0.002746000000000
0.043260000000000
0.001184000000000
0.001580000000000
0.001106000000000
0.002402000000000
0.001106000000000
0.001109000000000
0.033525000000000
0.001101000000000
0.001106000000000
0.002407000000000
0.001118000000000
0.001111000000000
0.001540000000000
0.001315000000000
0.001169000000000
0.001095000000000
0.001499000000000
0.001622000000000
0.001997000000000
0.001091000000000
0.001086000000000
0.001501000000000
0.002664000000000
0.001091000000000
0.001102000000000
0.002734000000000
0.001128000000000
0.032376000000000
0.001092000000000
0.001093000000000
0.001136000000000
0.002647000000000
0.001113000000000
0.043685000000000
0.001112000000000
0.001103000000000
0.001137000000000
0.001087000000000
0.002424000000000
0.001669000000000
0.001092000000000
0.001092000000000
0.001079000000000
0.001082000000000
0.017601000000000
0.001434000000000
0.001115000000000
0.001087000000000
0.001102000000000
0.001098000000000
0.082126000000000
0.001096000000000
0.001125000000000
0.001076000000000
0.001169000000000
0.001609000000000
0.001114000000000
0.001087000000000
0.001098000000000
0.002028000000000
0.001518000000000
0.001230000000000
0.043341000000000
0.002497000000000
0.002559000000000
0.001182000000000
0.001092000000000
0.030628000000000
0.001077000000000
0.001078000000000
0.001097000000000
0.037862000000000
0.001103000000000
0.001235000000000
0.001163000000000
0.001101000000000
0.001093000000000
0.001152000000000
0.001096000000000
0.041631000000000
0.001083000000000
0.001229000000000
0.001097000000000
0.002173000000000
0.036423000000000
0.001217000000000
0.001147000000000
0.001118000000000
0.002457000000000
0.035001000000000
0.001136000000000
0.001082000000000
0.001097000000000
0.001112000000000
0.001073000000000
0.009393000000000
0.001102000000000
0.001095000000000
0.001108000000000
0.001086000000000
0.001087000000000
0.001498000000000
0.001088000000000
0.001141000000000
0.001112000000000
0.021267000000000
0.001435000000000
0.001090000000000
0.001105000000000
0.040653000000000
0.001109000000000
0.001138000000000
0.001120000000000
0.001147000000000
0.044051000000000
0.001915000000000
0.002695000000000
0.001109000000000
0.001135000000000
0.001135000000000
0.001119000000000
0.001120000000000
0.001127000000000
0.001089000000000
0.001082000000000
0.001354000000000
0.001082000000000
0.001084000000000
0.001100000000000
0.001077000000000
0.001104000000000
0.001628000000000
0.002206000000000
0.001086000000000
0.010769000000000
0.001123000000000
0.001110000000000
0.001125000000000
0.001554000000000
0.001097000000000
0.001091000000000
0.002319000000000
0.001209000000000
0.001098000000000
0.002402000000000
0.001109000000000
0.001492000000000
0.001100000000000
0.001142000000000
0.002544000000000
0.052979000000000
0.001549000000000
0.001084000000000
0.002509000000000
0.001582000000000
0.001093000000000
0.002577000000000
0.001938000000000
0.023601000000000
0.001105000000000
0.002105000000000
0.001112000000000
0.001535000000000
0.001110000000000
0.001100000000000
0.002513000000000
0.001129000000000
0.001098000000000
0.001112000000000
0.001228000000000
0.001100000000000
0.001128000000000
0.001164000000000
0.001075000000000
0.002533000000000
0.001145000000000
0.001141000000000
0.001198000000000
0.001099000000000
0.001084000000000
0.001707000000000
0.001964000000000
0.001114000000000
0.001134000000000
0.002453000000000
0.001084000000000
0.001124000000000
0.001605000000000
0.001095000000000
0.001869000000000
0.001135000000000
0.001095000000000
0.001092000000000
0.001086000000000
0.001492000000000
0.002072000000000
0.001111000000000
0.001131000000000
0.001533000000000
0.001098000000000
0.001096000000000
0.001094000000000
0.001215000000000
0.001428000000000
0.001093000000000
0.001091000000000
0.001490000000000
0.001670000000000
0.001091000000000
0.001242000000000
0.001526000000000
0.002740000000000
0.001109000000000
0.002782000000000
0.001190000000000
0.001126000000000
0.001158000000000
0.044655000000000
0.001103000000000
0.002433000000000
0.001093000000000
0.001101000000000
0.001526000000000
0.001097000000000
0.002479000000000
0.002372000000000
0.001617000000000
0.001172000000000
0.004309000000000
0.001178000000000
0.001109000000000
0.001100000000000
0.001094000000000
0.001210000000000
0.001084000000000
0.001085000000000
0.019838000000000
0.001331000000000
0.001227000000000
0.001091000000000
0.001194000000000
0.001214000000000
0.001133000000000
0.001125000000000
0.001125000000000
0.001105000000000
0.002499000000000
0.001474000000000
0.001560000000000
0.001168000000000
0.001112000000000
0.001108000000000
0.001627000000000
0.001170000000000
0.001264000000000
0.001086000000000
0.001565000000000
0.001093000000000
0.001425000000000
0.002979000000000
0.001089000000000
0.002675000000000
0.001078000000000
0.001127000000000
0.002236000000000
0.001129000000000
0.001138000000000
0.001313000000000
0.001222000000000
0.001111000000000
0.002661000000000
0.001103000000000
0.001120000000000
0.001161000000000
0.001504000000000
0.001625000000000
0.002169000000000
0.001081000000000
0.001682000000000
0.001099000000000
0.001098000000000
0.001123000000000
0.001157000000000
0.001116000000000
0.001264000000000
0.001088000000000
0.001167000000000
0.001251000000000
0.001133000000000
0.001684000000000
0.001085000000000
0.002543000000000
0.001108000000000
0.001162000000000
0.002200000000000
0.001095000000000
0.001111000000000
0.001099000000000
0.001090000000000
0.001091000000000
0.002049000000000
0.001096000000000
0.001127000000000
0.001081000000000
0.001148000000000
0.001134000000000
0.001097000000000
0.001130000000000
0.001146000000000
0.001157000000000
0.001141000000000
0.001112000000000
0.001318000000000
0.001185000000000
0.001095000000000
0.001202000000000
0.001132000000000
0.001569000000000
0.001167000000000
0.001363000000000
0.001205000000000
0.001256000000000
0.001201000000000
0.001129000000000
0.001127000000000
0.001176000000000
0.001154000000000
0.001110000000000
0.001266000000000
0.001906000000000
0.001201000000000
0.001394000000000
0.001154000000000
0.001203000000000
0.001128000000000
0.001300000000000
0.001175000000000
0.001138000000000
0.001110000000000
0.001205000000000
0.001101000000000
0.001196000000000
0.001463000000000
0.001109000000000
0.001102000000000
0.001170000000000
0.001195000000000
0.002787000000000
0.001417000000000
0.001123000000000
0.001157000000000
0.001203000000000
0.001132000000000
0.001128000000000
0.001129000000000
0.001223000000000
0.001123000000000
0.001440000000000
0.002496000000000
0.001120000000000
0.001116000000000
0.001201000000000
0.001140000000000
0.001201000000000
0.001186000000000
0.001104000000000
0.001197000000000
0.001310000000000
0.001963000000000
0.001183000000000
0.001939000000000
0.001212000000000
0.001112000000000
0.001447000000000
0.001152000000000
0.001142000000000
0.001193000000000
0.001098000000000
0.001140000000000
0.001211000000000
0.001204000000000
0.001301000000000
0.001148000000000
0.001177000000000
0.001129000000000
0.001120000000000
0.001128000000000
0.001163000000000
0.001128000000000
0.001107000000000
0.001143000000000
0.001113000000000
0.001140000000000
0.001102000000000
0.001181000000000
0.001083000000000
0.001183000000000
0.001103000000000
0.001118000000000
0.001105000000000
0.001107000000000
0.001088000000000
0.001104000000000
0.001162000000000
0.001194000000000
0.001121000000000
0.001088000000000
0.001200000000000
0.001090000000000
0.001136000000000
0.001105000000000
0.001126000000000
0.001142000000000
0.001142000000000
0.001121000000000
0.001153000000000
0.001213000000000
0.001173000000000
0.001118000000000
0.001144000000000
0.001161000000000
0.001184000000000
0.001107000000000
0.001130000000000
0.002022000000000
0.001217000000000
0.001140000000000
0.001247000000000
0.001146000000000
0.001097000000000
0.001119000000000
0.001198000000000
0.001178000000000
0.001133000000000
0.001108000000000
0.001142000000000
0.001105000000000
0.001146000000000
0.001254000000000
0.001094000000000
0.018874000000000
0.001122000000000
0.001169000000000
0.001121000000000
0.001160000000000
0.001153000000000
0.001126000000000
0.001144000000000
0.026689000000000
0.001230000000000
0.001110000000000
0.001125000000000
0.001144000000000
0.033601000000000
0.001120000000000
0.001209000000000
0.001232000000000
0.001197000000000
0.028122000000000
0.030499000000000
0.001108000000000
0.001113000000000
0.001232000000000
0.001187000000000
0.001148000000000
0.001122000000000
0.001182000000000
0.001153000000000
0.031874000000000
0.001289000000000
0.001140000000000
0.001464000000000
0.001315000000000
0.001153000000000
0.001196000000000
0.036231000000000
0.001136000000000
0.001239000000000
0.001162000000000
0.001127000000000
0.001215000000000
0.042986000000000
0.001158000000000
0.001577000000000
0.001163000000000
0.039636000000000
0.001111000000000
0.002647000000000
0.001105000000000
0.001237000000000
0.001184000000000
0.001155000000000
0.001207000000000
0.001127000000000
0.001127000000000
0.001220000000000
0.001178000000000
0.001166000000000
0.001168000000000
0.001303000000000
0.001111000000000
0.034415000000000
0.001191000000000
0.001195000000000
0.001168000000000
0.001124000000000
0.001150000000000
0.001094000000000
0.001234000000000
0.001264000000000
0.001917000000000
0.001125000000000
0.001165000000000
0.001193000000000
0.001237000000000
0.001228000000000
0.001127000000000
0.001125000000000
0.001176000000000
0.001127000000000
0.001140000000000
0.001136000000000
0.001124000000000
0.001355000000000
0.001149000000000
0.001119000000000
0.002262000000000
0.001215000000000
0.001147000000000
0.001659000000000
0.001154000000000
0.001417000000000
0.002723000000000
0.001125000000000
0.001124000000000
0.001273000000000
0.001226000000000
0.001343000000000
0.029857000000000
0.001173000000000
0.001204000000000
0.001180000000000
0.001164000000000
0.039103000000000
0.001188000000000
0.001263000000000
0.001190000000000
0.001318000000000
0.034269000000000
0.001213000000000
0.001152000000000
0.001206000000000
0.001210000000000
0.001202000000000
0.040418000000000
0.001203000000000
0.001144000000000
0.001110000000000
0.001237000000000
0.043879000000000
0.001163000000000
0.001141000000000
0.001258000000000
0.001368000000000
0.001157000000000
0.001142000000000
0.001133000000000
0.001126000000000
0.001198000000000
0.001317000000000
0.001339000000000
0.001260000000000
0.001179000000000
0.001191000000000
0.001162000000000
0.001359000000000
0.001142000000000
0.060721000000000
0.002180000000000
0.001100000000000
0.001283000000000
0.001210000000000
0.001143000000000
0.035835000000000
0.001116000000000
0.001261000000000
0.001146000000000
0.001115000000000
0.001172000000000
0.001138000000000
0.001146000000000
0.001147000000000
0.001241000000000
0.001223000000000
0.001168000000000
0.001142000000000
0.001152000000000
0.001196000000000
0.032304000000000
0.001368000000000
0.001176000000000
0.001859000000000
0.001114000000000
0.001772000000000
0.001158000000000
0.001113000000000
0.001257000000000
0.056775000000000
0.001159000000000
0.001141000000000
0.001154000000000
0.001188000000000
0.001135000000000
0.036131000000000
0.001151000000000
0.001305000000000
0.001148000000000
0.001252000000000
0.001249000000000
0.001144000000000
0.001150000000000
0.001142000000000
0.001176000000000
0.001327000000000
0.001256000000000
0.001179000000000
0.001153000000000
0.001126000000000
0.011126000000000
0.001167000000000
0.001150000000000
0.001233000000000
0.001155000000000
0.001197000000000
0.001338000000000
0.035428000000000
0.002359000000000
0.001138000000000
0.001144000000000
0.001103000000000
0.001153000000000
0.032620000000000
0.001193000000000
0.001202000000000
0.001149000000000
0.001305000000000
0.001258000000000
0.001724000000000
0.034582000000000
0.001196000000000
0.001170000000000
0.001145000000000
0.040326000000000
0.001177000000000
0.001267000000000
0.001133000000000
0.001284000000000
0.001153000000000
0.001170000000000
0.001326000000000
0.001135000000000
0.001214000000000
0.001156000000000
0.001139000000000
0.001134000000000
0.001190000000000
0.001229000000000
0.001143000000000
0.001160000000000
0.016161000000000
0.001186000000000
0.001155000000000
0.001155000000000
0.001159000000000
0.001197000000000
0.031142000000000
0.001158000000000
0.001154000000000
0.001250000000000
0.001215000000000
0.001182000000000
0.036142000000000
0.001164000000000
0.001408000000000
0.001210000000000
0.001148000000000
0.001117000000000
0.001369000000000
0.001222000000000
0.023029000000000
0.001297000000000
0.001341000000000
0.001252000000000
0.001158000000000
0.016164000000000
0.001122000000000
0.001104000000000
0.001140000000000
0.001283000000000
0.001118000000000
0.001150000000000
0.036474000000000
0.002701000000000
0.001562000000000
0.001184000000000
0.001135000000000
0.001193000000000
0.001200000000000
0.038004000000000
0.001205000000000
0.001143000000000
0.001181000000000
0.027345000000000
0.001164000000000
0.001349000000000
0.001165000000000
0.001185000000000
0.001160000000000
0.001165000000000
0.032930000000000
0.001161000000000
0.001166000000000
0.001195000000000
0.001120000000000
0.001354000000000
0.001339000000000
0.019957000000000
0.001179000000000
0.001223000000000
0.001504000000000
0.001165000000000
0.001241000000000
0.001189000000000
0.001193000000000
0.011083000000000
0.092010000000000
0.001143000000000
0.001137000000000
0.001406000000000
0.001160000000000
0.001179000000000
0.001140000000000
0.001190000000000
0.001140000000000
0.001105000000000
0.081171000000000
0.001211000000000
0.001233000000000
0.001176000000000
0.001215000000000
0.040567000000000
0.001192000000000
0.001250000000000
0.001406000000000
0.001188000000000
0.184883000000000
0.001216000000000
0.001224000000000
0.001112000000000
0.001172000000000
0.001365000000000
0.001468000000000
0.001222000000000
0.001222000000000
0.031436000000000
0.001542000000000
0.001148000000000
0.001180000000000
0.001286000000000
0.001108000000000
0.001218000000000
0.001164000000000
0.001215000000000
0.001170000000000
0.001266000000000
0.001403000000000
0.001125000000000
0.001246000000000
0.001280000000000
0.001263000000000
0.001174000000000
0.001626000000000
0.001283000000000
0.001159000000000
0.001107000000000
0.001139000000000
0.001134000000000
0.001188000000000
0.001381000000000
0.001287000000000
0.001252000000000
0.001118000000000
0.001127000000000
0.002533000000000
0.001185000000000
0.001297000000000
0.001110000000000
0.001253000000000
0.001176000000000
0.001280000000000
0.001164000000000
0.001135000000000
0.001108000000000
0.001323000000000
0.001131000000000
0.001132000000000
0.001212000000000
0.001283000000000
0.001247000000000
0.001215000000000
0.001151000000000
0.001162000000000
0.001159000000000
0.001212000000000
0.001148000000000
0.001200000000000
0.001169000000000
0.001205000000000
0.001160000000000
0.001216000000000
0.001177000000000
0.001342000000000
0.001323000000000
0.001102000000000
0.001136000000000
0.001238000000000
0.001137000000000
0.001137000000000
0.001126000000000
0.002180000000000
0.002018000000000
0.001119000000000
0.001159000000000
0.001211000000000
0.001146000000000
0.001114000000000
0.001122000000000
0.001105000000000
0.001127000000000
0.001110000000000
0.001415000000000
0.001162000000000
0.001120000000000
0.001116000000000
0.001144000000000
0.001111000000000
0.002325000000000
0.001865000000000
0.001117000000000
0.001118000000000
0.001154000000000
0.002479000000000
0.001121000000000
0.001125000000000
0.001100000000000
0.001887000000000
0.001130000000000
0.001493000000000
0.001095000000000
0.001130000000000
0.001851000000000
0.001103000000000
0.001123000000000
0.001282000000000
0.001135000000000
0.002530000000000
0.001126000000000
0.001187000000000
0.001515000000000
0.001102000000000
0.001117000000000
0.001122000000000
0.001226000000000
0.001127000000000
0.001134000000000
0.001115000000000
0.001147000000000
0.001491000000000
0.001138000000000
0.001676000000000
0.001156000000000
0.003304000000000
0.001140000000000
0.001980000000000
0.001133000000000
0.001467000000000
0.002510000000000
0.001243000000000
0.001628000000000
0.001111000000000
0.001156000000000
0.001100000000000
0.001237000000000
0.001123000000000
0.001126000000000
0.001163000000000
0.003131000000000
0.001107000000000
0.001143000000000
0.001114000000000
0.001138000000000
0.003110000000000
0.001119000000000
0.001106000000000
0.001125000000000
0.001527000000000
0.001584000000000
0.001099000000000
0.001125000000000
0.001218000000000
0.001135000000000
0.001137000000000
0.002128000000000
0.001135000000000
0.001960000000000
0.001673000000000
0.001530000000000
0.001131000000000
0.001282000000000
0.001123000000000
0.001126000000000
0.003404000000000
0.001097000000000
0.001181000000000
0.001149000000000
0.001131000000000
0.001173000000000
0.001117000000000
0.001128000000000
0.001281000000000
0.001175000000000
0.002967000000000
0.001130000000000
0.003225000000000
0.002176000000000
0.001117000000000
0.001121000000000
0.001108000000000
0.001215000000000
0.001108000000000
0.001100000000000
0.001096000000000
0.001111000000000
0.001116000000000
0.001100000000000
0.001131000000000
0.001110000000000
0.001134000000000
0.001127000000000
0.003119000000000
0.001125000000000
0.001120000000000
0.001111000000000
0.001112000000000
0.001104000000000
0.001116000000000
0.001224000000000
0.001137000000000
0.001130000000000
0.001296000000000
0.001213000000000
0.001167000000000
0.001575000000000
0.001281000000000
0.001107000000000
0.001130000000000
0.001142000000000
0.001138000000000
0.001109000000000
0.031268000000000
0.001110000000000
0.001092000000000
0.001100000000000
0.001598000000000
0.001555000000000
0.001126000000000
0.001129000000000
0.001118000000000
0.002640000000000
