 1383079366.3906
12
 1383079542.72974
114
 1383079543.77721
196
 1383079544.79973
279
 1383079545.8281
361
 1383079546.89308
440
 1383079547.86493
520
 1383079548.91027
596
 1383079549.93978
674
 1383079550.99459
748
 1383079552.0517
826
 1383079553.14816
898
 1383079554.17215
971
 1383079555.20653
1042
 1383079556.22857
1113
 1383079557.27518
1182
 1383079558.31286
1256
 1383079559.39801
1323
 1383079560.46608
1389
 1383079561.43387
1455
 1383079562.45078
1521
 1383079563.47842
1584
 1383079564.49396
1649
 1383079565.51543
1712
 1383079566.56602
1774
 1383079567.55985
1838
 1383079568.59699
1899
 1383079569.61504
1960
 1383079570.63411
2022
 1383079571.69509
2083
 1383079572.73447
2145
 1383079573.78706
2202
 1383079574.8072
2261
 1383079575.86069
2319
 1383079576.88213
2377
 1383079577.93129
2433
 1383079578.95295
2489
 1383079580.00016
2543
 1383079581.01931
2598
 1383079582.06573
2965
 1383079589.19917
3018
 1383079590.2663
3070
 1383079591.31494
3121
 1383079592.36298
3173
 1383079593.40588
3223
 1383079594.45953
3275
 1383079595.52725
3325
 1383079596.46087
3375
 1383079597.50738
3425
 1383079598.53412
3477
 1383079599.59569
3528
 1383079600.64793
3580
 1383079601.75
3629
 1383079602.78453
3679
 1383079603.8453
3730
 1383079604.92824
3779
 1383079605.94704
3827
 1383079606.99308
3877
 1383079608.06648
3925
 1383079609.11655
3973
 1383079610.17272
4007
 1383079611.19587
