 1383079349.57718
226
 1383079404.86382
312
 1383079405.82944
397
 1383079407.29596
501
 1383079408.35672
579
 1383079415.53357
1446
 1383079422.20099
1514
 1383079423.36667
1576
 1383079424.38414
1637
 1383079425.40769
1697
 1383079426.44706
1752
 1383079427.5152
1829
 1383079428.74057
1892
 1383079429.78131
1959
 1383079430.91973
2021
 1383079431.95574
2079
 1383079433.01128
2140
 1383079434.09313
2199
 1383079435.18338
2255
 1383079436.22273
2311
 1383079437.2653
2364
 1383079438.72033
2466
 1383079446.42022
2839
 1383079447.63037
2893
 1383079448.68499
2944
 1383079449.72164
2995
 1383079450.75993
3050
 1383079451.88083
3104
 1383079452.93888
3155
 1383079453.97159
3202
 1383079455.00982
3254
 1383079456.16641
3307
 1383079457.25273
3358
 1383079458.36994
3409
 1383079459.42261
3444
 1383079460.44789
3493
 1383079461.46921
3536
 1383079462.48256
3585
 1383079463.52536
3632
 1383079464.57201
3678
 1383079465.63811
3695
 1383079466.67935
3745
 1383079467.77371
3791
 1383079468.78802
3839
 1383079469.82942
3888
 1383079470.94768
3923
 1383079472.06898
3976
 1383079473.14999
4007
 1383079474.22199
