 1383079357.8499
13
 1383079475.11733
113
 1383079476.12731
200
 1383079477.20383
286
 1383079478.27975
371
 1383079479.29211
456
 1383079480.36998
535
 1383079481.44127
625
 1383079482.6515
705
 1383079483.63663
781
 1383079484.65671
854
 1383079485.68499
929
 1383079486.73502
1003
 1383079487.88963
1076
 1383079488.8622
1145
 1383079489.93474
1216
 1383079490.93719
1287
 1383079491.99202
1357
 1383079493.05763
1426
 1383079494.07736
1496
 1383079495.12239
1564
 1383079496.16912
1630
 1383079497.19888
1695
 1383079498.24747
1765
 1383079499.34522
1828
 1383079500.41817
1891
 1383079501.4546
1956
 1383079502.43215
2021
 1383079503.53431
2083
 1383079504.5208
2144
 1383079505.57479
2200
 1383079506.63838
2259
 1383079507.64311
2316
 1383079508.6654
2374
 1383079509.72113
2431
 1383079510.7719
2487
 1383079511.7915
2542
 1383079512.81593
2598
 1383079513.8767
2652
 1383079514.91362
2706
 1383079515.88886
2760
 1383079516.92214
2816
 1383079517.97894
2869
 1383079519.00356
2923
 1383079520.06219
2977
 1383079521.11585
3032
 1383079522.13881
3086
 1383079523.19611
3142
 1383079524.27985
3195
 1383079525.30463
3248
 1383079526.36157
3300
 1383079527.38458
3355
 1383079528.46713
3407
 1383079529.5052
3457
 1383079530.52737
3509
 1383079531.61604
3562
 1383079532.66807
3612
 1383079533.7551
3661
 1383079534.75378
3709
 1383079535.7328
3756
 1383079536.83415
3804
 1383079537.80012
3853
 1383079538.87556
3902
 1383079539.94225
3950
 1383079541.02414
3997
 1383079542.04968
4007
 1383079543.07116
