1383061057.631851911544800
1383061057.637245893478394
1383061057.642575979232788
1383061057.647788047790527
1383061057.652894973754883
1383061057.658004045486450
1383061057.663166999816895
1383061057.668380975723267
1383061057.673444032669067
1383061057.678826093673706
1383061057.684000015258789
1383061057.689275979995728
1383061057.695960998535156
1383061057.703967094421387
1383061057.711716890335083
1383061057.719290971755981
1383061057.727210044860840
1383061057.734982013702393
1383061057.742264032363892
1383061057.749466896057129
1383061057.756869077682495
1383061057.764369010925293
1383061057.771764993667603
1383061057.779236078262329
1383061057.786655902862549
1383061057.793065071105957
1383061057.799915075302124
1383061057.806489944458008
1383061057.813786029815674
1383061057.821774959564209
1383061057.828778982162476
1383061057.836309909820557
1383061057.843689918518066
1383061057.850068092346191
1383061057.856914997100830
1383061057.864706993103027
1383061057.872061014175415
1383061057.878957986831665
1383061057.887202978134155
1383061057.895220994949341
1383061057.903110980987549
1383061057.910425901412964
1383061057.915465116500854
1383061057.920443058013916
1383061057.924984931945801
1383061057.929508924484253
1383061057.934139966964722
1383061057.938890933990479
1383061057.943579912185669
1383061057.948321104049683
1383061057.952943086624146
1383061057.957433938980103
1383061057.962177991867065
1383061057.966975927352905
1383061057.971671104431152
1383061057.976351022720337
1383061057.981184005737305
1383061057.985826015472412
1383061057.990628957748413
1383061057.995508909225464
1383061058.000328063964844
1383061058.005283117294312
1383061058.010056972503662
1383061058.014791011810303
1383061058.019536018371582
1383061058.024262905120850
1383061058.028860092163086
1383061058.033586025238037
1383061058.038294076919556
1383061058.043035030364990
1383061058.048603057861328
1383061058.055737018585205
1383061058.060476064682007
1383061058.065072059631348
1383061058.070267915725708
1383061058.075064897537231
1383061058.079962968826294
1383061058.084731101989746
1383061058.089540004730225
1383061058.094316005706787
1383061058.099301099777222
1383061058.104228019714355
1383061058.109097957611084
1383061058.113864898681641
1383061058.118669986724854
1383061058.124562978744507
1383061058.129889011383057
1383061058.134689092636108
1383061058.139467000961304
1383061058.144176959991455
1383061058.149013042449951
1383061058.153932094573975
1383061058.158615112304688
1383061058.163417100906372
1383061058.168158054351807
1383061058.172964096069336
1383061058.177763938903809
1383061058.182531118392944
1383061058.187211990356445
