1381932549.585438966751099
1381932549.594157934188843
1381932549.601864099502563
1381932549.612572908401489
1381932549.620615959167480
1381932549.628973007202148
1381932549.636761903762817
1381932549.644882917404175
1381932549.654593944549561
1381932549.663587093353271
1381932549.673016071319580
1381932549.682456970214844
1381932549.692044019699097
1381932549.702110052108765
1381932549.712656974792480
1381932549.723045110702515
1381932549.733737945556641
1381932549.744098901748657
1381932549.755273103713989
1381932549.767293930053711
1381932549.778970956802368
1381932549.791161060333252
1381932549.802679061889648
1381932549.814431905746460
1381932549.826607942581177
1381932549.839119911193848
1381932549.851260900497437
1381932549.863665103912354
1381932549.878060102462769
1381932549.891105890274048
1381932549.904459953308105
1381932549.917890071868896
1381932549.933111906051636
1381932549.947459936141968
1381932549.961760997772217
1381932549.976871967315674
1381932549.991806030273438
1381932550.007862091064453
1381932550.024194955825806
1381932550.039370059967041
1381932550.054965019226074
1381932550.070656061172485
1381932550.086680889129639
1381932550.103818893432617
1381932550.121287107467651
1381932550.138384103775024
1381932550.155888080596924
1381932550.172936916351318
1381932550.190396070480347
1381932550.210113048553467
1381932550.227714061737061
1381932550.246871948242188
1381932550.265818119049072
1381932550.285855054855347
1381932550.303764104843140
1381932550.323076009750366
1381932550.342699050903320
1381932550.362466096878052
1381932550.382549047470093
1381932550.402535915374756
1381932550.423249006271362
1381932550.443212032318115
1381932550.464117050170898
1381932550.484529018402100
1381932550.505053043365479
1381932550.525784015655518
1381932550.548921108245850
1381932550.572351932525635
1381932550.593651056289673
1381932550.618786096572876
1381932550.642611026763916
1381932550.668103933334351
1381932550.698820114135742
1381932550.726265907287598
1381932550.758013963699341
1381932550.787082910537720
1381932550.819200992584229
1381932550.850491046905518
1381932550.881983041763306
1381932550.915185928344727
1381932550.947051048278809
1381932550.983947038650513
1381932551.014548063278198
1381932551.047251939773560
1381932551.094836950302124
1381932551.135926008224487
1381932551.172087907791138
1381932551.214656114578247
1381932551.252774000167847
1381932551.294213056564331
1381932551.336638927459717
1381932551.388175010681152
1381932551.435411930084229
1381932551.483325958251953
1381932551.528567075729370
1381932551.575932025909424
1381932551.621788978576660
1381932551.673820018768311
1381932551.725438117980957
