1381935130.247438907623291
1381935130.255742073059082
1381935130.262942075729370
1381935130.270996093750000
1381935130.279006004333496
1381935130.286953926086426
1381935130.296763896942139
1381935130.308094024658203
1381935130.315952062606812
1381935130.326982975006104
1381935130.335427999496460
1381935130.344758987426758
1381935130.354098081588745
1381935130.363982915878296
1381935130.375235080718994
1381935130.384620904922485
1381935130.394927978515625
1381935130.406512975692749
1381935130.417128086090088
1381935130.429876089096069
1381935130.442384004592896
1381935130.457530975341797
1381935130.469161033630371
1381935130.481206893920898
1381935130.493330001831055
1381935130.505446910858154
1381935130.517007112503052
1381935130.530869007110596
1381935130.552326917648315
1381935130.565731048583984
1381935130.579241991043091
1381935130.593314886093140
1381935130.606883049011230
1381935130.621372938156128
1381935130.638178110122681
1381935130.652589082717896
1381935130.667512893676758
1381935130.682677984237671
1381935130.701677083969116
1381935130.717444896697998
1381935130.732884883880615
1381935130.749404907226562
1381935130.765666007995605
1381935130.782468080520630
1381935130.799261093139648
1381935130.815212011337280
1381935130.832035064697266
1381935130.849493026733398
1381935130.866170883178711
1381935130.883466005325317
1381935130.904792070388794
1381935130.926404953002930
1381935130.944118022918701
1381935130.963785886764526
1381935130.986526966094971
1381935131.012042999267578
1381935131.060540914535522
1381935131.083971977233887
1381935131.102864980697632
1381935131.122155904769897
1381935131.141570091247559
1381935131.163908958435059
1381935131.183376073837280
1381935131.208889961242676
1381935131.231044054031372
1381935131.251941919326782
1381935131.276420116424561
1381935131.299972057342529
1381935131.327866077423096
1381935131.352521896362305
1381935131.377948999404907
1381935131.404861927032471
1381935131.430263996124268
1381935131.460128068923950
1381935131.487816095352173
1381935131.517654895782471
1381935131.547602891921997
1381935131.577954053878784
1381935131.606091022491455
1381935131.640525102615356
1381935131.672305107116699
1381935131.702716112136841
1381935131.741796016693115
1381935131.778960943222046
1381935131.814539909362793
1381935131.853754043579102
1381935131.888230085372925
1381935131.931274890899658
1381935131.976252079010010
1381935132.025300025939941
1381935132.074568986892700
1381935132.118777990341187
1381935132.168880939483643
1381935132.207195043563843
1381935132.258023023605347
1381935132.300482034683228
1381935132.355124950408936
1381935132.423816919326782
1381935132.483696937561035
