1381933688.053215026855469
1381933688.568802118301392
1381933689.122968912124634
1381933689.807609081268311
1381933690.414335012435913
1381933691.067289113998413
1381933691.589525938034058
1381933692.355083942413330
1381933693.096509933471680
1381933693.800858974456787
1381933694.660842895507812
1381933695.472812891006470
1381933696.301460027694702
1381933697.187820911407471
1381933698.024456977844238
1381933698.999862909317017
1381933699.909029006958008
1381933700.842189073562622
1381933701.784473896026611
1381933702.762727022171021
1381933703.572212934494019
1381933704.727749109268188
1381933705.798566102981567
1381933706.917423963546753
1381933708.040807008743286
1381933709.214478969573975
1381933710.402642011642456
1381933711.593506097793579
1381933712.824316978454590
1381933714.084950923919678
1381933715.354610919952393
1381933716.630170106887817
1381933717.932554960250854
1381933719.292861938476562
1381933720.660064935684204
1381933722.049787044525146
1381933723.314146995544434
1381933724.889045000076294
1381933726.344578981399536
1381933727.847522020339966
1381933729.370964050292969
1381933730.897350072860718
1381933732.451819896697998
1381933734.020446062088013
1381933735.643731117248535
1381933737.255825996398926
1381933738.900120973587036
1381933740.571558952331543
1381933742.296910047531128
1381933744.025518894195557
1381933745.682465076446533
1381933747.718399047851562
1381933749.534370899200439
1381933751.626599073410034
1381933753.087105989456177
1381933755.645210027694702
1381933757.150527954101562
1381933759.694603919982910
1381933761.264338970184326
1381933763.887748003005981
1381933766.201699018478394
1381933767.768510103225708
1381933770.427337884902954
1381933772.062236070632935
1381933774.915889024734497
1381933777.252373933792114
1381933779.647007942199707
1381933781.298449039459229
1381933784.224479913711548
1381933786.784861087799072
1381933789.428309917449951
1381933791.455096960067749
1381933794.417772054672241
1381933796.824611902236938
1381933799.565799951553345
1381933801.512589931488037
1381933804.385917901992798
1381933806.856324911117554
1381933809.645014047622681
1381933811.565540075302124
1381933815.138533115386963
1381933818.014138936996460
1381933820.364463090896606
1381933823.578722000122070
1381933826.490422010421753
1381933829.416196107864380
1381933832.034113883972168
1381933834.987128019332886
1381933838.106848001480103
1381933841.166389942169189
1381933844.294540882110596
1381933847.533058881759644
1381933850.732593059539795
1381933853.875211000442505
1381933856.989648103713989
1381933860.198879957199097
1381933863.162698030471802
1381933866.364125967025757
1381933869.629992961883545
