1381934990.267380952835083
1381934990.275753021240234
1381934990.283051967620850
1381934990.291395902633667
1381934990.302416086196899
1381934990.310566902160645
1381934990.318967103958130
1381934990.326982975006104
1381934990.335894107818604
1381934990.345190048217773
1381934990.354629993438721
1381934990.363836050033569
1381934990.373388051986694
1381934990.383862972259521
1381934990.394211053848267
1381934990.404370069503784
1381934990.415456056594849
1381934990.426961898803711
1381934990.438730955123901
1381934990.449990987777710
1381934990.461589097976685
1381934990.473057031631470
1381934990.484976053237915
1381934990.496992111206055
1381934990.508795022964478
1381934990.521625041961670
1381934990.534353971481323
1381934990.547312021255493
1381934990.560451984405518
1381934990.574471950531006
1381934990.587933063507080
1381934990.601780891418457
1381934990.614953041076660
1381934990.628938913345337
1381934990.643367052078247
1381934990.658499956130981
1381934990.674766063690186
1381934990.689795970916748
1381934990.704749107360840
1381934990.720462083816528
1381934990.736093997955322
1381934990.752351999282837
1381934990.772434949874878
1381934990.788475036621094
1381934990.805183887481689
1381934990.822391986846924
1381934990.839620113372803
1381934990.855848073959351
1381934990.873521089553833
1381934990.891875028610229
1381934990.916274070739746
1381934990.934303998947144
1381934990.952394962310791
1381934990.971276044845581
1381934990.990204095840454
1381934991.008686065673828
1381934991.028023004531860
1381934991.049777030944824
1381934991.069387912750244
1381934991.090409994125366
1381934991.110503911972046
1381934991.130942106246948
1381934991.151776075363159
1381934991.175067901611328
1381934991.196154117584229
1381934991.218022108078003
1381934991.239485979080200
1381934991.261297941207886
1381934991.283117055892944
1381934991.308449983596802
1381934991.333930969238281
1381934991.359138011932373
1381934991.388581037521362
1381934991.416945934295654
1381934991.450644016265869
1381934991.485671997070312
1381934991.517684936523438
1381934991.547072887420654
1381934991.582025051116943
1381934991.614128112792969
1381934991.652925968170166
1381934991.699027061462402
1381934991.738686084747314
1381934991.775785923004150
1381934991.817451000213623
1381934991.858371019363403
1381934991.898905038833618
1381934991.940262079238892
1381934991.987322092056274
1381934992.029349088668823
1381934992.066520929336548
1381934992.125600099563599
1381934992.192758083343506
1381934992.242679119110107
1381934992.285620927810669
1381934992.336440086364746
1381934992.394268035888672
1381934992.454186916351318
1381934992.513501882553101
