 1382635459.59512
9
 1382639067.95739
13
 1382639068.96015
17
 1382639069.97836
21
 1382639070.98818
26
 1382639072.00385
30
 1382639073.00757
34
 1382639074.02072
38
 1382639075.02447
43
 1382639076.02834
47
 1382639077.05225
50
 1382639078.04585
53
 1382639079.06409
57
 1382639080.07507
61
 1382639081.07915
64
 1382639082.08533
67
 1382639083.09725
71
 1382639084.10926
74
 1382639085.12191
78
 1382639086.13752
82
 1382639087.15149
85
 1382639088.15383
89
 1382639089.16955
92
 1382639090.18963
95
 1382639091.20111
98
 1382639092.21603
102
 1382639093.22801
105
 1382639094.23944
108
 1382639095.24813
112
 1382639096.26542
116
 1382639097.27098
119
 1382639098.2845
123
 1382639099.30263
126
 1382639100.31585
130
 1382639101.32461
133
 1382639102.33615
136
 1382639103.35045
140
 1382639104.37024
143
 1382639105.39212
146
 1382639106.39647
149
 1382639107.4033
152
 1382639108.41084
155
 1382639109.41268
158
 1382639110.42783
161
 1382639111.43907
164
 1382639112.44334
167
 1382639113.45129
171
 1382639114.46084
174
 1382639115.48237
177
 1382639116.49523
180
 1382639117.50158
183
 1382639118.51044
186
 1382639119.53434
189
 1382639120.5237
192
 1382639121.53657
195
 1382639122.55687
199
 1382639123.56637
202
 1382639124.58667
205
 1382639125.58429
208
 1382639126.58965
211
 1382639127.60071
215
 1382639128.60523
218
 1382639129.62736
221
 1382639130.61873
224
 1382639131.63277
227
 1382639132.64073
230
 1382639133.66285
233
 1382639134.67497
236
 1382639135.68749
239
 1382639136.70489
242
 1382639137.72506
245
 1382639138.7188
248
 1382639139.73503
251
 1382639140.74524
254
 1382639141.75466
258
 1382639142.76058
261
 1382639143.77564
263
 1382639144.79264
266
 1382639145.7933
269
 1382639146.81111
272
 1382639147.81978
276
 1382639148.83488
278
 1382639149.84543
281
 1382639150.84853
284
 1382639151.86205
287
 1382639152.86927
290
 1382639153.87424
292
 1382639154.87754
295
 1382639155.89412
298
 1382639156.89824
301
 1382639157.90308
304
 1382639158.91568
306
 1382639159.92554
309
 1382639160.945
312
 1382639161.95308
315
 1382639162.95744
318
 1382639163.97936
321
 1382639164.99376
324
 1382639166.00691
327
 1382639167.02354
329
 1382639168.03117
332
 1382639169.03863
335
 1382639170.06398
337
 1382639171.04919
340
 1382639172.05173
343
 1382639173.06905
345
 1382639174.07585
348
 1382639175.08529
351
 1382639176.09674
354
 1382639177.10297
357
 1382639178.10765
359
 1382639179.12525
363
 1382639180.11896
365
 1382639181.13319
368
 1382639182.14992
370
 1382639183.16144
373
 1382639184.16978
376
 1382639185.18397
378
 1382639186.20024
381
 1382639187.20639
384
 1382639188.21177
386
 1382639189.21797
389
 1382639190.23065
391
 1382639191.24252
394
 1382639192.26085
396
 1382639193.28098
398
 1382639194.28703
400
 1382639195.30352
402
 1382639196.32007
404
 1382639197.3261
406
 1382639198.33168
408
 1382639199.36796
410
 1382639200.3805
412
 1382639201.3898
415
 1382639202.40737
417
 1382639203.41608
420
 1382639204.42593
422
 1382639205.43637
425
 1382639206.44968
427
 1382639207.45717
430
 1382639208.4737
433
 1382639209.48128
435
 1382639210.49225
438
 1382639211.50347
440
 1382639212.5182
443
 1382639213.53728
446
 1382639214.53632
449
 1382639215.5562
451
 1382639216.56008
454
 1382639217.57144
456
 1382639218.58866
459
 1382639219.60614
462
 1382639220.61763
464
 1382639221.62803
467
 1382639222.63947
469
 1382639223.66063
471
 1382639224.64785
474
 1382639225.66346
476
 1382639226.67547
479
 1382639227.69708
481
 1382639228.68841
484
 1382639229.69885
486
 1382639230.70551
488
 1382639231.71365
490
 1382639232.72263
492
 1382639233.73012
494
 1382639234.74966
496
 1382639235.76598
498
 1382639236.78161
500
 1382639237.78604
502
 1382639238.80808
503
 1382639239.80372
505
 1382639240.8159
507
 1382639241.81922
509
 1382639242.83962
511
 1382639243.85179
513
 1382639244.86244
514
 1382639245.87544
516
 1382639246.89059
518
 1382639247.89447
520
 1382639248.91248
522
 1382639249.92492
523
 1382639250.9395
525
 1382639251.9488
527
 1382639252.94913
529
 1382639253.95711
532
 1382639254.97353
533
 1382639255.99371
536
 1382639256.99698
538
 1382639257.99123
540
 1382639259.00999
543
 1382639260.01702
545
 1382639261.02236
547
 1382639262.03868
549
 1382639263.04627
552
 1382639264.05124
554
 1382639265.06138
556
 1382639266.07678
559
 1382639267.08111
561
 1382639268.0895
563
 1382639269.11094
565
 1382639270.11622
567
 1382639271.10666
569
 1382639272.13126
571
 1382639273.12519
573
 1382639274.14391
575
 1382639275.15676
577
 1382639276.17013
579
 1382639277.17385
581
 1382639278.19783
583
 1382639279.19798
585
 1382639280.20664
588
 1382639281.20916
590
 1382639282.21093
591
 1382639283.21779
593
 1382639284.23096
595
 1382639285.24798
597
 1382639286.25348
600
 1382639287.26488
601
 1382639288.27858
603
 1382639289.28437
605
 1382639290.28957
607
 1382639291.30878
609
 1382639292.31414
611
 1382639293.31837
613
 1382639294.328
615
 1382639295.33194
617
 1382639296.34499
619
 1382639297.35268
621
 1382639298.36328
623
 1382639299.37572
625
 1382639300.38866
627
 1382639301.4086
629
 1382639302.42601
631
 1382639303.42947
633
 1382639304.43627
635
 1382639305.45501
637
 1382639306.46477
639
 1382639307.48066
641
 1382639308.48758
643
 1382639309.50979
645
 1382639310.50525
647
 1382639311.51668
649
 1382639312.5261
651
 1382639313.54486
653
 1382639314.55587
655
 1382639315.55853
657
 1382639316.5676
659
 1382639317.58282
661
 1382639318.5974
663
 1382639319.61279
665
 1382639320.6226
667
 1382639321.63626
669
 1382639322.6493
671
 1382639323.66267
673
 1382639324.66547
675
 1382639325.67171
677
 1382639326.69504
680
 1382639327.71921
682
 1382639328.71428
684
 1382639329.71635
686
 1382639330.73752
688
 1382639331.73642
690
 1382639332.7487
692
 1382639333.75976
694
 1382639334.77626
696
 1382639335.7811
698
 1382639336.79587
700
 1382639337.81437
702
 1382639338.82982
703
 1382639339.84434
705
 1382639340.85776
707
 1382639341.87655
709
 1382639342.8911
711
 1382639343.90313
712
 1382639344.91399
714
 1382639345.91657
716
 1382639346.93172
718
 1382639347.94626
720
 1382639348.95632
721
 1382639349.96295
723
 1382639350.97783
725
 1382639351.97395
727
 1382639352.98867
729
 1382639353.9995
731
 1382639355.01487
732
 1382639356.02071
734
 1382639357.02552
736
 1382639358.03911
738
 1382639359.06005
740
 1382639360.07491
742
 1382639361.08361
743
 1382639362.10692
745
 1382639363.11126
747
 1382639364.10414
749
 1382639365.12093
751
 1382639366.13406
752
 1382639367.14771
754
 1382639368.16555
756
 1382639369.1789
758
 1382639370.20557
760
 1382639371.19386
762
 1382639372.19839
764
 1382639373.20575
766
 1382639374.21338
768
 1382639375.22065
770
 1382639376.23499
772
 1382639377.24755
774
 1382639378.25227
776
 1382639379.26845
778
 1382639380.27483
780
 1382639381.29651
782
 1382639382.28487
783
 1382639383.29744
785
 1382639384.30584
787
 1382639385.3191
789
 1382639386.3231
791
 1382639387.34374
793
 1382639388.35517
794
 1382639389.35972
796
 1382639390.36637
797
 1382639391.37702
800
 1382639392.3821
801
 1382639393.39882
803
 1382639394.38903
805
 1382639395.39427
807
 1382639396.41359
808
 1382639397.4158
810
 1382639398.42711
812
 1382639399.44282
813
 1382639400.46293
815
 1382639401.44974
817
 1382639402.4655
818
 1382639403.4705
820
 1382639404.47832
822
 1382639405.49565
823
 1382639406.51658
825
 1382639407.51225
827
 1382639408.51601
829
 1382639409.5321
830
 1382639410.52693
832
 1382639411.53182
834
 1382639412.54906
835
 1382639413.55296
837
 1382639414.57411
839
 1382639415.58464
841
 1382639416.59096
843
 1382639417.60209
844
 1382639418.60932
846
 1382639419.61698
848
 1382639420.62165
850
 1382639421.63727
852
 1382639422.6447
853
 1382639423.65722
855
 1382639424.66769
857
 1382639425.67849
859
 1382639426.69425
861
 1382639427.70952
862
 1382639428.71328
864
 1382639429.72232
865
 1382639430.74466
867
 1382639431.7615
869
 1382639432.76559
871
 1382639433.7729
872
 1382639434.78844
874
 1382639435.80192
876
 1382639436.8144
878
 1382639437.8282
880
 1382639438.84164
882
 1382639439.84449
884
 1382639440.86182
885
 1382639441.8788
887
 1382639442.89097
889
 1382639443.90632
891
 1382639444.92058
893
 1382639445.9315
895
 1382639446.93457
896
 1382639447.93901
899
 1382639448.95239
900
 1382639449.96878
902
 1382639450.98175
903
 1382639451.9973
905
 1382639453.01754
907
 1382639454.02224
908
 1382639455.02719
911
 1382639456.03086
912
 1382639457.04143
914
 1382639458.04366
916
 1382639459.05488
917
 1382639460.06504
919
 1382639461.07959
920
 1382639462.08573
922
 1382639463.10087
924
 1382639464.1079
925
 1382639465.12279
927
 1382639466.13692
928
 1382639467.14234
930
 1382639468.15617
932
 1382639469.18222
933
 1382639470.17623
935
 1382639471.18878
937
 1382639472.19449
938
 1382639473.20159
940
 1382639474.21128
942
 1382639475.22525
944
 1382639476.23354
945
 1382639477.23924
947
 1382639478.24349
949
 1382639479.25759
951
 1382639480.28162
953
 1382639481.28868
954
 1382639482.29538
956
 1382639483.29953
958
 1382639484.30582
960
 1382639485.3144
962
 1382639486.31839
963
 1382639487.33258
965
 1382639488.33555
967
 1382639489.3458
969
 1382639490.36315
970
 1382639491.35327
972
 1382639492.36667
974
 1382639493.37195
975
 1382639494.38034
977
 1382639495.38671
978
 1382639496.39394
980
 1382639497.40857
982
 1382639498.4223
983
 1382639499.43537
985
 1382639500.44088
987
 1382639501.4553
989
 1382639502.4654
991
 1382639503.48443
993
 1382639504.49227
994
 1382639505.49023
996
 1382639506.50187
997
 1382639507.50745
999
 1382639508.52178
1001
 1382639509.53011
1002
 1382639510.54205
1004
 1382639511.54918
1006
 1382639512.5647
1007
 1382639513.57844
1008
 1382639514.59208
1010
 1382639515.60608
1012
 1382639516.61591
1013
 1382639517.62988
1015
 1382639518.64292
1017
 1382639519.66633
1019
 1382639520.65659
1020
 1382639521.66833
1022
 1382639522.68868
1023
 1382639523.71124
1025
 1382639524.69785
1027
 1382639525.71138
1029
 1382639526.72369
1030
 1382639527.74254
1032
 1382639528.72895
1033
 1382639529.74589
1035
 1382639530.75553
1037
 1382639531.76326
1038
 1382639532.76504
1040
 1382639533.78708
1041
 1382639534.778
1043
 1382639535.79051
1045
 1382639536.80086
1046
 1382639537.80641
1048
 1382639538.82308
1049
 1382639539.81917
1051
 1382639540.82644
1053
 1382639541.83888
1054
 1382639542.85989
1056
 1382639543.86662
1058
 1382639544.85919
1059
 1382639545.86671
1060
 1382639546.87868
1062
 1382639547.89375
1064
 1382639548.89839
1065
 1382639549.91393
1067
 1382639550.91122
1068
 1382639551.93204
1070
 1382639552.93242
1072
 1382639553.94022
1073
 1382639554.95017
1075
 1382639555.9654
1077
 1382639556.98426
1078
 1382639557.98956
1080
 1382639558.99383
1082
 1382639560.00566
1083
 1382639561.00828
1085
 1382639562.01729
1086
 1382639563.03662
1088
 1382639564.05288
1089
 1382639565.07489
1091
 1382639566.063
1092
 1382639567.079
1094
 1382639568.09718
1096
 1382639569.10434
1097
 1382639570.11189
1099
 1382639571.11568
1100
 1382639572.12469
1102
 1382639573.12971
1104
 1382639574.14231
1106
 1382639575.16061
1107
 1382639576.17433
1108
 1382639577.18242
1110
 1382639578.19925
1112
 1382639579.21235
1113
 1382639580.22668
1114
 1382639581.23811
1116
 1382639582.24641
1117
 1382639583.25215
1119
 1382639584.26247
1121
 1382639585.27662
1122
 1382639586.2816
1124
 1382639587.29516
1125
 1382639588.30498
1127
 1382639589.31648
1128
 1382639590.32428
1130
 1382639591.33643
1131
 1382639592.3515
1132
 1382639593.36714
1134
 1382639594.38224
1136
 1382639595.39513
1138
 1382639596.41021
1139
 1382639597.42466
1141
 1382639598.44135
1143
 1382639599.45785
1144
 1382639600.47648
1146
 1382639601.47265
1148
 1382639602.48645
1149
 1382639603.49687
1151
 1382639604.50902
1152
 1382639605.52132
1154
 1382639606.52492
1156
 1382639607.54126
1157
 1382639608.5465
1159
 1382639609.56487
1160
 1382639610.58268
1161
 1382639611.60271
1163
 1382639612.61823
1165
 1382639613.62696
1166
 1382639614.64898
1168
 1382639615.65957
1169
 1382639616.67101
1171
 1382639617.67911
1172
 1382639618.69483
1174
 1382639619.71427
1175
 1382639620.70858
1176
 1382639621.72272
1178
 1382639622.7293
1179
 1382639623.74245
1181
 1382639624.76213
1183
 1382639625.78511
1184
 1382639626.78303
1186
 1382639627.78944
1187
 1382639628.81351
1189
 1382639629.79838
1191
 1382639630.81407
1193
 1382639631.83438
1195
 1382639632.84677
1196
 1382639633.85726
1198
 1382639634.87571
1199
 1382639635.87625
1201
 1382639636.893
1203
 1382639637.89902
1204
 1382639638.92101
1206
 1382639639.92145
1207
 1382639640.94082
1209
 1382639641.95413
1211
 1382639642.96371
1213
 1382639643.98277
1214
 1382639644.99293
1216
 1382639645.99962
1217
 1382639647.0102
1218
 1382639648.01884
1220
 1382639649.02938
1221
 1382639650.04315
1223
 1382639651.05366
1224
 1382639652.06762
1225
 1382639653.07109
1227
 1382639654.07623
1228
 1382639655.09429
1230
 1382639656.10116
1231
 1382639657.11672
1233
 1382639658.13107
1234
 1382639659.13556
1236
 1382639660.14323
1237
 1382639661.14949
1238
 1382639662.16343
1239
 1382639663.18295
1241
 1382639664.1822
1242
 1382639665.19226
1244
 1382639666.19693
1246
 1382639667.20418
1247
 1382639668.2226
1249
 1382639669.22755
1251
 1382639670.23723
1253
 1382639671.25096
1254
 1382639672.27118
1256
 1382639673.27035
1257
 1382639674.27807
1259
 1382639675.29668
1260
 1382639676.31482
1262
 1382639677.33917
1263
 1382639678.33019
1265
 1382639679.34266
1267
 1382639680.36304
1268
 1382639681.35488
1269
 1382639682.36633
1271
 1382639683.36877
1272
 1382639684.37674
1274
 1382639685.38748
1276
 1382639686.40547
1277
 1382639687.40448
1278
 1382639688.42101
1280
 1382639689.4152
1281
 1382639690.4314
1283
 1382639691.43815
1284
 1382639692.44606
1286
 1382639693.46069
1287
 1382639694.48066
1289
 1382639695.49637
1290
 1382639696.50991
1292
 1382639697.52638
1294
 1382639698.54891
1295
 1382639699.53743
1297
 1382639700.55433
1298
 1382639701.56585
1299
 1382639702.57465
1301
 1382639703.58788
1303
 1382639704.59573
1304
 1382639705.59968
1306
 1382639706.60834
1307
 1382639707.62848
1309
 1382639708.61754
1310
 1382639709.63204
1311
 1382639710.64269
1313
 1382639711.64866
1314
 1382639712.66945
1316
 1382639713.68249
1317
 1382639714.69726
1319
 1382639715.70073
1320
 1382639716.71583
1321
 1382639717.72246
1323
 1382639718.74286
1325
 1382639719.75714
1326
 1382639720.76331
1327
 1382639721.76834
1329
 1382639722.78538
1331
 1382639723.7936
1332
 1382639724.81295
1333
 1382639725.79972
1335
 1382639726.81477
1336
 1382639727.82033
1338
 1382639728.82788
1339
 1382639729.83642
1341
 1382639730.84131
1343
 1382639731.85934
1344
 1382639732.87036
1346
 1382639733.87359
1347
 1382639734.88771
1349
 1382639735.89983
1350
 1382639736.91049
1352
 1382639737.91528
1353
 1382639738.93034
1355
 1382639739.95622
1357
 1382639740.95535
1358
 1382639741.96485
1359
 1382639742.98308
1361
 1382639744.0037
1362
 1382639744.9932
1363
 1382639746.0056
1365
 1382639747.01084
1366
 1382639748.0286
1368
 1382639749.04606
1369
 1382639750.06106
1371
 1382639751.06375
1372
 1382639752.07062
1374
 1382639753.08613
1375
 1382639754.09723
1377
 1382639755.11198
1378
 1382639756.123
1379
 1382639757.12862
1381
 1382639758.13754
1382
 1382639759.15116
1384
 1382639760.16022
1385
 1382639761.18348
1386
 1382639762.18388
1388
 1382639763.18673
1389
 1382639764.18454
1391
 1382639765.19146
1392
 1382639766.19626
1394
 1382639767.21743
1395
 1382639768.20496
1396
 1382639769.20931
1398
 1382639770.22333
1399
 1382639771.24902
1401
 1382639772.24769
1402
 1382639773.25968
1404
 1382639774.2703
1405
 1382639775.27535
1407
 1382639776.29471
1408
 1382639777.28267
1409
 1382639778.30509
1411
 1382639779.30754
1412
 1382639780.31787
1413
 1382639781.33797
1415
 1382639782.35003
1416
 1382639783.36291
1418
 1382639784.37888
1419
 1382639785.39291
1420
 1382639786.41753
1422
 1382639787.39951
1423
 1382639788.4048
1425
 1382639789.41162
1426
 1382639790.41663
1428
 1382639791.42253
1429
 1382639792.43586
1430
 1382639793.45113
1432
 1382639794.45844
1433
 1382639795.46159
1434
 1382639796.47864
1436
 1382639797.49604
1437
 1382639798.50397
1438
 1382639799.51608
1440
 1382639800.52124
1441
 1382639801.52455
1443
 1382639802.54508
1444
 1382639803.54656
1445
 1382639804.55964
1447
 1382639805.57513
1448
 1382639806.58205
1450
 1382639807.59349
1451
 1382639808.60891
1453
 1382639809.61273
1454
 1382639810.6245
1455
 1382639811.6395
1457
 1382639812.65298
1458
 1382639813.66825
1460
 1382639814.68536
1461
 1382639815.70306
1462
 1382639816.70991
1464
 1382639817.72954
1466
 1382639818.73489
1467
 1382639819.74314
1468
 1382639820.7531
1470
 1382639821.76959
1471
 1382639822.78538
1473
 1382639823.79329
1474
 1382639824.80404
1475
 1382639825.82111
1476
 1382639826.836
1478
 1382639827.84159
1479
 1382639828.84591
1481
 1382639829.86007
1482
 1382639830.88299
1483
 1382639831.87031
1484
 1382639832.89248
1486
 1382639833.8839
1487
 1382639834.89882
1488
 1382639835.91504
1490
 1382639836.92236
1491
 1382639837.93197
1493
 1382639838.94253
1494
 1382639839.95526
1495
 1382639840.95934
1497
 1382639841.98074
1498
 1382639842.99697
1500
 1382639844.01609
1501
 1382639845.03212
1503
 1382639846.04027
1504
 1382639847.04431
1505
 1382639848.0564
1507
 1382639849.07255
1508
 1382639850.08417
1510
 1382639851.0877
1511
 1382639852.09409
1512
 1382639853.10824
1514
 1382639854.11257
1515
 1382639855.12841
1516
 1382639856.13424
1518
 1382639857.15486
1519
 1382639858.17619
1521
 1382639859.16985
1522
 1382639860.18331
1523
 1382639861.20037
1525
 1382639862.22087
1526
 1382639863.2308
1528
 1382639864.24263
1529
 1382639865.25278
1530
 1382639866.26752
1532
 1382639867.27756
1533
 1382639868.29409
1534
 1382639869.29764
1535
 1382639870.31427
1537
 1382639871.33783
1538
 1382639872.33947
1539
 1382639873.346
1541
 1382639874.36593
1542
 1382639875.3702
1543
 1382639876.37482
1545
 1382639877.38838
1546
 1382639878.40682
1548
 1382639879.42228
1549
 1382639880.41383
1551
 1382639881.42255
1552
 1382639882.43846
1553
 1382639883.45679
1555
 1382639884.47836
1556
 1382639885.46406
1557
 1382639886.47706
1559
 1382639887.48699
1560
 1382639888.50625
1562
 1382639889.523
1563
 1382639890.53606
1565
 1382639891.54564
1566
 1382639892.55221
1567
 1382639893.56235
1568
 1382639894.57557
1570
 1382639895.58272
1571
 1382639896.60217
1572
 1382639897.60995
1574
 1382639898.62807
1575
 1382639899.64796
1576
 1382639900.66715
1577
 1382639901.68652
1579
 1382639902.67898
1580
 1382639903.68761
1582
 1382639904.7025
1583
 1382639905.71377
1584
 1382639906.72249
1586
 1382639907.72801
1588
 1382639908.74279
1589
 1382639909.76591
1591
 1382639910.75542
1592
 1382639911.77814
1593
 1382639912.76756
1594
 1382639913.77134
1596
 1382639914.77536
1597
 1382639915.78773
1599
 1382639916.79226
1600
 1382639917.80675
1602
 1382639918.8221
1603
 1382639919.83173
1604
 1382639920.84618
1606
 1382639921.85678
1607
 1382639922.86074
1608
 1382639923.86771
1610
 1382639924.88532
1611
 1382639925.90786
1612
 1382639926.89473
1614
 1382639927.90076
1615
 1382639928.91123
1616
 1382639929.91646
1618
 1382639930.92859
1619
 1382639931.94615
1621
 1382639932.96728
1622
 1382639933.97886
1624
 1382639934.98807
1625
 1382639935.99357
1626
 1382639937.00752
1628
 1382639938.01295
1629
 1382639939.02314
1631
 1382639940.03644
1632
 1382639941.05756
1634
 1382639942.06261
1635
 1382639943.07307
1636
 1382639944.08813
1638
 1382639945.09395
1639
 1382639946.09833
1640
 1382639947.10544
1642
 1382639948.12587
1643
 1382639949.14186
1644
 1382639950.1473
1646
 1382639951.16025
1647
 1382639952.17609
1648
 1382639953.17979
1649
 1382639954.20089
1651
 1382639955.19428
1652
 1382639956.21631
1654
 1382639957.20938
1655
 1382639958.23187
1656
 1382639959.22611
1658
 1382639960.24251
1659
 1382639961.25676
1660
 1382639962.27262
1662
 1382639963.29473
1663
 1382639964.28859
1664
 1382639965.29489
1666
 1382639966.30509
1667
 1382639967.31779
1668
 1382639968.32066
1669
 1382639969.34249
1671
 1382639970.34038
1672
 1382639971.34755
1673
 1382639972.34717
1674
 1382639973.35312
1676
 1382639974.37453
1677
 1382639975.37298
1679
 1382639976.37643
1680
 1382639977.38162
1681
 1382639978.3935
1682
 1382639979.41912
1684
 1382639980.42168
1685
 1382639981.40927
1687
 1382639982.42866
1688
 1382639983.43555
1689
 1382639984.44145
1690
 1382639985.46109
1692
 1382639986.46951
1693
 1382639987.48715
1694
 1382639988.49999
1696
 1382639989.51132
1697
 1382639990.52628
1698
 1382639991.53353
1700
 1382639992.55414
1701
 1382639993.56559
1702
 1382639994.58396
1703
 1382639995.59817
1704
 1382639996.60434
1706
 1382639997.61163
1707
 1382639998.62395
1709
 1382639999.6308
1710
 1382640000.63491
1711
 1382640001.64874
1713
 1382640002.66901
1714
 1382640003.68463
1715
 1382640004.70209
1716
 1382640005.7121
1718
 1382640006.71532
1719
 1382640007.73672
1720
 1382640008.73078
1722
 1382640009.73722
1723
 1382640010.73999
1725
 1382640011.74447
1726
 1382640012.77174
1727
 1382640013.76555
1729
 1382640014.77387
1730
 1382640015.79367
1732
 1382640016.7917
1734
 1382640018.81283
1736
 1382640019.83397
1737
 1382640020.84721
1738
 1382640021.86152
1739
 1382640022.8702
1741
 1382640023.8821
1742
 1382640024.894
1743
 1382640025.90638
1745
 1382640026.92316
1746
 1382640027.93224
1748
 1382640028.94028
1749
 1382640029.95058
1750
 1382640030.9549
1751
 1382640031.96897
1753
 1382640032.98345
1754
 1382640033.99239
1755
 1382640035.00907
1756
 1382640036.00594
1758
 1382640037.02094
1759
 1382640038.03327
1760
 1382640039.05026
1761
 1382640040.06722
1763
 1382640041.0744
1764
 1382640042.08254
1765
 1382640043.09287
1766
 1382640044.10888
1768
 1382640045.11928
1769
 1382640046.129
1770
 1382640047.14911
1771
 1382640048.15419
1772
 1382640049.15807
1774
 1382640050.16233
1775
 1382640051.17579
1776
 1382640052.19279
1778
 1382640053.20788
1779
 1382640054.21565
1780
 1382640055.23019
1782
 1382640056.23587
1783
 1382640057.24436
1784
 1382640058.24835
1785
 1382640059.25781
1787
 1382640060.26645
1788
 1382640061.27641
1789
 1382640062.2846
1790
 1382640063.29648
1792
 1382640064.30063
1793
 1382640065.31376
1794
 1382640066.32116
1795
 1382640067.33005
1796
 1382640068.34911
1798
 1382640069.3566
1799
 1382640070.37176
1801
 1382640071.38528
1802
 1382640072.38948
1803
 1382640073.41317
1805
 1382640074.40774
1806
 1382640075.41686
1807
 1382640076.43499
1808
 1382640077.4389
1810
 1382640078.44987
1811
 1382640079.47079
1812
 1382640080.4796
1813
 1382640081.48919
1814
 1382640082.49573
1816
 1382640083.51186
1817
 1382640084.50383
1818
 1382640085.52219
1820
 1382640086.54592
1821
 1382640087.53687
1822
 1382640088.54664
1823
 1382640089.55886
1825
 1382640090.57833
1826
 1382640091.58501
1827
 1382640092.5875
1829
 1382640093.59302
1830
 1382640094.60907
1831
 1382640095.62441
1832
 1382640096.6213
1834
 1382640097.63883
1835
 1382640098.64949
1836
 1382640099.65901
1837
 1382640100.66355
1838
 1382640101.67474
1840
 1382640102.69091
1841
 1382640103.70165
1842
 1382640104.70539
1843
 1382640105.71336
1845
 1382640106.72752
1846
 1382640107.73287
1847
 1382640108.74267
1848
 1382640109.75892
1850
 1382640110.7678
1851
 1382640111.77195
1852
 1382640112.7818
1853
 1382640113.79988
1855
 1382640114.82473
1856
 1382640115.80662
1857
 1382640116.81908
1858
 1382640117.82961
1860
 1382640118.84433
1861
 1382640119.85766
1862
 1382640120.88124
1864
 1382640121.90123
1865
 1382640122.9085
1866
 1382640123.92348
1868
 1382640124.93545
1869
 1382640125.94115
1870
 1382640126.95815
1871
 1382640127.97177
1872
 1382640128.98013
1873
 1382640129.9997
1875
 1382640131.00789
1876
 1382640132.03098
1877
 1382640133.04525
1879
 1382640134.06395
1880
 1382640135.08027
1882
 1382640136.08822
1883
 1382640137.09597
1884
 1382640138.11234
1886
 1382640139.1331
1887
 1382640140.12315
1888
 1382640141.14019
1889
 1382640142.1499
1890
 1382640143.171
1891
 1382640144.16202
1892
 1382640145.16632
1894
 1382640146.17092
1895
 1382640147.19119
1896
 1382640148.19773
1897
 1382640149.20485
1899
 1382640150.21969
1900
 1382640151.2288
1901
 1382640152.24108
1903
 1382640153.25925
1904
 1382640154.27559
1905
 1382640155.28887
1906
 1382640156.29193
1907
 1382640157.3141
1909
 1382640158.30808
1910
 1382640159.31761
1911
 1382640160.32048
1913
 1382640161.33054
1914
 1382640162.3437
1915
 1382640163.35099
1917
 1382640164.36301
1918
 1382640165.36574
1919
 1382640166.38298
1921
 1382640167.38992
1922
 1382640168.402
1923
 1382640169.41914
1924
 1382640170.42848
1925
 1382640171.43698
1927
 1382640172.45787
1928
 1382640173.46151
1929
 1382640174.46539
1930
 1382640175.46815
1932
 1382640176.48686
1933
 1382640177.5077
1934
 1382640178.52274
1935
 1382640179.54075
1937
 1382640180.55169
1938
 1382640181.5637
1939
 1382640182.57068
1940
 1382640183.5888
1941
 1382640184.61018
1943
 1382640185.6062
1944
 1382640186.62414
1946
 1382640187.63911
1947
 1382640188.64517
1948
 1382640189.66471
1949
 1382640190.66764
1950
 1382640191.68441
1951
 1382640192.69367
1953
 1382640193.7055
1954
 1382640194.70972
1955
 1382640195.71941
1957
 1382640196.73059
1958
 1382640197.75155
1960
 1382640198.75135
1961
 1382640199.75659
1962
 1382640200.77239
1964
 1382640201.78979
1965
 1382640202.79247
1966
 1382640203.79702
1967
 1382640204.80138
1969
 1382640205.81872
1970
 1382640206.84157
1971
 1382640207.84475
1972
 1382640208.83234
1974
 1382640209.84977
1975
 1382640210.8659
1976
 1382640211.87447
1977
 1382640212.89324
1979
 1382640213.89934
1980
 1382640214.91129
1981
 1382640215.9254
1982
 1382640216.94309
1983
 1382640217.95889
1984
 1382640218.96576
1986
 1382640219.97207
1987
 1382640220.98649
1988
 1382640221.99413
1989
 1382640222.99944
1990
 1382640224.01737
1992
 1382640225.02397
1993
 1382640226.03698
1994
 1382640227.06029
1995
 1382640228.05748
1997
 1382640229.07005
1998
 1382640230.08348
1999
 1382640231.09242
2001
 1382640232.1048
2002
 1382640233.11871
2003
 1382640234.13947
2004
 1382640235.14753
2005
 1382640236.15015
2006
 1382640237.16449
2008
 1382640238.18363
2009
 1382640239.20285
2010
 1382640240.21742
2011
 1382640241.22842
2013
 1382640242.24132
2014
 1382640243.25554
2015
 1382640244.27987
2016
 1382640245.26147
2017
 1382640246.27024
2019
 1382640247.28104
2020
 1382640248.29931
2021
 1382640249.30512
2022
 1382640250.32412
2023
 1382640251.34093
2025
 1382640252.35853
2026
 1382640253.37857
2028
 1382640254.39911
2029
 1382640255.40501
2030
 1382640256.40923
2031
 1382640257.41692
2032
 1382640258.42519
2034
 1382640259.43573
2035
 1382640260.45132
2036
 1382640261.45596
2037
 1382640262.46847
2039
 1382640263.47027
2040
 1382640264.48109
2041
 1382640265.49866
2043
 1382640266.51156
2044
 1382640267.52632
2045
 1382640268.54129
2047
 1382640269.54495
2048
 1382640270.5677
2049
 1382640271.56014
2050
 1382640272.56791
2051
 1382640273.5732
2052
 1382640274.58134
2053
 1382640275.58846
2055
 1382640276.60835
2056
 1382640277.60288
2057
 1382640278.60699
2059
 1382640279.60949
2060
 1382640280.63094
2061
 1382640281.64339
2062
 1382640282.64981
2063
 1382640283.65815
2064
 1382640284.67684
2066
 1382640285.69265
2067
 1382640286.71198
2068
 1382640287.7183
2069
 1382640288.72657
2070
 1382640289.73969
2071
 1382640290.76069
2072
 1382640291.77368
2074
 1382640292.78053
2075
 1382640293.79009
2077
 1382640294.80736
2078
 1382640295.82454
2079
 1382640296.83843
2080
 1382640297.85909
2081
 1382640298.85416
2083
 1382640299.86559
2084
 1382640300.87088
2085
 1382640301.88504
2086
 1382640302.89985
2088
 1382640303.91455
2089
 1382640304.93119
2090
 1382640305.93606
2091
 1382640306.9482
2092
 1382640307.96252
2093
 1382640308.98504
2095
 1382640309.97847
2096
 1382640310.99594
2097
 1382640312.00009
2098
 1382640313.01822
2100
 1382640314.03085
2101
 1382640315.03852
2102
 1382640316.05858
2103
 1382640317.0549
2104
 1382640318.06062
2105
 1382640319.07691
2107
 1382640320.08577
2108
 1382640321.10565
2109
 1382640322.10303
2110
 1382640323.11686
2111
 1382640324.13361
2112
 1382640325.15546
2114
 1382640326.14582
2115
 1382640327.16074
2116
 1382640328.16848
2117
 1382640329.17677
2118
 1382640330.18677
2120
 1382640331.19985
2121
 1382640332.21097
2122
 1382640333.21719
2124
 1382640334.22814
2126
 1382640336.24548
2127
 1382640337.26472
2128
 1382640338.2674
2129
 1382640339.28342
2131
 1382640340.29976
2132
 1382640341.31751
2133
 1382640342.32241
2134
 1382640343.33694
2135
 1382640344.35457
2137
 1382640345.37049
2138
 1382640346.37844
2139
 1382640347.39176
2140
 1382640348.40132
2142
 1382640349.40588
2143
 1382640350.40946
2144
 1382640351.42683
2145
 1382640352.43212
2146
 1382640353.45146
2147
 1382640354.45717
2149
 1382640355.46849
2150
 1382640356.47287
2152
 1382640357.47958
2154
 1382640359.51274
2155
 1382640360.52865
2156
 1382640361.5342
2157
 1382640362.54818
2158
 1382640363.56496
2160
 1382640364.56725
2161
 1382640365.58354
2162
 1382640366.60285
2163
 1382640367.60459
2164
 1382640368.61573
2166
 1382640369.62694
2167
 1382640370.65012
2168
 1382640371.64167
2169
 1382640372.64979
2170
 1382640373.65682
2172
 1382640374.66607
2173
 1382640375.68298
2174
 1382640376.70616
2175
 1382640377.6953
2177
 1382640378.70291
2178
 1382640379.71723
2179
 1382640380.72921
2180
 1382640381.74227
2181
 1382640382.74803
2182
 1382640383.76287
2183
 1382640384.7798
2185
 1382640385.79793
2186
 1382640386.79161
2187
 1382640387.8046
2188
 1382640388.81469
2189
 1382640389.83878
2191
 1382640390.85303
2192
 1382640391.86179
2193
 1382640392.87562
2194
 1382640393.88783
2195
 1382640394.8986
2196
 1382640395.91975
2197
 1382640396.93652
2198
 1382640397.94624
2200
 1382640398.93916
2201
 1382640399.96111
2202
 1382640400.96056
2203
 1382640401.96313
2204
 1382640402.9681
2206
 1382640403.97003
2207
 1382640404.97975
2208
 1382640405.99607
2209
 1382640406.99993
2210
 1382640408.0138
2211
 1382640409.03384
2213
 1382640410.04086
2214
 1382640411.04485
2215
 1382640412.06345
2216
 1382640413.08468
2218
 1382640414.10341
2219
 1382640415.11502
2220
 1382640416.12245
2221
 1382640417.13273
2222
 1382640418.14607
2223
 1382640419.15975
2224
 1382640420.17771
2226
 1382640421.1938
2227
 1382640422.2038
2228
 1382640423.21997
2229
 1382640424.22163
2230
 1382640425.23258
2231
 1382640426.248
2233
 1382640427.26979
2235
 1382640429.26509
2236
 1382640430.28183
2237
 1382640431.30034
2238
 1382640432.30546
2239
 1382640433.31199
2240
 1382640434.32444
2242
 1382640435.32648
2243
 1382640436.3304
2244
 1382640437.34915
2245
 1382640438.33998
2246
 1382640439.35532
2248
 1382640440.37457
2249
 1382640441.38779
2251
 1382640443.40447
2252
 1382640444.41306
2253
 1382640445.43231
2254
 1382640446.45295
2255
 1382640447.46041
2257
 1382640448.46683
2258
 1382640449.47781
2259
 1382640450.48761
2260
 1382640451.49255
2261
 1382640452.50632
2262
 1382640453.51294
2263
 1382640454.52173
2265
 1382640455.53791
2266
 1382640456.55625
2267
 1382640457.57483
2268
 1382640458.5889
2269
 1382640459.6064
2270
 1382640460.62873
2272
 1382640461.6246
2273
 1382640462.64504
2274
 1382640463.63567
2275
 1382640464.64015
2276
 1382640465.65499
2277
 1382640466.66913
2278
 1382640467.68703
2280
 1382640468.6949
2282
 1382640470.72405
2283
 1382640471.72518
2284
 1382640472.73499
2285
 1382640473.75138
2287
 1382640474.75682
2288
 1382640475.76491
2289
 1382640476.7695
2290
 1382640477.78664
2291
 1382640478.79995
2293
 1382640479.8113
2294
 1382640480.81709
2295
 1382640481.82355
2296
 1382640482.83822
2297
 1382640483.84169
2298
 1382640484.85463
2299
 1382640485.87189
2300
 1382640486.87995
2301
 1382640487.89329
2302
 1382640488.90596
2304
 1382640489.9169
2305
 1382640490.92125
2306
 1382640491.94088
2307
 1382640492.9607
2308
 1382640493.97563
2309
 1382640494.99364
2310
 1382640496.01146
2312
 1382640497.02574
2313
 1382640498.03021
2314
 1382640499.03535
2315
 1382640500.04798
2316
 1382640501.05668
2317
 1382640502.07066
2318
 1382640503.08046
2320
 1382640504.08505
2321
 1382640505.08805
2322
 1382640506.10332
2323
 1382640507.11062
2324
 1382640508.12745
2325
 1382640509.13952
2326
 1382640510.15554
2327
 1382640511.16236
2328
 1382640512.1852
2330
 1382640513.17683
2331
 1382640514.18483
2332
 1382640515.19484
2333
 1382640516.2155
2334
 1382640517.23181
2335
 1382640518.25406
2336
 1382640519.24785
2338
 1382640520.25746
2339
 1382640521.26547
2340
 1382640522.2853
2341
 1382640523.29662
2342
 1382640524.30443
2343
 1382640525.32423
2344
 1382640526.32946
2345
 1382640527.33993
2347
 1382640528.34959
2348
 1382640529.35962
2349
 1382640530.37245
2350
 1382640531.39693
2351
 1382640532.38086
2352
 1382640533.40145
2353
 1382640534.39039
2354
 1382640535.40035
2356
 1382640536.40701
2358
 1382640538.43601
2360
 1382640540.46592
2361
 1382640541.47284
2362
 1382640542.485
2363
 1382640543.50333
2364
 1382640544.52384
2365
 1382640545.52169
2367
 1382640546.54245
2368
 1382640547.56121
2369
 1382640548.57352
2370
 1382640549.59717
2372
 1382640550.59379
2373
 1382640552.61049
2375
 1382640553.61571
2376
 1382640554.62435
2377
 1382640555.63672
2378
 1382640556.65383
2379
 1382640557.66183
2380
 1382640558.67346
2381
 1382640559.67728
2383
 1382640560.687
2385
 1382640562.71449
2387
 1382640564.73626
2388
 1382640565.75513
2389
 1382640566.76618
2390
 1382640567.77872
2391
 1382640568.79384
2392
 1382640569.81669
2393
 1382640570.82897
2394
 1382640571.8352
2395
 1382640572.8474
2397
 1382640573.85075
2398
 1382640574.85474
2399
 1382640576.8818
2400
 1382640577.90546
2402
 1382640578.89
2403
 1382640579.90041
2404
 1382640580.91423
2405
 1382640581.91607
2406
 1382640582.93336
2407
 1382640583.94021
2408
 1382640584.95669
2409
 1382640585.96952
2411
 1382640586.99225
2412
 1382640587.98976
2413
 1382640588.99781
2414
 1382640590.01636
2415
 1382640591.02142
2416
 1382640592.03988
2417
 1382640593.02987
2418
 1382640594.05095
2420
 1382640595.04451
2421
 1382640596.05981
2422
 1382640597.07903
2423
 1382640598.09564
2424
 1382640599.10516
2425
 1382640600.11846
2426
 1382640601.1294
2427
 1382640602.13572
2429
 1382640603.14751
2431
 1382640605.17277
2432
 1382640606.18805
2433
 1382640607.19748
2434
 1382640608.21219
2435
 1382640609.21853
2436
 1382640610.24028
2437
 1382640611.23974
2438
 1382640612.25523
2439
 1382640613.27444
2440
 1382640614.29028
2441
 1382640615.30288
2443
 1382640616.31419
2444
 1382640617.33522
2445
 1382640618.33108
2446
 1382640619.35031
2447
 1382640620.36403
2448
 1382640621.38742
2449
 1382640622.37517
2451
 1382640623.3801
2452
 1382640624.39385
2454
 1382640626.42667
2456
 1382640628.44144
2458
 1382640630.47968
2459
 1382640631.49161
2460
 1382640632.49364
2461
 1382640633.50838
2462
 1382640634.51574
2463
 1382640635.52461
2464
 1382640636.5397
2465
 1382640637.55239
2466
 1382640638.55608
2468
 1382640639.57965
2469
 1382640640.59873
2470
 1382640641.61758
2471
 1382640642.62051
2472
 1382640643.62966
2473
 1382640644.65091
2474
 1382640645.65943
2475
 1382640646.66455
2476
 1382640647.67559
2477
 1382640648.68176
2478
 1382640649.69156
2479
 1382640650.70691
2481
 1382640651.71698
2482
 1382640652.72934
2483
 1382640653.73384
2484
 1382640654.75525
2485
 1382640655.74217
2487
 1382640656.75759
2488
 1382640657.77776
2489
 1382640658.78363
2490
 1382640659.79677
2491
 1382640660.81825
2492
 1382640661.81897
2493
 1382640662.82712
2494
 1382640663.84298
2495
 1382640664.85787
2496
 1382640665.88136
2497
 1382640666.87024
2498
 1382640667.87689
2499
 1382640668.88597
2500
 1382640669.8996
2501
 1382640670.92306
2502
 1382640671.91665
2503
 1382640672.93492
2504
 1382640673.93147
2505
 1382640674.95514
2506
 1382640675.94586
2507
 1382640676.9552
2508
 1382640677.96359
2509
 1382640678.97042
2510
 1382640679.99326
2511
 1382640680.98532
2512
 1382640681.9932
2513
 1382640683.00921
2514
 1382640684.01962
2516
 1382640685.03636
2517
 1382640687.06794
2518
 1382640688.06904
2520
 1382640689.07639
2521
 1382640690.08055
2522
 1382640691.0991
2523
 1382640692.10783
2524
 1382640693.12189
2525
 1382640694.13591
2526
 1382640695.14307
2527
 1382640696.16389
2528
 1382640697.17491
2529
 1382640698.17881
2530
 1382640699.19664
2531
 1382640700.20221
2532
 1382640701.22226
2534
 1382640702.21402
2535
 1382640703.22522
2536
 1382640704.23664
2538
 1382640706.27665
2539
 1382640707.26046
2540
 1382640708.26848
2541
 1382640709.28213
2542
 1382640710.29344
2543
 1382640711.30172
2544
 1382640712.3078
2545
 1382640713.31021
2546
 1382640714.31397
2547
 1382640715.33014
2548
 1382640716.33891
2549
 1382640717.3415
2550
 1382640718.34612
2551
 1382640719.34358
2552
 1382640720.35937
2553
 1382640721.3653
2555
 1382640722.37276
2556
 1382640723.38258
2557
 1382640724.40025
2559
 1382640726.42735
2560
 1382640727.43673
2561
 1382640728.44351
2562
 1382640729.46002
2563
 1382640730.47415
2564
 1382640731.47796
2565
 1382640732.49228
2566
 1382640733.51115
2567
 1382640734.53397
2568
 1382640735.53135
2569
 1382640736.54845
2570
 1382640737.54389
2571
 1382640738.54603
2572
 1382640739.56174
2574
 1382640740.57412
2575
 1382640742.58593
2576
 1382640743.59026
2577
 1382640744.60702
2578
 1382640745.62793
2579
 1382640746.63516
2581
 1382640747.64524
2582
 1382640749.6566
2584
 1382640750.66345
2585
 1382640751.6809
2586
 1382640752.68647
2587
 1382640753.68728
2588
 1382640754.70336
2589
 1382640755.72532
2590
 1382640756.72912
2591
 1382640757.73778
2592
 1382640758.75659
2593
 1382640759.77166
2594
 1382640760.78847
2595
 1382640761.80062
2596
 1382640762.80838
2597
 1382640763.81256
2598
 1382640764.82145
2599
 1382640765.84109
2600
 1382640766.858
2601
 1382640767.86506
2602
 1382640768.87897
2603
 1382640769.88911
2604
 1382640770.90903
2605
 1382640771.91637
2606
 1382640772.92869
2607
 1382640773.9489
2608
 1382640774.95184
2609
 1382640775.96262
2610
 1382640776.98886
2611
 1382640778.00744
2612
 1382640779.02111
2613
 1382640780.02758
2614
 1382640781.0511
2615
 1382640782.04547
2616
 1382640783.06705
2617
 1382640784.05391
2618
 1382640785.07256
2619
 1382640786.09554
2620
 1382640787.09845
2621
 1382640788.11013
2622
 1382640789.12909
2623
 1382640790.13618
2624
 1382640791.14607
2625
 1382640792.16182
2627
 1382640793.16618
2628
 1382640794.18007
2630
 1382640796.2072
2631
 1382640797.2172
2632
 1382640798.23544
2633
 1382640799.25546
2634
 1382640800.27127
2635
 1382640801.28048
2636
 1382640802.29208
2637
 1382640804.32153
2639
 1382640805.3401
2640
 1382640806.34136
2641
 1382640808.37229
2642
 1382640809.37358
2643
 1382640810.37335
2644
 1382640811.37857
2645
 1382640812.39008
2646
 1382640813.40291
2647
 1382640814.41398
2648
 1382640815.41738
2649
 1382640816.43082
2650
 1382640817.43858
2651
 1382640818.44959
2653
 1382640819.45773
2654
 1382640820.47707
2655
 1382640821.50241
2656
 1382640822.50252
2657
 1382640823.5208
2658
 1382640824.54613
2659
 1382640825.5559
2660
 1382640826.57253
2662
 1382640828.5998
2664
 1382640830.62507
2665
 1382640831.64448
2666
 1382640832.6441
2667
 1382640833.6511
2668
 1382640834.67624
2670
 1382640836.68046
2671
 1382640837.68624
2672
 1382640838.68759
2673
 1382640839.70732
2674
 1382640840.71907
2675
 1382640841.72943
2676
 1382640842.74058
2677
 1382640843.74688
2678
 1382640844.77543
2679
 1382640845.79229
2680
 1382640846.81229
2681
 1382640847.82734
2682
 1382640848.85113
2683
 1382640849.83682
2684
 1382640850.84494
2685
 1382640852.8723
2686
 1382640853.88401
2687
 1382640854.90504
2689
 1382640855.91661
2690
 1382640856.93071
2691
 1382640858.95633
2692
 1382640859.96263
2693
 1382640860.98039
2694
 1382640861.9885
2695
 1382640862.98898
2696
 1382640864.00356
2697
 1382640865.01029
2698
 1382640866.03766
2699
 1382640868.03608
2700
 1382640869.04635
2701
 1382640870.07227
2703
 1382640871.09779
2704
 1382640872.08686
2705
 1382640874.10051
2706
 1382640875.12312
2707
 1382640876.12347
2708
 1382640877.14125
2709
 1382640878.14991
2710
 1382640879.18196
2711
 1382640880.1882
2712
 1382640882.21605
2713
 1382640883.23427
2714
 1382640884.26295
2715
 1382640885.25316
2716
 1382640886.29024
2717
 1382640887.28021
2718
 1382640888.29579
2719
 1382640889.30536
2720
 1382640890.31249
2721
 1382640892.35814
2722
 1382640893.36806
2723
 1382640894.37243
2724
 1382640895.39101
2725
 1382640896.40387
2727
 1382640898.44113
2728
 1382640899.46878
2729
 1382640900.48393
2730
 1382640901.48753
2731
 1382640902.49363
2732
 1382640903.51623
2733
 1382640904.53982
2734
 1382640905.53871
2735
 1382640906.54883
2736
 1382640907.56033
2737
 1382640908.57857
2738
 1382640909.58836
2739
 1382640910.6199
2740
 1382640911.61214
2741
 1382640912.61644
2742
 1382640913.63155
2743
 1382640915.66068
2744
 1382640916.68248
2745
 1382640917.70334
2746
 1382640918.7252
2747
 1382640919.73536
2748
 1382640920.7427
2749
 1382640921.76054
2750
 1382640922.78017
2751
 1382640923.78414
2752
 1382640924.80319
2753
 1382640925.81011
2754
 1382640927.83919
2755
 1382640928.8447
2756
 1382640929.86253
2757
 1382640930.8766
2758
 1382640931.88701
2759
 1382640932.89455
2760
 1382640933.91775
2761
 1382640934.9123
2762
 1382640935.94317
2763
 1382640936.96158
2764
 1382640937.96617
2765
 1382640938.98789
2766
 1382640940.0089
2767
 1382640941.02085
2768
 1382640942.03615
2769
 1382640943.05921
2770
 1382640944.07681
2771
 1382640945.08967
2772
 1382640946.11094
2773
 1382640947.12077
2774
 1382640948.13928
2775
 1382640949.15587
2777
 1382640951.18838
2778
 1382640952.2024
2779
 1382640953.22711
2780
 1382640954.24705
2781
 1382640955.26313
2782
 1382640956.27801
2783
 1382640957.30371
2784
 1382640958.30498
2785
 1382640959.32927
2786
 1382640960.32005
2787
 1382640962.35203
2788
 1382640963.36169
2789
 1382640964.37059
2790
 1382640965.38249
2791
 1382640966.38717
2792
 1382640967.40087
2793
 1382640968.42862
2794
 1382640970.42692
2795
 1382640971.43868
2796
 1382640972.44622
2797
 1382640973.45886
2798
 1382640974.47594
2799
 1382640975.48555
2800
 1382640977.50939
2801
 1382640978.53067
2802
 1382640979.55505
2803
 1382640980.55181
2804
 1382640981.55499
2805
 1382640982.56923
2806
 1382640983.589
2807
 1382640984.60368
2808
 1382640985.63329
2809
 1382640986.61889
2810
 1382640987.63
2811
 1382640988.64473
2812
 1382640989.65424
2813
 1382640990.66627
2814
 1382640991.67924
2815
 1382640992.69194
2816
 1382640993.70554
2817
 1382640994.72485
2819
 1382640996.75307
2820
 1382640997.77017
2821
 1382640998.77575
2822
 1382641000.79605
2823
 1382641001.81255
2824
 1382641002.83651
2825
 1382641003.85235
2826
 1382641004.88617
2827
 1382641005.87159
2828
 1382641006.89353
2829
 1382641007.91764
2830
 1382641008.93085
2831
 1382641010.96997
2832
 1382641011.95768
2833
 1382641012.96693
2834
 1382641013.97438
2835
 1382641014.99487
2836
 1382641016.00779
2837
 1382641016.99535
2838
 1382641018.00915
2839
 1382641019.02501
2840
 1382641020.04153
2841
 1382641021.04073
2842
 1382641022.05709
2844
 1382641024.0879
2846
 1382641026.11158
2847
 1382641028.10211
2848
 1382641029.12196
2849
 1382641030.13174
2850
 1382641031.14822
2851
 1382641032.15835
2852
 1382641033.1801
2853
 1382641034.18745
2854
 1382641035.19848
2855
 1382641036.21772
2856
 1382641037.23665
2857
 1382641038.259
2858
 1382641039.2726
2859
 1382641041.30229
2860
 1382641042.31293
2861
 1382641043.33225
2862
 1382641044.35461
2863
 1382641045.3672
2864
 1382641046.37264
2865
 1382641047.40411
2866
 1382641048.41828
2867
 1382641049.43772
2868
 1382641050.45972
2869
 1382641051.4803
2870
 1382641052.46328
2871
 1382641053.47457
2872
 1382641054.48003
2873
 1382641055.48721
2874
 1382641056.49729
2876
 1382641058.52745
2877
 1382641059.53602
2878
 1382641060.54216
2879
 1382641062.56056
2880
 1382641063.56832
2881
 1382641064.57871
2882
 1382641065.58988
2883
 1382641066.5939
2884
 1382641067.60947
2885
 1382641068.61703
2886
 1382641069.62805
2887
 1382641070.63715
2888
 1382641071.65545
2890
 1382641073.68099
2891
 1382641075.70791
2892
 1382641076.71768
2893
 1382641077.7311
2894
 1382641078.75274
2895
 1382641079.77495
2896
 1382641080.79776
2897
 1382641081.79197
2898
 1382641082.80469
2899
 1382641083.80919
2900
 1382641084.83294
2901
 1382641085.84393
2902
 1382641087.8763
2904
 1382641088.86143
2905
 1382641090.88199
2906
 1382641091.89585
2907
 1382641092.90799
2908
 1382641093.92575
2909
 1382641094.94216
2910
 1382641095.94641
2911
 1382641096.95315
2912
 1382641097.9576
2913
 1382641098.98157
2914
 1382641099.97256
2915
 1382641100.98146
2916
 1382641103.01207
2917
 1382641104.03063
2918
 1382641105.05501
2919
 1382641106.04082
2920
 1382641107.05463
2921
 1382641108.08819
2922
 1382641109.09171
2923
 1382641110.0989
2924
 1382641111.10757
2925
 1382641112.11755
2926
 1382641113.1248
2927
 1382641114.14829
2928
 1382641115.14293
2930
 1382641117.15022
2931
 1382641118.16548
2932
 1382641119.17382
2933
 1382641121.19421
2934
 1382641122.22088
2935
 1382641123.22313
2936
 1382641124.21905
2937
 1382641125.20862
2938
 1382641126.23328
2939
 1382641127.23753
2940
 1382641128.25959
2941
 1382641129.24509
2942
 1382641130.25913
2943
 1382641132.27062
2945
 1382641133.28038
2946
 1382641134.29032
2947
 1382641136.33027
2948
 1382641137.33305
2949
 1382641138.34581
2950
 1382641139.35237
2951
 1382641140.36944
2952
 1382641141.38746
2953
 1382641142.40363
2954
 1382641143.41231
2955
 1382641144.43611
2956
 1382641146.46149
2957
 1382641147.47664
2958
 1382641148.50122
2959
 1382641149.50568
2960
 1382641150.49738
2961
 1382641151.50212
2962
 1382641152.52812
2963
 1382641153.51966
2964
 1382641154.52896
2965
 1382641155.53475
2966
 1382641156.55365
2967
 1382641157.57279
2968
 1382641159.5773
2969
 1382641160.5878
2970
 1382641161.60268
2971
 1382641162.60706
2972
 1382641163.6284
2973
 1382641164.64954
2974
 1382641165.64265
2976
 1382641167.65755
2977
 1382641168.6748
2978
 1382641169.68777
2979
 1382641170.69608
2980
 1382641171.71272
2981
 1382641173.74184
2982
 1382641174.76236
2983
 1382641175.7797
2984
 1382641176.79107
2985
 1382641177.7998
2986
 1382641178.82329
2987
 1382641179.84128
2988
 1382641180.83042
2989
 1382641182.84692
2990
 1382641183.85127
2991
 1382641184.8673
2992
 1382641185.88349
2993
 1382641186.89344
2994
 1382641187.91288
2995
 1382641188.91662
2996
 1382641189.92934
2997
 1382641191.95047
2998
 1382641192.96942
2999
 1382641193.97097
3000
 1382641194.99096
3001
 1382641196.00967
3002
 1382641197.0177
3003
 1382641198.03067
3004
 1382641199.05671
3005
 1382641200.04914
3007
 1382641202.0711
3008
 1382641204.09718
3009
 1382641205.1125
3010
 1382641206.11834
3011
 1382641207.12513
3012
 1382641208.14296
3013
 1382641209.16359
3014
 1382641210.16666
3015
 1382641211.17023
3016
 1382641213.18853
3017
 1382641214.20393
3018
 1382641215.21432
3019
 1382641216.23705
3020
 1382641217.24311
3021
 1382641218.24516
3022
 1382641219.25782
3024
 1382641221.27725
3025
 1382641223.30217
3026
 1382641224.31956
3027
 1382641225.32937
3028
 1382641226.33802
3029
 1382641227.36036
3030
 1382641229.36538
3031
 1382641230.36801
3032
 1382641231.38517
3033
 1382641232.39108
3034
 1382641233.41025
3035
 1382641234.42039
3036
 1382641235.42697
3037
 1382641236.44439
3038
 1382641238.46182
3039
 1382641239.4786
3040
 1382641240.49197
3041
 1382641241.49989
3042
 1382641242.51082
3043
 1382641243.52287
3044
 1382641244.54934
3045
 1382641245.55235
3046
 1382641246.54047
3047
 1382641247.54629
3049
 1382641249.56975
3050
 1382641251.59183
3051
 1382641252.60232
3052
 1382641253.61543
3053
 1382641254.62421
3054
 1382641255.64216
3055
 1382641257.6753
3056
 1382641258.68016
3057
 1382641259.68552
3058
 1382641260.70635
3059
 1382641261.71712
3060
 1382641262.73313
3061
 1382641263.74438
3062
 1382641264.75905
3063
 1382641265.78593
3064
 1382641266.78067
3065
 1382641268.79915
3066
 1382641269.81235
3067
 1382641270.81694
3068
 1382641271.82107
3069
 1382641272.83212
3070
 1382641273.83831
3071
 1382641274.84928
3072
 1382641275.86662
3073
 1382641277.89355
3074
 1382641278.90587
3075
 1382641279.91371
3076
 1382641280.93019
3077
 1382641281.92394
3078
 1382641282.94523
3079
 1382641283.95744
3080
 1382641284.97672
3082
 1382641286.99928
3083
 1382641289.02493
3084
 1382641290.0223
3085
 1382641291.02542
3086
 1382641292.04571
3087
 1382641293.05006
3088
 1382641294.07756
3089
 1382641296.07449
3091
 1382641297.08194
3092
 1382641299.09209
3093
 1382641300.09528
3094
 1382641301.10727
3095
 1382641303.14046
3096
 1382641304.15411
3097
 1382641305.16684
3098
 1382641306.1825
3099
 1382641307.18734
3100
 1382641308.20774
3101
 1382641309.21392
3102
 1382641310.22943
3103
 1382641312.24435
3104
 1382641313.25052
3105
 1382641314.25535
3106
 1382641315.28108
3107
 1382641316.27434
3108
 1382641317.28667
3109
 1382641318.29897
3110
 1382641319.31365
3111
 1382641320.33991
3112
 1382641321.3209
3113
 1382641322.32756
3114
 1382641324.34526
3115
 1382641325.34932
3116
 1382641326.3741
3117
 1382641327.37793
3119
 1382641329.37802
3120
 1382641330.38258
3121
 1382641332.39785
3122
 1382641333.40825
3123
 1382641334.42311
3124
 1382641335.42691
3125
 1382641336.43654
3126
 1382641337.44205
3127
 1382641338.46039
3128
 1382641340.47721
3129
 1382641341.48336
3130
 1382641342.49299
3131
 1382641343.51065
3132
 1382641344.52095
3133
 1382641346.54857
3134
 1382641347.55327
3135
 1382641348.56669
3136
 1382641349.57266
3137
 1382641350.57709
3138
 1382641351.59547
3139
 1382641353.60596
3140
 1382641354.62035
3141
 1382641355.63799
3142
 1382641356.64161
3143
 1382641357.65704
3144
 1382641358.67105
3145
 1382641359.68943
3147
 1382641361.72903
3148
 1382641362.71866
3149
 1382641364.74121
3150
 1382641365.74703
3151
 1382641366.75635
3152
 1382641367.77618
3153
 1382641368.7852
3154
 1382641370.80301
3155
 1382641371.81968
3156
 1382641372.83179
3157
 1382641373.84233
3158
 1382641374.8628
3159
 1382641376.89805
3160
 1382641377.91356
3161
 1382641378.92179
3162
 1382641379.92952
3163
 1382641380.94672
3164
 1382641381.96667
3165
 1382641382.97105
3166
 1382641383.98186
3167
 1382641386.00933
3168
 1382641387.02699
3169
 1382641388.03323
3170
 1382641389.05143
3171
 1382641391.08146
3172
 1382641392.10378
3173
 1382641393.09059
3174
 1382641394.10006
3175
 1382641395.1089
3176
 1382641396.12808
3177
 1382641398.13691
3178
 1382641399.1473
3179
 1382641400.15489
3180
 1382641401.17398
3181
 1382641402.19229
3182
 1382641403.1962
3183
 1382641404.21451
3184
 1382641405.21823
3185
 1382641407.26306
3186
 1382641408.24968
3187
 1382641409.25751
3188
 1382641410.26981
3189
 1382641411.27509
3190
 1382641412.27988
3191
 1382641413.29827
3192
 1382641414.31294
3193
 1382641415.32266
3194
 1382641417.34278
3195
 1382641418.35941
3196
 1382641419.37392
3197
 1382641420.38577
3198
 1382641421.39756
3199
 1382641423.4248
3200
 1382641424.43266
3201
 1382641425.44955
3202
 1382641426.46592
3203
 1382641428.49115
3204
 1382641429.51238
3205
 1382641430.50114
3206
 1382641431.51291
3207
 1382641432.51918
3208
 1382641433.54045
3209
 1382641434.56376
3210
 1382641435.55401
3211
 1382641436.57334
3212
 1382641438.58248
3213
 1382641439.59301
3214
 1382641440.60354
3215
 1382641441.6268
3217
 1382641443.64752
3218
 1382641445.65446
3219
 1382641446.67264
3220
 1382641447.6839
3221
 1382641448.69914
3222
 1382641449.70888
3223
 1382641451.73237
3224
 1382641452.75401
3225
 1382641453.74461
3226
 1382641454.74858
3227
 1382641456.78386
3228
 1382641457.80291
3229
 1382641458.82423
3230
 1382641459.82719
3231
 1382641460.84598
3232
 1382641461.85634
3233
 1382641462.872
3234
 1382641464.88416
3235
 1382641465.89248
3236
 1382641466.90811
3237
 1382641467.9286
3238
 1382641468.94422
3239
 1382641469.9467
3240
 1382641471.95807
3241
 1382641472.97763
3242
 1382641473.96885
3243
 1382641474.97788
3244
 1382641475.99551
3245
 1382641477.0076
3246
 1382641478.02929
3247
 1382641480.03519
3248
 1382641481.04
3249
 1382641482.04592
3250
 1382641483.05296
3252
 1382641485.07423
3253
 1382641487.09465
3254
 1382641488.10304
3255
 1382641489.10786
3256
 1382641490.11307
3257
 1382641491.11962
3258
 1382641493.12892
3259
 1382641494.1448
3260
 1382641495.14801
3261
 1382641496.1567
3262
 1382641498.18217
3263
 1382641499.19047
3264
 1382641500.19556
3265
 1382641501.20364
3266
 1382641502.2182
3267
 1382641504.228
3268
 1382641505.2357
3269
 1382641506.24986
3270
 1382641507.25801
3271
 1382641508.27314
3272
 1382641509.27193
3273
 1382641510.29068
3274
 1382641512.28725
3275
 1382641513.30322
3276
 1382641514.3101
3277
 1382641515.31595
3278
 1382641516.32086
3279
 1382641517.33668
3280
 1382641518.34035
3281
 1382641520.36995
3282
 1382641521.40654
3283
 1382641522.42614
3284
 1382641523.44327
3285
 1382641524.45976
3286
 1382641526.48914
3287
 1382641527.50575
3288
 1382641528.5275
3289
 1382641529.54681
3290
 1382641531.57534
3291
 1382641532.58608
3292
 1382641533.59214
3293
 1382641534.60303
3294
 1382641535.61441
3295
 1382641536.61844
3296
 1382641538.64923
3297
 1382641539.65557
3298
 1382641540.67051
3299
 1382641541.68039
3300
 1382641542.69153
3301
 1382641543.69791
3302
 1382641545.71715
3303
 1382641546.72138
3304
 1382641547.72719
3305
 1382641548.7415
3306
 1382641550.75334
3307
 1382641551.76803
3308
 1382641552.77705
3309
 1382641553.78296
3310
 1382641555.80347
3311
 1382641556.82703
3312
 1382641557.81425
3313
 1382641558.8303
3314
 1382641559.85502
3315
 1382641561.85226
3316
 1382641562.8639
3317
 1382641563.88237
3318
 1382641564.90353
3319
 1382641565.91217
3320
 1382641566.91811
3321
 1382641568.95198
3322
 1382641569.96237
3323
 1382641570.97228
3324
 1382641571.99166
3325
 1382641574.01836
3326
 1382641575.0434
3327
 1382641576.02557
3328
 1382641577.04172
3329
 1382641578.04615
3331
 1382641580.07021
3332
 1382641582.10186
3333
 1382641583.10966
3334
 1382641584.12691
3335
 1382641585.14497
3336
 1382641587.17914
3337
 1382641588.19005
3338
 1382641589.19537
3339
 1382641590.20635
3340
 1382641591.22847
3341
 1382641593.22635
3342
 1382641594.23864
3343
 1382641595.25633
3344
 1382641596.27318
3345
 1382641597.29175
3346
 1382641598.31121
3347
 1382641600.30587
3348
 1382641601.31024
3349
 1382641602.3209
3350
 1382641603.32552
3351
 1382641604.33018
3352
 1382641605.33826
3353
 1382641607.36389
3354
 1382641608.37245
3355
 1382641610.4053
3356
 1382641611.40869
3357
 1382641612.44906
3358
 1382641613.41453
3359
 1382641615.43886
3360
 1382641616.43877
3361
 1382641617.45655
3362
 1382641618.46571
3363
 1382641619.4696
3364
 1382641620.49278
3365
 1382641621.51061
3366
 1382641622.53521
3367
 1382641624.56288
3368
 1382641625.57573
3369
 1382641626.59048
3370
 1382641627.61229
3371
 1382641628.61756
3372
 1382641630.62422
3373
 1382641631.6352
3374
 1382641632.65985
3375
 1382641634.67119
3376
 1382641635.65263
3377
 1382641636.65534
3378
 1382641637.67025
3379
 1382641639.6781
3380
 1382641640.699
3381
 1382641641.70716
3382
 1382641642.72215
3383
 1382641643.7359
3384
 1382641645.76523
3385
 1382641646.77213
3386
 1382641647.79292
3387
 1382641648.80646
3388
 1382641649.8242
3389
 1382641650.83765
3390
 1382641652.86696
3391
 1382641653.88356
3392
 1382641654.89926
3393
 1382641655.90402
3394
 1382641656.91586
3395
 1382641657.93646
3396
 1382641659.95088
3397
 1382641660.95856
3398
 1382641662.98399
3399
 1382641663.99849
3400
 1382641665.01141
3401
 1382641666.0224
3402
 1382641667.02823
3403
 1382641669.04413
3404
 1382641670.06171
3405
 1382641671.07161
3406
 1382641673.07864
3407
 1382641674.08977
3408
 1382641675.09829
3409
 1382641676.12202
3410
 1382641677.12224
3411
 1382641679.15993
3412
 1382641680.17481
3413
 1382641681.18331
3414
 1382641682.19333
3415
 1382641683.21233
3417
 1382641685.2568
3418
 1382641687.26075
3419
 1382641688.27311
3420
 1382641689.29105
3421
 1382641690.29616
3422
 1382641692.30827
3423
 1382641693.31307
3424
 1382641694.33053
3425
 1382641696.36212
3426
 1382641697.37304
3427
 1382641698.388
3428
 1382641699.40693
3429
 1382641701.43992
3430
 1382641702.45198
3431
 1382641703.46718
3432
 1382641704.48078
3433
 1382641705.49246
3434
 1382641707.51618
3435
 1382641708.53418
3436
 1382641709.54347
3437
 1382641710.54964
3438
 1382641711.56299
3439
 1382641712.57602
3440
 1382641713.58796
3441
 1382641715.60198
3442
 1382641716.6168
3443
 1382641717.6356
3444
 1382641718.64518
3445
 1382641720.68354
3446
 1382641721.70085
3447
 1382641722.72495
3448
 1382641724.72237
3449
 1382641725.73423
3450
 1382641726.75052
3451
 1382641727.76478
3452
 1382641729.79321
3453
 1382641730.79994
3454
 1382641731.81302
3455
 1382641732.82277
3456
 1382641734.83657
3457
 1382641735.85627
3458
 1382641736.87734
3459
 1382641737.87444
3460
 1382641738.87831
3461
 1382641739.88095
3462
 1382641741.91976
3463
 1382641742.94164
3464
 1382641743.94368
3465
 1382641744.93396
3466
 1382641745.95883
3467
 1382641746.94628
3468
 1382641748.97636
3469
 1382641749.98434
3470
 1382641752.00974
3471
 1382641753.01106
3472
 1382641754.00811
3473
 1382641755.02366
3474
 1382641757.04958
3475
 1382641758.05732
3476
 1382641759.06484
3477
 1382641760.07719
3478
 1382641761.07899
3479
 1382641763.10684
3480
 1382641764.11194
3481
 1382641765.12938
3482
 1382641766.15092
3483
 1382641768.14374
3484
 1382641769.1587
3485
 1382641770.17383
3486
 1382641772.19909
3487
 1382641773.19592
3488
 1382641774.21335
3489
 1382641775.22656
3490
 1382641776.24105
3491
 1382641778.27486
3492
 1382641779.25879
3493
 1382641781.28951
3494
 1382641782.30398
3495
 1382641783.3102
3496
 1382641784.32961
3497
 1382641786.34045
3498
 1382641787.33698
3499
 1382641788.35153
3500
 1382641789.35842
3501
 1382641791.37089
3502
 1382641792.37983
3503
 1382641793.39696
3504
 1382641794.40477
3505
 1382641796.41623
3506
 1382641797.42365
3507
 1382641798.43963
3508
 1382641799.45963
3509
 1382641801.47651
3510
 1382641802.4994
3511
 1382641803.49197
3512
 1382641804.49484
3513
 1382641806.52615
3514
 1382641807.53672
3515
 1382641808.55563
3516
 1382641810.5805
3517
 1382641811.58538
3518
 1382641812.61112
3519
 1382641813.59952
3520
 1382641814.61051
3521
 1382641816.63568
3522
 1382641817.65241
3523
 1382641818.65724
3524
 1382641820.67191
3525
 1382641821.69167
3526
 1382641822.70442
3527
 1382641823.72102
3528
 1382641825.75725
3529
 1382641826.76624
3530
 1382641827.77286
3531
 1382641829.80506
3532
 1382641830.79911
3533
 1382641831.80192
3534
 1382641832.8234
3535
 1382641833.83272
3536
 1382641835.85408
3537
 1382641836.86656
3538
 1382641837.87861
3539
 1382641838.9017
3540
 1382641839.92226
3541
 1382641841.93256
3542
 1382641842.93736
3543
 1382641843.96021
3544
 1382641844.95531
3545
 1382641845.97804
3546
 1382641847.98516
3547
 1382641849.00009
3548
 1382641851.02238
3549
 1382641852.03287
3550
 1382641853.04409
3551
 1382641854.05375
3552
 1382641856.07668
3553
 1382641857.09938
3554
 1382641858.10971
3555
 1382641859.11977
3557
 1382641861.14453
3558
 1382641863.15907
3559
 1382641864.1749
3560
 1382641865.18802
3561
 1382641867.21689
3562
 1382641868.2279
3563
 1382641869.24597
3564
 1382641871.27117
3565
 1382641872.28077
3566
 1382641873.28677
3567
 1382641874.29407
3568
 1382641876.32111
3569
 1382641877.34595
3570
 1382641878.33571
3571
 1382641880.3583
3572
 1382641881.36712
3573
 1382641882.3829
3574
 1382641883.39567
3575
 1382641885.44035
3576
 1382641886.46259
3577
 1382641887.44765
3579
 1382641889.46809
3580
 1382641891.48783
3581
 1382641892.49611
3582
 1382641894.5242
3583
 1382641895.53961
3584
 1382641896.56455
3585
 1382641897.55039
3586
 1382641898.56344
3587
 1382641900.58826
3588
 1382641901.59589
3589
 1382641902.61458
3590
 1382641903.6284
3591
 1382641905.6573
3592
 1382641906.66881
3593
 1382641907.68118
3594
 1382641909.72018
3595
 1382641910.70453
3596
 1382641912.72485
3597
 1382641913.73637
3598
 1382641914.73877
3599
 1382641915.74416
3600
 1382641917.77181
3601
 1382641918.7964
3602
 1382641919.80885
3603
 1382641921.83127
3604
 1382641922.84032
3605
 1382641923.85904
3606
 1382641925.88338
3607
 1382641926.90488
3608
 1382641927.89021
3609
 1382641928.903
3610
 1382641929.91107
3611
 1382641931.92355
3612
 1382641932.93093
3613
 1382641933.94816
3614
 1382641934.95777
3615
 1382641935.97603
3616
 1382641938.02332
3617
 1382641939.01543
3618
 1382641940.04165
3619
 1382641941.03861
3620
 1382641943.07357
3621
 1382641944.09292
3622
 1382641946.11065
3623
 1382641947.13119
3624
 1382641948.12098
3625
 1382641950.14837
3626
 1382641951.15306
3627
 1382641952.17842
3628
 1382641954.17274
3629
 1382641955.18592
3630
 1382641956.20191
3631
 1382641957.21328
3632
 1382641958.22467
3633
 1382641960.24972
3634
 1382641961.26996
3635
 1382641962.28531
3636
 1382641963.3118
3637
 1382641964.31395
3638
 1382641966.3379
3639
 1382641967.33546
3640
 1382641969.34701
3641
 1382641970.37169
3642
 1382641971.37531
3643
 1382641973.39113
3644
 1382641974.38821
3645
 1382641975.39568
3646
 1382641977.41945
3647
 1382641978.42687
3648
 1382641980.4368
3649
 1382641981.44878
3650
 1382641982.45649
3651
 1382641983.46935
3652
 1382641984.48739
3653
 1382641986.51959
3654
 1382641987.54156
3655
 1382641988.53442
3656
 1382641990.5717
3657
 1382641991.58596
3658
 1382641992.59307
3659
 1382641993.60056
3660
 1382641995.60747
3661
 1382641996.6132
3662
 1382641997.6194
3663
 1382641998.63283
3664
 1382642000.66014
3665
 1382642001.67754
3666
 1382642002.68303
3667
 1382642003.7017
3668
 1382642005.72542
3669
 1382642006.73063
3670
 1382642008.75698
3671
 1382642009.76164
3672
 1382642010.76851
3674
 1382642012.79104
3675
 1382642014.82399
3676
 1382642015.82686
3677
 1382642017.85237
3678
 1382642018.87029
3679
 1382642019.87144
3680
 1382642021.89552
3681
 1382642022.9041
3682
 1382642023.91222
3683
 1382642025.92834
3684
 1382642026.94551
3685
 1382642027.96503
3686
 1382642029.97384
3687
 1382642030.98916
3688
 1382642031.99592
3689
 1382642033.0059
3690
 1382642035.03249
3691
 1382642036.03618
3692
 1382642037.05106
3694
 1382642039.05952
3695
 1382642041.07801
3696
 1382642042.09503
3697
 1382642043.08714
3698
 1382642045.11419
3699
 1382642046.12871
3700
 1382642048.15986
3701
 1382642049.15828
3702
 1382642050.1716
3703
 1382642051.18492
3704
 1382642053.20495
3705
 1382642054.21853
3706
 1382642055.23293
3707
 1382642056.24848
3708
 1382642058.28356
3709
 1382642059.27888
3710
 1382642061.29891
3711
 1382642062.30322
3712
 1382642063.31251
3713
 1382642064.3179
3714
 1382642066.33726
3715
 1382642067.34394
3716
 1382642068.36571
3717
 1382642070.38107
3718
 1382642071.36406
3719
 1382642073.37351
3720
 1382642074.38478
3721
 1382642075.39962
3722
 1382642077.42358
3723
 1382642078.43548
3724
 1382642079.44839
3725
 1382642080.47294
3726
 1382642082.48268
3727
 1382642083.50448
3728
 1382642085.50928
3729
 1382642086.53043
3730
 1382642087.53369
3731
 1382642088.54255
3732
 1382642090.5575
3733
 1382642091.56077
3734
 1382642092.5741
3735
 1382642094.60676
3736
 1382642095.61235
3737
 1382642096.62572
3738
 1382642098.64884
3739
 1382642099.65194
3740
 1382642100.66707
3741
 1382642102.70238
3742
 1382642103.71734
3743
 1382642105.74596
3744
 1382642106.75733
3745
 1382642107.76435
3746
 1382642108.77604
3747
 1382642109.78935
3748
 1382642110.8055
3749
 1382642111.81751
3750
 1382642113.83806
3751
 1382642114.8474
3752
 1382642115.85609
3753
 1382642117.87356
3754
 1382642118.88686
3755
 1382642119.8996
3756
 1382642120.9212
3757
 1382642122.93281
3758
 1382642124.97069
3759
 1382642126.96111
3760
 1382642127.96877
3761
 1382642128.97806
3762
 1382642131.00339
3763
 1382642132.01805
3764
 1382642133.0369
3765
 1382642135.05946
3766
 1382642136.07097
3767
 1382642137.08705
3768
 1382642138.09923
3769
 1382642140.1179
3770
 1382642141.14231
3771
 1382642142.13941
3772
 1382642143.15651
3773
 1382642145.1723
3774
 1382642146.17536
3775
 1382642148.20171
3776
 1382642149.1898
3777
 1382642150.2037
3778
 1382642152.22643
3779
 1382642153.24378
3780
 1382642155.26765
3781
 1382642156.27219
3782
 1382642157.27789
3784
 1382642159.3059
3785
 1382642161.33926
3786
 1382642162.34413
3787
 1382642164.35446
3788
 1382642165.3571
3789
 1382642166.37771
3790
 1382642168.39649
3791
 1382642169.39278
3792
 1382642170.3987
3793
 1382642172.43514
3794
 1382642173.44931
3795
 1382642175.46204
3796
 1382642176.47798
3797
 1382642177.49155
3799
 1382642179.51586
3800
 1382642181.54211
3801
 1382642182.56177
3802
 1382642184.59237
3803
 1382642185.58355
3804
 1382642186.60199
3805
 1382642188.62342
3806
 1382642189.63167
3807
 1382642191.64635
3808
 1382642192.65993
3809
 1382642193.67264
3810
 1382642194.68529
3811
 1382642196.72072
3812
 1382642197.73697
3813
 1382642198.7518
3814
 1382642200.76289
3815
 1382642201.77179
3816
 1382642203.79842
3817
 1382642204.80753
3818
 1382642206.84514
3819
 1382642207.83863
3820
 1382642208.85411
3821
 1382642209.87676
3822
 1382642211.88553
3823
 1382642212.90672
3824
 1382642214.93048
3825
 1382642215.93724
3826
 1382642216.94163
3827
 1382642218.95923
3828
 1382642219.96979
3829
 1382642220.99502
3830
 1382642222.99241
3831
 1382642224.00204
3832
 1382642225.01774
3833
 1382642227.05519
3834
 1382642228.06685
3835
 1382642229.08719
3836
 1382642231.11423
3837
 1382642232.11791
3838
 1382642233.13675
3839
 1382642234.14089
3840
 1382642236.16555
3841
 1382642237.17212
3842
 1382642239.18614
3843
 1382642240.20556
3844
 1382642241.20854
3845
 1382642242.21694
3846
 1382642244.23708
3847
 1382642245.25581
3848
 1382642247.29089
3849
 1382642248.31173
3850
 1382642249.32897
3851
 1382642250.33183
3852
 1382642252.3621
3853
 1382642253.37646
3854
 1382642255.40752
3855
 1382642256.39434
3856
 1382642257.41298
3857
 1382642259.42927
3858
 1382642260.44715
3859
 1382642262.46963
3860
 1382642263.47253
3861
 1382642264.49131
3862
 1382642265.50918
3863
 1382642267.53217
3864
 1382642268.54383
3865
 1382642269.55113
3866
 1382642271.58444
3867
 1382642272.58201
3868
 1382642273.59157
3869
 1382642275.60729
3870
 1382642276.61489
3871
 1382642278.63467
3872
 1382642279.65615
3873
 1382642281.67959
3874
 1382642282.68455
3875
 1382642283.70636
3876
 1382642284.69898
3877
 1382642286.71858
3878
 1382642287.72811
3879
 1382642288.73662
3880
 1382642290.74966
3881
 1382642291.75446
3882
 1382642293.7619
3883
 1382642294.76616
3884
 1382642295.77135
3885
 1382642296.78139
3886
 1382642298.81656
3887
 1382642299.83742
3888
 1382642301.84695
3889
 1382642302.85294
3890
 1382642303.85554
3891
 1382642304.86394
3892
 1382642306.89072
3893
 1382642307.88401
3894
 1382642309.9116
3895
 1382642310.9216
3896
 1382642312.95256
3897
 1382642313.96069
3898
 1382642315.99603
3899
 1382642317.0112
3900
 1382642318.01819
3901
 1382642319.02847
3902
 1382642321.04791
3903
 1382642322.05602
3904
 1382642323.06554
3905
 1382642324.07793
3906
 1382642326.09024
3907
 1382642328.10495
3908
 1382642329.11462
3909
 1382642330.2532
3910
 1382642331.26665
3911
 1382642333.29209
3912
 1382642334.29872
3913
 1382642335.31652
3914
 1382642337.33124
3915
 1382642338.35204
3916
 1382642339.34039
3917
 1382642341.36162
3918
 1382642342.37108
3919
 1382642344.40601
3920
 1382642345.39461
3921
 1382642347.43242
3922
 1382642348.43859
3923
 1382642349.44524
3924
 1382642351.46803
3925
 1382642352.47456
3926
 1382642353.48394
3927
 1382642355.51117
3928
 1382642356.52809
3929
 1382642357.53253
3930
 1382642359.54106
3931
 1382642360.56051
3932
 1382642361.58316
3933
 1382642363.60117
3934
 1382642364.61946
3935
 1382642365.63785
3936
 1382642367.63837
3937
 1382642368.6577
3938
 1382642370.66406
3939
 1382642371.68124
3940
 1382642372.68505
3941
 1382642373.69575
3942
 1382642375.7266
3943
 1382642376.7102
3944
 1382642378.73868
3945
 1382642379.75179
3946
 1382642381.76806
3947
 1382642382.78606
3948
 1382642383.80475
3949
 1382642385.81409
3950
 1382642386.81697
3951
 1382642387.81991
3952
 1382642389.83492
3953
 1382642390.84304
3954
 1382642392.85636
3955
 1382642393.86601
3956
 1382642394.8689
3957
 1382642396.88185
3958
 1382642398.90018
3959
 1382642399.91071
3960
 1382642400.91702
3961
 1382642401.92578
3962
 1382642403.93831
3963
 1382642404.94791
3964
 1382642406.97472
3965
 1382642407.97994
3966
 1382642410.00584
3967
 1382642411.01968
3968
 1382642412.04447
3969
 1382642413.03558
3970
 1382642415.05019
3971
 1382642416.06701
3972
 1382642418.10234
3973
 1382642419.09535
3974
 1382642420.10975
3975
 1382642422.1282
3976
 1382642423.1363
3977
 1382642424.13986
3978
 1382642426.17149
3979
 1382642427.18476
3980
 1382642428.20248
3981
 1382642430.2124
3982
 1382642431.22593
3983
 1382642433.2516
3984
 1382642434.26316
3985
 1382642436.29446
3986
 1382642437.3013
3987
 1382642438.31793
3988
 1382642439.33803
3989
 1382642441.36958
3990
 1382642442.37605
3991
 1382642443.39518
3992
 1382642445.4093
3993
 1382642446.43073
3994
 1382642447.44379
3995
 1382642449.46628
3996
 1382642450.48591
3997
 1382642452.51167
3998
 1382642453.50419
3999
 1382642454.51879
4000
 1382642456.55116
4001
 1382642457.5366
4003
 1382642459.55682
4004
 1382642461.58199
4005
 1382642463.60808
4006
 1382642464.61771
4007
 1382642466.63654
