 1382630216.58206
9
 1382630476.01627
17
 1382630477.0438
33
 1382630478.05715
48
 1382630479.07865
62
 1382630480.11758
75
 1382630481.10368
87
 1382630482.11549
100
 1382630483.13645
111
 1382630484.15955
121
 1382630485.18972
132
 1382630486.18272
142
 1382630487.19057
152
 1382630488.20737
162
 1382630489.21134
171
 1382630490.22427
180
 1382630491.25528
189
 1382630492.24882
198
 1382630493.28451
206
 1382630494.30309
215
 1382630495.33591
223
 1382630496.32787
232
 1382630497.34244
239
 1382630498.33993
247
 1382630499.36037
255
 1382630500.37593
262
 1382630501.39288
270
 1382630502.40566
277
 1382630503.42008
284
 1382630504.44014
291
 1382630505.45859
298
 1382630506.47254
305
 1382630507.48027
312
 1382630508.49774
319
 1382630509.52207
325
 1382630510.53471
331
 1382630511.54098
338
 1382630512.56657
345
 1382630513.58877
351
 1382630514.59397
358
 1382630515.60932
363
 1382630516.61426
369
 1382630517.6343
375
 1382630518.64454
382
 1382630519.66376
389
 1382630520.67786
395
 1382630521.69388
400
 1382630522.75067
406
 1382630523.72875
412
 1382630524.74551
418
 1382630525.789
423
 1382630526.76407
429
 1382630527.76603
434
 1382630528.78995
440
 1382630529.79509
444
 1382630530.83541
451
 1382630531.82331
455
 1382630532.83558
461
 1382630533.85322
466
 1382630534.89463
472
 1382630535.8826
477
 1382630536.90092
482
 1382630537.91097
487
 1382630538.94073
492
 1382630539.94921
496
 1382630540.96472
502
 1382630541.98415
506
 1382630543.02654
511
 1382630544.02229
516
 1382630545.05996
521
 1382630546.05373
526
 1382630547.05888
530
 1382630548.07351
534
 1382630549.04604
539
 1382630550.07715
544
 1382630551.07813
548
 1382630552.09004
553
 1382630553.10932
558
 1382630554.11219
562
 1382630555.12854
567
 1382630556.15902
571
 1382630557.18634
575
 1382630558.19305
580
 1382630559.22902
584
 1382630560.2495
589
 1382630561.27001
593
 1382630562.30595
599
 1382630563.31522
603
 1382630564.33782
607
 1382630565.35412
610
 1382630566.37104
616
 1382630567.38071
620
 1382630568.40058
625
 1382630569.44248
628
 1382630570.43037
633
 1382630571.45808
636
 1382630572.46015
641
 1382630573.50011
645
 1382630574.51252
649
 1382630575.52059
653
 1382630576.5361
657
 1382630577.5642
661
 1382630578.57303
665
 1382630579.57341
670
 1382630580.60156
674
 1382630581.62986
678
 1382630582.61817
681
 1382630583.63281
686
 1382630584.65904
690
 1382630585.69001
693
 1382630586.69626
696
 1382630587.70985
701
 1382630588.72077
704
 1382630589.73106
708
 1382630590.74337
712
 1382630591.76065
716
 1382630592.79591
720
 1382630593.82261
724
 1382630594.85457
728
 1382630595.84697
731
 1382630596.89292
736
 1382630597.88271
738
 1382630598.91653
743
 1382630599.91304
746
 1382630600.93255
750
 1382630601.95767
753
 1382630602.96189
758
 1382630603.96853
761
 1382630604.96757
764
 1382630605.96152
768
 1382630606.97834
771
 1382630608.00917
775
 1382630609.00706
778
 1382630610.01606
782
 1382630611.04619
785
 1382630612.05104
789
 1382630613.05489
793
 1382630614.0574
796
 1382630615.08522
799
 1382630616.11418
803
 1382630617.12167
807
 1382630618.14447
810
 1382630619.16529
813
 1382630620.16932
817
 1382630621.18336
820
 1382630622.21001
823
 1382630623.21578
827
 1382630624.24764
830
 1382630625.23116
834
 1382630626.25338
837
 1382630627.2585
840
 1382630628.28014
843
 1382630629.31531
848
 1382630630.33919
850
 1382630631.35066
855
 1382630632.3677
858
 1382630633.37985
860
 1382630634.37444
864
 1382630635.39632
867
 1382630636.40529
870
 1382630637.41426
874
 1382630638.43594
877
 1382630639.47137
880
 1382630640.49862
883
 1382630641.52512
887
 1382630642.53809
891
 1382630643.57118
893
 1382630644.60488
896
 1382630645.61538
899
 1382630646.65218
902
 1382630647.64303
905
 1382630648.66823
909
 1382630649.65837
912
 1382630650.66376
916
 1382630651.68478
919
 1382630652.71551
922
 1382630653.75425
925
 1382630654.76032
928
 1382630655.74715
930
 1382630656.76111
934
 1382630657.78197
937
 1382630658.81345
940
 1382630659.8107
943
 1382630660.84548
946
 1382630661.82597
950
 1382630662.84928
952
 1382630663.82999
956
 1382630664.84317
959
 1382630665.85931
962
 1382630666.89814
965
 1382630667.88326
968
 1382630668.88795
971
 1382630669.89698
974
 1382630670.907
976
 1382630671.92335
979
 1382630672.92894
983
 1382630673.94369
985
 1382630674.96259
988
 1382630675.98602
991
 1382630677.01563
995
 1382630678.04814
997
 1382630679.07817
1000
 1382630680.08379
1003
 1382630681.10474
1007
 1382630682.133
