1382630241.564836978912354
1382630241.623109102249146
1382630241.690290927886963
1382630241.751907110214233
1382630241.810918092727661
1382630241.872500896453857
1382630241.937244892120361
1382630242.005852937698364
1382630242.066895961761475
1382630242.128688097000122
1382630242.189357042312622
1382630242.250379085540771
1382630242.313900947570801
1382630242.376471042633057
1382630242.440545082092285
1382630242.501518964767456
1382630242.568248033523560
1382630242.634573936462402
1382630242.705959081649780
1382630242.775250911712646
1382630242.842016935348511
1382630242.909554958343506
1382630242.977722883224487
1382630243.047801971435547
1382630243.118304967880249
1382630243.181121110916138
1382630243.246630907058716
1382630243.313361883163452
1382630243.380911111831665
1382630243.444516897201538
1382630243.522519111633301
1382630243.591475009918213
1382630243.667526960372925
1382630243.745187044143677
1382630243.816708087921143
1382630243.889272928237915
1382630243.966298103332520
1382630244.047738075256348
1382630244.119658946990967
1382630244.190706968307495
1382630244.259186029434204
1382630244.331144094467163
1382630244.403989076614380
1382630244.482486009597778
1382630244.551609992980957
1382630244.636432886123657
1382630244.744292020797729
1382630244.832585096359253
1382630244.911895036697388
1382630244.995654106140137
1382630245.073476076126099
1382630245.159243106842041
1382630245.231388092041016
1382630245.300820112228394
1382630245.382152080535889
1382630245.453267097473145
1382630245.523771047592163
1382630245.594654083251953
1382630245.680016994476318
1382630245.762530088424683
1382630245.851300001144409
1382630245.936602115631104
1382630246.027982950210571
1382630246.111691951751709
1382630246.198553085327148
1382630246.276530027389526
1382630246.348792076110840
1382630246.438208103179932
1382630246.511207103729248
1382630246.585660934448242
1382630246.667671918869019
1382630246.748622894287109
1382630246.837445974349976
1382630246.938416957855225
1382630247.046608924865723
1382630247.132251024246216
1382630247.207376003265381
1382630247.284419059753418
1382630247.360405921936035
1382630247.439968109130859
1382630247.518240928649902
1382630247.594392061233521
1382630247.672996997833252
1382630247.763360023498535
1382630247.852431058883667
1382630247.946259021759033
1382630248.040378093719482
1382630248.137274026870728
1382630248.247731924057007
1382630248.339526891708374
1382630248.442872047424316
1382630248.527981042861938
1382630248.614985942840576
1382630248.698506116867065
1382630248.797684907913208
1382630248.902206897735596
1382630249.005645990371704
1382630249.107160091400146
1382630249.226603031158447
1382630249.311878919601440
1382630249.400557041168213
1382630249.481250047683716
1382630249.563492059707642
1382630249.658957958221436
1382630249.761666059494019
1382630249.866698026657104
1382630249.978507041931152
1382630250.095591068267822
1382630250.206620931625366
1382630250.320152044296265
1382630250.416126966476440
1382630250.502902984619141
1382630250.585136890411377
1382630250.671649932861328
1382630250.759371042251587
1382630250.871589899063110
1382630250.981676101684570
1382630251.092592954635620
1382630251.203542947769165
1382630251.314647912979126
1382630251.399923086166382
1382630251.486968994140625
1382630251.573066949844360
1382630251.659255027770996
1382630251.746557950973511
1382630251.859239101409912
1382630251.986728906631470
1382630252.111759901046753
1382630252.229831933975220
1382630252.351833105087280
1382630252.440870046615601
1382630252.530322074890137
1382630252.621963024139404
1382630252.713607072830200
1382630252.803608894348145
1382630252.914597988128662
1382630253.034126043319702
1382630253.161979913711548
1382630253.291542053222656
1382630253.424784898757935
1382630253.514496088027954
1382630253.606508016586304
1382630253.699713945388794
1382630253.792097091674805
1382630253.893261909484863
1382630254.018448114395142
1382630254.142810106277466
1382630254.266125917434692
1382630254.408446073532104
1382630254.542798995971680
1382630254.639763116836548
1382630254.735402107238770
1382630254.830013036727905
1382630254.924897909164429
1382630255.053304910659790
1382630255.189047098159790
1382630255.312988996505737
1382630255.444591999053955
1382630255.573344945907593
1382630255.667139053344727
1382630255.763895988464355
1382630255.859239101409912
1382630255.964520931243896
1382630256.097951889038086
1382630256.232542037963867
1382630256.378262996673584
1382630256.511953115463257
1382630256.613287925720215
1382630256.718543052673340
1382630256.834198951721191
1382630256.931468009948730
1382630257.036640882492065
1382630257.171844005584717
1382630257.331432104110718
1382630257.471074104309082
1382630257.609211921691895
1382630257.718002080917358
1382630257.820257902145386
1382630257.922698974609375
1382630258.020553112030029
1382630258.149658918380737
1382630258.291335105895996
1382630258.446898937225342
1382630258.588840961456299
1382630258.693964004516602
1382630258.794526100158691
1382630258.896063089370728
1382630258.999353885650635
1382630259.119508981704712
1382630259.267463922500610
1382630259.427834033966064
1382630259.571526050567627
1382630259.728188037872314
1382630259.831697940826416
1382630259.933804988861084
1382630260.043273925781250
1382630260.167058944702148
1382630260.320130109786987
1382630260.468291997909546
1382630260.617408990859985
1382630260.744303941726685
1382630260.851870059967041
1382630260.955671072006226
1382630261.061567068099976
1382630261.179589986801147
1382630261.335931062698364
1382630261.492312908172607
1382630261.648720026016235
1382630261.765142917633057
1382630261.869514942169189
1382630261.974400997161865
1382630262.081962108612061
1382630262.199376106262207
1382630262.358198881149292
1382630262.525437116622925
1382630262.684874057769775
1382630262.844899892807007
1382630262.990770101547241
1382630263.108445882797241
1382630263.242741107940674
1382630263.406177997589111
1382630263.568536043167114
1382630263.742378950119019
1382630263.857269048690796
1382630263.975708961486816
1382630264.102983951568604
1382630264.229619026184082
1382630264.383071899414062
1382630264.560556888580322
1382630264.730211019515991
1382630264.886490106582642
1382630265.003942012786865
1382630265.112248897552490
1382630265.237395048141479
1382630265.372598886489868
1382630265.542102098464966
1382630265.690800905227661
1382630265.860142946243286
1382630265.995906114578247
1382630266.111542940139771
1382630266.224246978759766
1382630266.370044946670532
1382630266.539115905761719
1382630266.724597930908203
1382630266.899538040161133
1382630267.010488033294678
1382630267.129084110260010
1382630267.240164995193481
1382630267.367626905441284
1382630267.550510883331299
1382630267.717586994171143
1382630267.908159971237183
1382630268.070288896560669
1382630268.183543920516968
1382630268.296562910079956
1382630268.441611051559448
1382630268.602025032043457
1382630268.782386064529419
1382630268.954327106475830
1382630269.068065881729126
1382630269.222397089004517
1382630269.340857028961182
1382630269.509152889251709
1382630269.732964992523193
1382630269.907812118530273
1382630270.063817024230957
1382630270.201260089874268
1382630270.318259954452515
1382630270.448242902755737
1382630270.644934892654419
1382630270.829278945922852
1382630271.039664030075073
1382630271.171714067459106
1382630271.299767017364502
1382630271.431298017501831
1382630271.607032060623169
1382630271.801728010177612
1382630271.987297058105469
1382630272.121679067611694
1382630272.266196012496948
1382630272.385843038558960
1382630272.548016071319580
1382630272.713170051574707
1382630272.903523921966553
1382630273.096875905990601
1382630273.251444101333618
1382630273.370296001434326
1382630273.497864961624146
1382630273.671267986297607
1382630273.882060050964355
1382630274.091341972351074
1382630274.228857994079590
1382630274.357325077056885
1382630274.485169887542725
1382630274.656184911727905
1382630274.851064920425415
1382630275.059350967407227
1382630275.201355934143066
1382630275.328811883926392
1382630275.467837095260620
1382630275.614058971405029
1382630275.820394039154053
1382630276.015795946121216
1382630276.226883888244629
1382630276.352987051010132
1382630276.496300935745239
1382630276.636868000030518
1382630276.830602884292603
1382630277.040098905563354
1382630277.208395004272461
1382630277.332760095596313
1382630277.466917037963867
1382630277.591470003128052
1382630277.776034116744995
1382630277.978574037551880
1382630278.169826984405518
1382630278.348332881927490
1382630278.475950002670288
1382630278.608392000198364
1382630278.754308938980103
1382630278.965487957000732
1382630279.187995910644531
1382630279.389718055725098
1382630279.520710945129395
1382630279.648017883300781
1382630279.821084022521973
1382630280.015646934509277
1382630280.222923994064331
1382630280.426843881607056
1382630280.567337036132812
1382630280.713573932647705
1382630280.887026071548462
1382630281.076006889343262
1382630281.304299116134644
1382630281.479212045669556
1382630281.615840911865234
1382630281.766824007034302
1382630281.946891069412231
1382630282.155896902084351
1382630282.396787881851196
1382630282.569709062576294
1382630282.708479881286621
1382630282.842274904251099
1382630283.020883083343506
1382630283.234958887100220
1382630283.465912103652954
1382630283.622853040695190
1382630283.755136013031006
1382630283.900746107101440
1382630284.089711904525757
1382630284.314033031463623
1382630284.530771017074585
1382630284.753038883209229
1382630284.913779973983765
1382630285.098386049270630
1382630285.314500093460083
1382630285.537292003631592
1382630285.701288938522339
1382630285.860904932022095
1382630286.012775897979736
1382630286.220666885375977
1382630286.475714921951294
1382630286.658898115158081
1382630286.794826030731201
1382630286.933027029037476
1382630287.085012912750244
1382630287.308849096298218
1382630287.536123037338257
1382630287.756392002105713
1382630287.894653081893921
1382630288.044007062911987
1382630288.231064081192017
1382630288.454329013824463
1382630288.679322957992554
1382630288.887317895889282
1382630289.043065071105957
1382630289.216928958892822
1382630289.479034900665283
1382630289.729058980941772
1382630289.885467052459717
1382630290.025477886199951
1382630290.205456972122192
1382630290.405473947525024
1382630290.644190073013306
1382630290.895467042922974
1382630291.041063070297241
1382630291.187712907791138
1382630291.380986928939819
1382630291.624061107635498
1382630291.860671997070312
1382630292.046533107757568
1382630292.199315071105957
1382630292.365693092346191
1382630292.577845096588135
1382630292.806562900543213
1382630293.048136949539185
1382630293.203473091125488
1382630293.391774892807007
1382630293.656558036804199
1382630293.875375986099243
1382630294.042685031890869
1382630294.202447891235352
1382630294.384274005889893
1382630294.639790058135986
1382630294.868993997573853
1382630295.068547964096069
1382630295.238708972930908
1382630295.409912109375000
1382630295.650274991989136
1382630295.905427932739258
1382630296.126542091369629
1382630296.280523061752319
1382630296.451078891754150
1382630296.722981929779053
1382630296.976492881774902
1382630297.140187978744507
1382630297.297574043273926
1382630297.499310970306396
1382630297.774910926818848
1382630297.997452974319458
1382630298.175831079483032
1382630298.331443071365356
1382630298.518939018249512
1382630298.747879981994629
1382630298.999213933944702
1382630299.263751029968262
1382630299.417640924453735
1382630299.644773006439209
1382630299.907712936401367
1382630300.082441091537476
1382630300.238940954208374
1382630300.395441055297852
1382630300.549345016479492
1382630300.796189069747925
1382630301.049557924270630
1382630301.300739049911499
1382630301.500020027160645
1382630301.682622909545898
1382630301.891455888748169
1382630302.155324935913086
1382630302.335542917251587
1382630302.509704113006592
1382630302.716978073120117
1382630302.954950094223022
1382630303.220520973205566
1382630303.452086925506592
1382630303.620342016220093
1382630303.827694892883301
1382630304.086149930953979
1382630304.309664011001587
1382630304.475663900375366
1382630304.640964031219482
1382630304.837044000625610
1382630305.122451066970825
1382630305.395102977752686
1382630305.589723110198975
1382630305.752537965774536
1382630305.984987020492554
1382630306.250428915023804
1382630306.506491899490356
1382630306.675699949264526
1382630306.841111898422241
1382630307.079145908355713
1382630307.395766019821167
1382630307.610966920852661
1382630307.771517992019653
1382630307.935925006866455
1382630308.181539058685303
1382630308.436433076858521
1382630308.694457054138184
1382630308.934111118316650
1382630309.172379016876221
1382630309.416064023971558
1382630309.725549936294556
1382630309.907691955566406
1382630310.078418970108032
1382630310.304147005081177
1382630310.581440925598145
1382630310.812565088272095
1382630310.989187955856323
1382630311.167716026306152
1382630311.454443931579590
1382630311.757844924926758
1382630311.965550899505615
1382630312.139645099639893
1382630312.406740903854370
1382630312.730588912963867
1382630312.901774883270264
1382630313.073218107223511
1382630313.239793062210083
1382630313.492769956588745
1382630313.778165102005005
1382630314.055608034133911
1382630314.228307962417603
1382630314.465339899063110
1382630314.750078916549683
1382630315.004468917846680
1382630315.227217912673950
1382630315.443766117095947
1382630315.752779006958008
1382630316.016016960144043
1382630316.183562040328979
1382630316.351475954055786
1382630316.580349922180176
1382630316.885466098785400
1382630317.120270013809204
1382630317.291902065277100
1382630317.465559005737305
1382630317.721267938613892
1382630318.018516063690186
1382630318.300105094909668
1382630318.482530117034912
1382630318.742364883422852
1382630319.070985078811646
1382630319.252572059631348
1382630319.423568964004517
1382630319.616188049316406
1382630319.937994003295898
1382630320.234733104705811
1382630320.474057912826538
1382630320.644330024719238
1382630320.922928094863892
1382630321.260416030883789
1382630321.440608024597168
1382630321.612392902374268
1382630321.818093061447144
1382630322.096568107604980
1382630322.415697097778320
1382630322.646716117858887
1382630322.905344963073730
1382630323.177170038223267
1382630323.469397068023682
1382630323.648760080337524
1382630323.864573001861572
1382630324.171904087066650
1382630324.453727006912231
1382630324.631325006484985
1382630324.823000907897949
1382630325.158221006393433
1382630325.460150003433228
1382630325.641019105911255
1382630325.830360889434814
1382630326.072633028030396
1382630326.377612113952637
1382630326.635654926300049
1382630326.847596883773804
1382630327.084033012390137
1382630327.352761030197144
1382630327.658020973205566
1382630327.906188964843750
1382630328.115981101989746
1382630328.474370002746582
1382630328.743429899215698
1382630328.928349971771240
1382630329.159459114074707
1382630329.536963939666748
1382630329.781383037567139
1382630329.974659919738770
1382630330.211493968963623
1382630330.536623954772949
1382630330.823091030120850
1382630331.034463882446289
1382630331.299451112747192
1382630331.649054050445557
1382630331.899003028869629
1382630332.079768896102905
1382630332.340183019638062
1382630332.668083906173706
1382630332.856904029846191
1382630333.062573909759521
1382630333.295706033706665
1382630333.639821052551270
1382630333.957505941390991
1382630334.145064115524292
1382630334.486534118652344
1382630334.746006011962891
1382630334.942291021347046
1382630335.144781112670898
1382630335.377633094787598
1382630335.721972942352295
1382630336.066343069076538
1382630336.251749038696289
1382630336.549020051956177
1382630336.843389987945557
1382630337.050019979476929
1382630337.238379001617432
1382630337.513880014419556
1382630337.825774908065796
1382630338.161571979522705
1382630338.406714916229248
1382630338.709805011749268
1382630338.994229078292847
1382630339.186578989028931
1382630339.382745027542114
1382630339.647435903549194
1382630340.011699914932251
1382630340.284730911254883
1382630340.473730087280273
1382630340.741099119186401
1382630341.089066982269287
1382630341.372668981552124
1382630341.563416957855225
1382630341.862927913665771
1382630342.201891899108887
1382630342.449994087219238
1382630342.685225009918213
1382630343.026482105255127
1382630343.320297002792358
1382630343.547297000885010
1382630343.853549957275391
1382630344.160041093826294
1382630344.354882955551147
1382630344.561819076538086
1382630344.825835943222046
1382630345.123730897903442
1382630345.424112081527710
1382630345.690592050552368
1382630346.012706995010376
1382630346.306771039962769
1382630346.506232023239136
1382630346.710108995437622
1382630347.015746116638184
1382630347.358449935913086
1382630347.601339101791382
1382630347.795615911483765
1382630348.108609914779663
1382630348.493891000747681
1382630348.702730894088745
1382630348.908412933349609
1382630349.223910093307495
1382630349.620323896408081
1382630349.849725008010864
1382630350.157990932464600
1382630350.514578104019165
1382630350.794392108917236
1382630351.002315044403076
1382630351.321168899536133
1382630351.635432004928589
1382630351.835552930831909
1382630352.032932043075562
1382630352.317363023757935
1382630352.657428026199341
1382630352.934412956237793
1382630353.162698030471802
1382630353.454368114471436
1382630353.767546892166138
1382630354.092210054397583
1382630354.404007911682129
1382630354.762115955352783
1382630355.056377887725830
1382630355.261919021606445
1382630355.622471094131470
1382630355.910866975784302
1382630356.131659030914307
1382630356.345194101333618
1382630356.674206972122192
1382630357.021936893463135
1382630357.258224964141846
1382630357.511631965637207
1382630357.880141973495483
1382630358.197020053863525
1382630358.414756059646606
1382630358.699208974838257
1382630359.021706104278564
1382630359.267349958419800
1382630359.470109939575195
1382630359.836935043334961
1382630360.216418981552124
1382630360.453929901123047
1382630360.799458026885986
1382630361.133114099502563
1382630361.348203897476196
1382630361.570658922195435
1382630361.902980089187622
1382630362.301915884017944
1382630362.511979103088379
1382630362.827385902404785
1382630363.204860925674438
1382630363.490017890930176
1382630363.756266117095947
1382630364.161636114120483
1382630364.365448951721191
1382630364.579605102539062
1382630364.847562074661255
1382630365.175992012023926
1382630365.517748117446899
1382630365.764945983886719
1382630366.099069118499756
1382630366.453227996826172
1382630366.667310953140259
1382630366.924451112747192
1382630367.302120923995972
1382630367.642829895019531
1382630367.862505912780762
1382630368.254538059234619
1382630368.564099073410034
1382630368.772663116455078
1382630369.065737962722778
1382630369.450443029403687
1382630369.771735906600952
1382630369.986818075180054
1382630370.338798046112061
1382630370.678641080856323
1382630370.918560028076172
1382630371.267777919769287
1382630371.596025943756104
1382630371.807218074798584
1382630372.021991014480591
1382630372.320847988128662
1382630372.674820899963379
1382630373.015815973281860
1382630373.268496990203857
1382630373.712747097015381
1382630374.023216009140015
1382630374.314573049545288
1382630374.703188896179199
1382630374.924446105957031
1382630375.140316963195801
1382630375.510277986526489
1382630375.871786117553711
1382630376.100624084472656
1382630376.354607105255127
1382630376.758426904678345
1382630377.117057085037231
1382630377.430561065673828
1382630377.821243047714233
1382630378.036485910415649
1382630378.264028072357178
1382630378.606777906417847
1382630378.975919961929321
1382630379.203403949737549
1382630379.475433111190796
1382630379.855300903320312
1382630380.211792945861816
1382630380.525574922561646
1382630380.919403076171875
1382630381.150732994079590
1382630381.383970975875854
1382630381.756277084350586
1382630382.140223026275635
1382630382.359426021575928
1382630382.739641904830933
1382630383.107424020767212
1382630383.335608959197998
1382630383.652091026306152
1382630384.046972036361694
1382630384.356849908828735
1382630384.621625900268555
1382630385.048396110534668
1382630385.319170951843262
1382630385.546891927719116
1382630385.955744028091431
1382630386.273956060409546
1382630386.508786916732788
1382630386.823483943939209
1382630387.187479019165039
1382630387.485862016677856
1382630387.818526029586792
1382630388.187431097030640
1382630388.549540996551514
1382630388.864047050476074
1382630389.285037040710449
1382630389.529889106750488
1382630389.781294107437134
1382630390.133033037185669
1382630390.527215957641602
1382630390.768053054809570
1382630391.128211975097656
1382630391.506781101226807
1382630391.739801883697510
1382630392.076800107955933
1382630392.444366931915283
1382630392.755366086959839
1382630393.088608980178833
1382630393.459429025650024
1382630393.837040901184082
1382630394.272881984710693
1382630394.513746976852417
1382630394.755306005477905
1382630394.989077091217041
1382630395.403750896453857
1382630395.848673105239868
1382630396.076639890670776
1382630396.409590005874634
1382630396.833043098449707
1382630397.080832958221436
1382630397.417490959167480
1382630397.831510066986084
1382630398.069442987442017
1382630398.407636880874634
1382630398.770998954772949
1382630399.165801048278809
1382630399.514440059661865
1382630399.861905097961426
1382630400.110537052154541
1382630400.378706932067871
1382630400.837472915649414
1382630401.162111997604370
1382630401.443609952926636
1382630401.867326974868774
1382630402.146255016326904
1382630402.475929021835327
1382630402.915838003158569
1382630403.154299974441528
1382630403.409424066543579
1382630403.840912103652954
1382630404.171844005584717
1382630404.429672002792358
1382630404.830523967742920
1382630405.227623939514160
1382630405.473943948745728
1382630405.864548921585083
1382630406.244263887405396
1382630406.515772104263306
1382630406.902825117111206
1382630407.287938117980957
1382630407.542465925216675
1382630407.934842109680176
1382630408.320995092391968
1382630408.577359914779663
1382630408.972814083099365
1382630409.380377054214478
1382630409.621558904647827
1382630409.999222040176392
1382630410.443790912628174
1382630410.802670001983643
1382630411.153470039367676
1382630411.505076885223389
1382630411.761976003646851
1382630412.194756984710693
1382630412.543782949447632
1382630412.795491933822632
1382630413.185029983520508
1382630413.574878931045532
1382630413.831065893173218
1382630414.252136945724487
1382630414.646697044372559
1382630414.896609067916870
1382630415.200877904891968
1382630415.644660949707031
1382630416.059803962707520
1382630416.311304092407227
1382630416.556464910507202
1382630416.816586017608643
1382630417.067657947540283
1382630417.474981069564819
1382630417.959628105163574
1382630418.404870033264160
1382630418.649970054626465
1382630418.917237997055054
1382630419.169044971466064
1382630419.616874933242798
1382630420.035901069641113
1382630420.476908922195435
1382630420.805910110473633
1382630421.071702003479004
1382630421.324594020843506
1382630421.772080898284912
1382630422.214821100234985
1382630422.678579092025757
1382630422.957976102828979
1382630423.217796087265015
1382630423.557461977005005
1382630424.010822057723999
1382630424.561534881591797
1382630424.825892925262451
1382630425.072659015655518
1382630425.334553956985474
1382630425.651695966720581
1382630426.079685926437378
1382630426.475102901458740
1382630426.953823089599609
1382630427.205543041229248
1382630427.476918935775757
1382630427.831976890563965
1382630428.257893085479736
1382630428.627190113067627
1382630429.091068029403687
1382630429.415744066238403
1382630429.682714939117432
1382630430.062001943588257
1382630430.487718105316162
1382630430.893680095672607
1382630431.303096055984497
1382630431.560549020767212
1382630431.818654060363770
1382630432.242676973342896
1382630432.783611059188843
1382630433.243323087692261
1382630433.533508062362671
1382630433.799590110778809
1382630434.049545049667358
1382630434.565922021865845
1382630435.029208898544312
1382630435.447757005691528
1382630435.760283946990967
1382630436.022356986999512
1382630436.331331968307495
1382630436.720390081405640
1382630437.256232976913452
1382630437.639271020889282
1382630437.920574903488159
1382630438.171044111251831
1382630438.527276992797852
1382630438.905050992965698
1382630439.327894926071167
1382630439.806894063949585
1382630440.188858985900879
1382630440.500705957412720
1382630440.966093063354492
1382630441.453752040863037
1382630441.868097066879272
1382630442.132055044174194
1382630442.407790899276733
1382630442.814169883728027
1382630443.354646921157837
1382630443.733614921569824
1382630444.007070064544678
1382630444.290764093399048
1382630444.569094896316528
1382630445.058650016784668
1382630445.527653932571411
1382630445.953489065170288
1382630446.294092893600464
1382630446.561266899108887
1382630446.998240947723389
1382630447.492772102355957
1382630447.913182020187378
1382630448.193727970123291
1382630448.458415031433105
1382630448.739070892333984
1382630449.177109956741333
1382630449.734018087387085
1382630450.226571083068848
1382630450.505243062973022
1382630450.786225080490112
1382630451.202837944030762
1382630451.693458080291748
1382630452.116641044616699
1382630452.389688014984131
1382630452.666377067565918
1382630452.930731058120728
1382630453.308568954467773
1382630453.759776115417480
1382630454.298780918121338
1382630454.667032957077026
1382630454.936351060867310
1382630455.313509941101074
1382630455.784590959548950
1382630456.237629890441895
1382630456.663387060165405
1382630456.996018886566162
1382630457.259968996047974
1382630457.759720087051392
1382630458.272154092788696
1382630458.666639089584351
1382630458.933845043182373
1382630459.233985900878906
1382630459.626239061355591
1382630460.069253921508789
1382630460.610526084899902
1382630460.900079011917114
1382630461.187642097473145
1382630461.469662904739380
1382630461.928416013717651
1382630462.427022933959961
1382630463.002685070037842
1382630463.286467075347900
1382630463.599011898040771
1382630464.024930953979492
1382630464.537441968917847
1382630464.980712890625000
1382630465.265672922134399
1382630465.552818059921265
1382630465.833182096481323
1382630466.286005973815918
1382630466.790501117706299
1382630467.283838033676147
1382630467.635391950607300
1382630467.908423900604248
1382630468.351207971572876
1382630468.939531087875366
1382630469.331629037857056
1382630469.625592947006226
1382630469.934530019760132
1382630470.274518013000488
1382630470.768882989883423
1382630471.282629966735840
1382630471.734071969985962
1382630472.026074886322021
1382630472.437025070190430
1382630472.942929029464722
1382630473.448872089385986
1382630473.738008022308350
1382630474.037023067474365
1382630474.442274093627930
1382630474.948395967483521
1382630475.486824989318848
1382630475.791661977767944
1382630475.988394975662231
1382630476.047585964202881
1382630476.104124069213867
1382630476.177334070205688
1382630476.238476991653442
1382630476.299897909164429
1382630476.359613895416260
1382630476.657234907150269
1382630476.841238975524902
1382630477.022248983383179
1382630477.090569019317627
1382630477.151688098907471
1382630477.213777065277100
1382630477.280801057815552
1382630477.343312978744507
1382630477.412893056869507
1382630477.474119901657104
1382630477.542674064636230
1382630477.616000890731812
1382630477.679785013198853
1382630477.742913007736206
1382630477.805787086486816
1382630477.874624967575073
1382630477.936614036560059
1382630477.998975038528442
1382630478.059926033020020
1382630478.124557971954346
1382630478.189924955368042
1382630478.257678031921387
1382630478.329135894775391
1382630478.405798912048340
1382630478.472999095916748
1382630478.537779092788696
1382630478.605267047882080
1382630478.672107934951782
1382630478.748419046401978
1382630478.816301107406616
1382630478.886600017547607
1382630478.955528020858765
1382630479.025043964385986
1382630479.099075078964233
1382630479.167721986770630
1382630479.235574007034302
1382630479.299257993698120
1382630479.366079092025757
1382630479.434113025665283
1382630479.508821010589600
1382630479.579845905303955
1382630479.649322986602783
1382630479.723967075347900
1382630479.798193931579590
1382630479.875633955001831
1382630479.965424060821533
1382630480.038249969482422
1382630480.109776973724365
1382630480.182991027832031
1382630480.265476942062378
1382630480.349256992340088
1382630480.424592018127441
1382630480.493136882781982
1382630480.574944019317627
1382630480.657644033432007
1382630480.737732887268066
1382630480.815212011337280
1382630480.908169984817505
1382630480.986088037490845
1382630481.067780017852783
1382630481.146492958068848
1382630481.221784114837646
1382630481.290381908416748
1382630481.358591079711914
1382630481.431967020034790
1382630481.504487991333008
1382630481.573321104049683
1382630481.658421039581299
1382630481.751364946365356
1382630481.841640949249268
1382630481.945621967315674
1382630482.040462970733643
1382630482.130930900573730
1382630482.222929954528809
1382630482.313040971755981
1382630482.396368980407715
1382630482.467339038848877
1382630482.543422937393188
1382630482.614912033081055
1382630482.698309898376465
1382630482.781981945037842
1382630482.862757921218872
1382630482.948299884796143
1382630483.036047935485840
1382630483.125896930694580
1382630483.213574886322021
1382630483.300523996353149
1382630483.385982036590576
1382630483.476722955703735
1382630483.554971933364868
1382630483.636600971221924
1382630483.721330881118774
1382630483.827472925186157
1382630483.917687892913818
1382630484.013367891311646
1382630484.109647035598755
1382630484.215754985809326
1382630484.309860944747925
1382630484.420895099639893
1382630484.513201951980591
1382630484.600223064422607
1382630484.686825037002563
1382630484.775310993194580
1382630484.887121915817261
1382630484.985117912292480
1382630485.089350938796997
1382630485.191513061523438
1382630485.299118995666504
1382630485.396680116653442
1382630485.487432956695557
1382630485.570641994476318
1382630485.648410081863403
1382630485.730137109756470
1382630485.819428920745850
1382630485.911030054092407
1382630486.007206916809082
1382630486.096843004226685
1382630486.200221061706543
1382630486.293189048767090
1382630486.396034002304077
1382630486.497149944305420
1382630486.592654943466187
1382630486.674139976501465
1382630486.764703035354614
1382630486.860284090042114
1382630486.953032970428467
1382630487.060076951980591
1382630487.182198047637939
1382630487.282111883163452
1382630487.395593881607056
1382630487.501894950866699
1382630487.655546903610229
1382630487.747355937957764
1382630487.847152948379517
1382630487.952152013778687
1382630488.066979885101318
1382630488.181134939193726
1382630488.290592908859253
1382630488.396423101425171
1382630488.509886980056763
1382630488.597726106643677
1382630488.679668903350830
1382630488.774818897247314
1382630488.860498905181885
1382630488.960988044738770
1382630489.060879945755005
1382630489.168195009231567
1382630489.300124883651733
1382630489.416714906692505
1382630489.542994976043701
1382630489.625905990600586
1382630489.709095954895020
1382630489.811896085739136
1382630489.911324977874756
1382630490.041464090347290
1382630490.174945116043091
1382630490.278928995132446
1382630490.391537904739380
1382630490.505115985870361
1382630490.609172105789185
1382630490.713484048843384
1382630490.808939933776855
1382630490.901736021041870
1382630491.019646883010864
1382630491.135703086853027
1382630491.257885932922363
1382630491.378602027893066
1382630491.493211030960083
1382630491.603516101837158
1382630491.707982063293457
1382630491.803208112716675
1382630491.919682979583740
1382630492.025449991226196
1382630492.154473066329956
1382630492.272330045700073
1382630492.391817092895508
1382630492.518732070922852
1382630492.644296884536743
1382630492.757450103759766
1382630492.856287002563477
1382630492.950345993041992
1382630493.063592910766602
1382630493.186263084411621
1382630493.316740036010742
1382630493.455715894699097
1382630493.599992036819458
1382630493.720432996749878
1382630493.833199977874756
1382630493.926433086395264
1382630494.034338951110840
1382630494.170412063598633
1382630494.326948881149292
1382630494.460767030715942
1382630494.599905967712402
1382630494.734838962554932
1382630494.826695919036865
1382630494.925652980804443
1382630495.021960973739624
1382630495.127609014511108
1382630495.253223896026611
1382630495.388952970504761
1382630495.526792049407959
1382630495.676225900650024
1382630495.816314935684204
1382630495.920789957046509
1382630496.011986970901489
1382630496.107901096343994
1382630496.243599891662598
1382630496.371493101119995
1382630496.502398967742920
1382630496.632071018218994
1382630496.759959936141968
1382630496.884515047073364
1382630496.987653970718384
1382630497.085903882980347
1382630497.181233882904053
1382630497.304114103317261
1382630497.477426052093506
1382630497.632524967193604
1382630497.772981882095337
1382630497.908848047256470
1382630498.031161069869995
1382630498.143111944198608
1382630498.236697912216187
1382630498.358445882797241
1382630498.516345024108887
1382630498.640466928482056
1382630498.780178070068359
1382630498.901696920394897
1382630499.038084983825684
1382630499.139774084091187
1382630499.238198041915894
1382630499.366328001022339
1382630499.488466978073120
1382630499.633997917175293
1382630499.771285057067871
1382630499.936981916427612
1382630500.083149909973145
1382630500.181031942367554
1382630500.282114982604980
1382630500.434146881103516
1382630500.596745014190674
1382630500.743232965469360
1382630500.917841911315918
1382630501.055869102478027
1382630501.167802095413208
1382630501.277487039566040
1382630501.449310064315796
1382630501.617424011230469
1382630501.750875949859619
1382630501.918972015380859
1382630502.021776914596558
1382630502.121273994445801
1382630502.234385013580322
1382630502.367103099822998
1382630502.516387939453125
1382630502.659235000610352
1382630502.794213056564331
1382630502.909538030624390
1382630503.074002981185913
1382630503.204364061355591
1382630503.322695970535278
1382630503.470804929733276
1382630503.635989904403687
1382630503.784887075424194
1382630503.932809114456177
1382630504.064830064773560
1382630504.199007987976074
1382630504.326956033706665
1382630504.445074081420898
1382630504.647514104843140
1382630504.839898109436035
1382630504.980902910232544
1382630505.170571088790894
1382630505.282116889953613
1382630505.396790981292725
1382630505.507179975509644
1382630505.642128944396973
1382630505.787288904190063
1382630505.944453954696655
1382630506.088712930679321
1382630506.288201093673706
1382630506.392731904983521
1382630506.496792078018188
1382630506.631953001022339
1382630506.792815923690796
1382630506.949737071990967
1382630507.109524011611938
1382630507.262558937072754
1382630507.371793985366821
1382630507.478738069534302
1382630507.607161045074463
1382630507.772017955780029
1382630507.960104942321777
1382630508.139126062393188
1382630508.303910970687866
1382630508.430289983749390
1382630508.551877975463867
1382630508.705157995223999
1382630508.856578111648560
1382630508.999216079711914
1382630509.152698040008545
1382630509.334317922592163
1382630509.497011899948120
1382630509.612447977066040
1382630509.759423971176147
1382630509.926033973693848
1382630510.116573095321655
1382630510.301263093948364
1382630510.443638086318970
1382630510.561306953430176
1382630510.678029060363770
1382630510.820992946624756
1382630511.014674901962280
1382630511.228480100631714
1382630511.420717000961304
1382630511.576862096786499
1382630511.686320066452026
1382630511.813410997390747
1382630511.988070964813232
1382630512.135968923568726
1382630512.321197032928467
1382630512.475194931030273
1382630512.587028026580811
1382630512.698407888412476
1382630512.810216903686523
1382630512.978833913803101
1382630513.172283887863159
1382630513.403407096862793
1382630513.573570013046265
1382630513.693162918090820
1382630513.804697036743164
1382630513.978682994842529
1382630514.128374099731445
1382630514.278579950332642
1382630514.463275909423828
1382630514.642805099487305
1382630514.762698888778687
1382630514.884223937988281
1382630515.040915012359619
1382630515.223086118698120
1382630515.403856039047241
1382630515.587400913238525
1382630515.774663925170898
1382630515.942775964736938
1382630516.166908025741577
1382630516.365488052368164
1382630516.530002117156982
1382630516.648268938064575
1382630516.771015882492065
1382630516.897520065307617
1382630517.055882930755615
1382630517.268764019012451
1382630517.487341880798340
1382630517.652460098266602
1382630517.791517019271851
1382630517.925440073013306
1382630518.094575881958008
1382630518.273200035095215
1382630518.463872909545898
1382630518.647594928741455
1382630518.809292078018188
1382630518.927604913711548
1382630519.056965112686157
1382630519.218014955520630
1382630519.376497030258179
1382630519.542570114135742
1382630519.734422922134399
1382630519.921047925949097
1382630520.080868005752563
1382630520.200368881225586
1382630520.323411941528320
1382630520.456372022628784
1382630520.590006113052368
1382630520.708930015563965
1382630520.840842962265015
1382630520.959763050079346
1382630521.130546092987061
1382630521.319303035736084
1382630521.501527070999146
1382630521.726100921630859
1382630521.940165996551514
1382630522.134301900863647
1382630522.319627046585083
1382630522.528192043304443
1382630522.732986927032471
1382630522.882288932800293
1382630523.003400087356567
1382630523.126081943511963
1382630523.342644929885864
1382630523.575367927551270
1382630523.744786977767944
1382630523.976476907730103
1382630524.213515043258667
1382630524.408138990402222
1382630524.583734035491943
1382630524.721925020217896
1382630524.853626012802124
1382630524.988915920257568
1382630525.114774942398071
1382630525.293050050735474
1382630525.469705104827881
1382630525.701713085174561
1382630525.922079086303711
1382630526.102020978927612
1382630526.303726911544800
1382630526.516211986541748
1382630526.697757005691528
1382630526.842047929763794
1382630526.987272024154663
1382630527.123749017715454
1382630527.271372079849243
1382630527.443444967269897
1382630527.637538909912109
1382630527.857543945312500
1382630528.084245920181274
1382630528.344188928604126
1382630528.550991058349609
1382630528.747541904449463
1382630528.945619106292725
1382630529.072853088378906
1382630529.200958013534546
1382630529.327838897705078
1382630529.564060926437378
1382630529.742710113525391
1382630529.971951961517334
1382630530.172174930572510
1382630530.465627908706665
1382630530.643229007720947
1382630530.846797943115234
1382630530.979193925857544
1382630531.116874933242798
1382630531.246085882186890
1382630531.391880035400391
1382630531.582705974578857
1382630531.792834997177124
1382630532.024734973907471
1382630532.246854066848755
1382630532.466892004013062
1382630532.678700923919678
1382630532.863605022430420
1382630533.085558891296387
1382630533.247421026229858
1382630533.393342971801758
1382630533.530987024307251
1382630533.718986988067627
1382630533.909683942794800
1382630534.114983081817627
1382630534.331712961196899
1382630534.593118906021118
1382630534.812755107879639
1382630535.000896930694580
1382630535.228255033493042
1382630535.386116027832031
1382630535.528409957885742
1382630535.665045022964478
1382630535.797259092330933
1382630535.983884096145630
1382630536.213526010513306
1382630536.412189006805420
1382630536.621839046478271
1382630536.842101097106934
1382630537.059370040893555
1382630537.320384025573730
1382630537.572216987609863
1382630537.715033054351807
1382630537.891719102859497
1382630538.107300043106079
1382630538.293168067932129
1382630538.493940114974976
1382630538.687505960464478
1382630538.881376028060913
1382630539.079612970352173
1382630539.320035934448242
1382630539.570457935333252
1382630539.731024026870728
1382630539.877134084701538
1382630540.038866043090820
1382630540.307535886764526
1382630540.528045892715454
1382630540.753278017044067
1382630540.976983070373535
1382630541.202569007873535
1382630541.435631036758423
1382630541.595572948455811
1382630541.735421895980835
1382630541.881987094879150
1382630542.046178102493286
1382630542.302134037017822
1382630542.567606925964355
1382630542.855884075164795
1382630543.138665914535522
1382630543.371011018753052
1382630543.576551914215088
1382630543.722856998443604
1382630543.865338087081909
1382630544.013542890548706
1382630544.221012115478516
1382630544.471709012985229
1382630544.761797904968262
1382630544.995743036270142
1382630545.233120918273926
1382630545.448086977005005
1382630545.594643115997314
1382630545.755052089691162
1382630545.906755924224854
1382630546.050096988677979
1382630546.213203907012939
1382630546.475748062133789
1382630546.757760047912598
1382630547.011138916015625
1382630547.330354928970337
1382630547.603916883468628
1382630547.811263084411621
1382630547.956365108489990
1382630548.103063106536865
1382630548.245958089828491
1382630548.462251901626587
1382630548.755695104598999
1382630549.043667078018188
1382630549.252684116363525
1382630549.504008054733276
1382630549.735533952713013
1382630549.917181015014648
1382630550.082207918167114
1382630550.224948883056641
1382630550.411091089248657
1382630550.741774082183838
1382630551.023473024368286
1382630551.234339952468872
1382630551.442152976989746
1382630551.702284097671509
1382630551.941190958023071
1382630552.096775054931641
1382630552.244266033172607
1382630552.443217992782593
1382630552.762681961059570
1382630552.979953050613403
1382630553.220520019531250
1382630553.472534894943237
1382630553.722654104232788
1382630553.900394916534424
1382630554.049527883529663
1382630554.202711105346680
1382630554.354386091232300
1382630554.594135999679565
1382630554.831429958343506
1382630555.130714893341064
1382630555.362320899963379
1382630555.633488893508911
1382630555.902718067169189
1382630556.111478090286255
1382630556.280971050262451
1382630556.439686059951782
1382630556.665184020996094
1382630556.966445922851562
1382630557.254251003265381
1382630557.536030054092407
1382630557.822666883468628
1382630558.051275968551636
1382630558.203265905380249
1382630558.385936021804810
1382630558.544894933700562
1382630558.765506982803345
1382630559.028259992599487
1382630559.289954900741577
1382630559.544645071029663
1382630559.790194988250732
1382630560.107379913330078
1382630560.277004003524780
1382630560.434704065322876
1382630560.595277070999146
1382630560.834444999694824
1382630561.086440086364746
1382630561.418523073196411
1382630561.723155021667480
1382630561.948427915573120
1382630562.168107986450195
1382630562.328826904296875
1382630562.481673955917358
1382630562.637397050857544
1382630562.791337013244629
1382630562.942944049835205
1382630563.172259092330933
1382630563.428416967391968
1382630563.690690040588379
1382630563.954775094985962
1382630564.217745065689087
1382630564.567723035812378
1382630564.807547092437744
1382630564.975697994232178
1382630565.138472080230713
1382630565.416101932525635
1382630565.761698007583618
1382630566.069924116134644
1382630566.368534088134766
1382630566.612215995788574
1382630566.780186891555786
1382630566.940956115722656
1382630567.095686912536621
1382630567.252487897872925
1382630567.494678020477295
1382630567.767287969589233
1382630568.064831972122192
1382630568.335653066635132
1382630568.628293037414551
1382630568.853147029876709
1382630569.009363889694214
1382630569.187935113906860
1382630569.390887022018433
1382630569.667017936706543
1382630569.964790105819702
1382630570.277437925338745
1382630570.585057020187378
1382630570.840735912322998
1382630571.016422033309937
1382630571.194433927536011
1382630571.370220899581909
1382630571.556945085525513
1382630571.841958999633789
1382630572.179233074188232
1382630572.495227098464966
1382630572.793543100357056
1382630573.069618940353394
1382630573.243849992752075
1382630573.413662910461426
1382630573.578854084014893
1382630573.746156930923462
1382630573.985583066940308
1382630574.267100095748901
1382630574.537523031234741
1382630574.807990074157715
1382630575.082423925399780
1382630575.363344907760620
1382630575.583765029907227
1382630575.809623956680298
1382630576.043689012527466
1382630576.364236116409302
1382630576.655344009399414
1382630577.001085042953491
1382630577.248061895370483
1382630577.414562940597534
1382630577.578769922256470
1382630577.748590946197510
1382630578.013418912887573
1382630578.335089921951294
1382630578.660170078277588
1382630578.945410013198853
1382630579.219762086868286
1382630579.460817098617554
1382630579.627510070800781
1382630579.799926042556763
1382630579.977468013763428
1382630580.146395921707153
1382630580.383481025695801
1382630580.700625896453857
1382630580.976639986038208
1382630581.229161024093628
1382630581.571890115737915
1382630581.943125963211060
1382630582.119950056076050
1382630582.300889015197754
1382630582.569068908691406
1382630582.860511064529419
1382630583.257771968841553
1382630583.586587905883789
1382630583.758281946182251
1382630583.952313899993896
1382630584.119930028915405
1382630584.305478096008301
1382630584.474464893341064
1382630584.732475042343140
1382630584.990602016448975
1382630585.294596910476685
1382630585.572949886322021
1382630585.908885955810547
1382630586.260260105133057
1382630586.527475118637085
1382630586.786022901535034
1382630587.136897087097168
1382630587.442677974700928
1382630587.754980087280273
1382630588.032629013061523
1382630588.208549022674561
1382630588.381373882293701
1382630588.563056945800781
1382630588.746644973754883
1382630589.029449939727783
1382630589.331665039062500
1382630589.735569953918457
1382630590.019043922424316
1382630590.317473888397217
1382630590.571993112564087
1382630590.754487991333008
1382630590.971972942352295
1382630591.275542020797729
1382630591.632170915603638
1382630591.945696115493774
1382630592.253504037857056
1382630592.533989906311035
1382630592.713629961013794
1382630592.905482053756714
1382630593.097506999969482
1382630593.347232103347778
1382630593.656207084655762
1382630593.919595003128052
1382630594.229144096374512
1382630594.573297023773193
1382630594.754107952117920
1382630594.932053089141846
1382630595.129370927810669
1382630595.398022890090942
1382630595.651062965393066
1382630595.960272073745728
1382630596.283226966857910
1382630596.577869892120361
1382630596.930223941802979
1382630597.150616884231567
1382630597.331155061721802
1382630597.510371923446655
1382630597.802401065826416
1382630598.198704957962036
1382630598.531701087951660
1382630598.900454998016357
1382630599.178158044815063
1382630599.374653100967407
1382630599.582247972488403
1382630599.848156929016113
1382630600.204269886016846
1382630600.554511070251465
1382630600.862206935882568
1382630601.178061008453369
1382630601.376307010650635
1382630601.558094978332520
1382630601.740194082260132
1382630602.028008937835693
1382630602.388518095016479
1382630602.740879058837891
1382630603.014914989471436
1382630603.297990083694458
1382630603.488925933837891
1382630603.692887067794800
1382630603.892322063446045
1382630604.088365077972412
1382630604.421999931335449
1382630604.778172969818115
1382630605.104279041290283
1382630605.454093933105469
1382630605.785303115844727
1382630605.974210023880005
1382630606.187195062637329
1382630606.485605001449585
1382630606.800065994262695
1382630607.188154935836792
1382630607.568588972091675
1382630607.863002061843872
1382630608.045665979385376
1382630608.248159885406494
1382630608.445332050323486
1382630608.730472087860107
1382630609.093940019607544
1382630609.429018974304199
1382630609.783977031707764
1382630610.126648902893066
1382630610.321626901626587
1382630610.514566898345947
1382630610.901269912719727
1382630611.198405027389526
1382630611.500327110290527
1382630611.788073062896729
1382630612.142589092254639
1382630612.384423017501831
1382630612.578680038452148
1382630612.770648956298828
1382630613.061407089233398
1382630613.348246097564697
1382630613.681950092315674
1382630614.013617038726807
1382630614.346364974975586
1382630614.684786081314087
1382630614.887443065643311
1382630615.256067991256714
1382630615.618793964385986
1382630615.983614921569824
1382630616.312139034271240
1382630616.532885074615479
1382630616.735368013381958
1382630616.924068927764893
1382630617.122699975967407
1382630617.414139032363892
1382630617.692688941955566
1382630617.987210035324097
1382630618.326704025268555
1382630618.663170099258423
1382630618.948812007904053
1382630619.236557006835938
1382630619.520287036895752
1382630619.871556043624878
1382630620.325547933578491
1382630620.706866979598999
1382630620.895838975906372
1382630621.088372945785522
1382630621.285947084426880
1382630621.538249969482422
1382630621.957930088043213
1382630622.367212057113647
1382630622.759048938751221
1382630623.051399946212769
1382630623.273402929306030
1382630623.472359895706177
1382630623.673964023590088
1382630623.964926958084106
1382630624.313234090805054
1382630624.740012884140015
1382630625.079015970230103
1382630625.274880886077881
1382630625.499279022216797
1382630625.693835020065308
1382630625.938968896865845
1382630626.338013887405396
1382630626.739165067672729
1382630627.083617925643921
1382630627.475980043411255
1382630627.780649900436401
1382630628.035331964492798
1382630628.494072914123535
1382630628.868505954742432
1382630629.164545059204102
1382630629.377099990844727
1382630629.579978942871094
1382630629.803736925125122
1382630629.999922037124634
1382630630.300942897796631
1382630630.704497098922729
1382630630.999836921691895
1382630631.374249935150146
1382630631.718638896942139
1382630631.929311037063599
1382630632.140165090560913
1382630632.336061000823975
1382630632.644478082656860
1382630632.998384952545166
1382630633.359311103820801
1382630633.704703092575073
1382630634.128952026367188
1382630634.383615016937256
1382630634.591075897216797
1382630634.900604963302612
1382630635.242075920104980
1382630635.577714920043945
1382630635.868257999420166
1382630636.163160085678101
1382630636.471688985824585
1382630636.679208040237427
1382630637.072993040084839
1382630637.490519046783447
1382630637.862967014312744
1382630638.205250024795532
1382630638.408473968505859
1382630638.611799001693726
1382630638.914454936981201
1382630639.296158075332642
1382630639.657215118408203
1382630640.032058954238892
1382630640.399509906768799
1382630640.602535009384155
1382630640.811374902725220
1382630641.231029987335205
1382630641.706542015075684
1382630642.072256088256836
1382630642.283513069152832
1382630642.481836080551147
1382630642.718163967132568
1382630642.930306911468506
1382630643.145087003707886
1382630643.525099992752075
1382630643.867470979690552
1382630644.248605012893677
1382630644.710645914077759
1382630645.029393911361694
1382630645.450145959854126
1382630645.810477972030640
1382630646.164226055145264
1382630646.567759037017822
1382630646.891259908676147
1382630647.112323999404907
1382630647.333280086517334
1382630647.648227930068970
1382630648.049885034561157
1382630648.376359939575195
1382630648.710089921951294
1382630649.017385959625244
1382630649.329689025878906
1382630649.557642936706543
1382630649.884177923202515
1382630650.209527015686035
1382630650.523694992065430
1382630650.850111961364746
1382630651.079756975173950
1382630651.295188903808594
1382630651.535593032836914
1382630651.846740007400513
1382630652.167476892471313
1382630652.489409923553467
1382630652.830672979354858
1382630653.238440990447998
1382630653.564166069030762
1382630653.775276899337769
1382630654.111268997192383
1382630654.505366086959839
1382630655.005666971206665
1382630655.446278095245361
1382630655.679372072219849
1382630655.900312900543213
1382630656.264378070831299
1382630656.750608921051025
1382630657.188988924026489
1382630657.407480001449585
1382630657.626929044723511
1382630657.846071004867554
1382630658.141668081283569
1382630658.619354963302612
1382630659.048799991607666
1382630659.371351003646851
1382630659.715125083923340
1382630659.944104909896851
1382630660.161108016967773
1382630660.487735986709595
1382630660.939652919769287
1382630661.366983890533447
1382630661.712111949920654
1382630661.926630020141602
1382630662.146363973617554
1382630662.467689990997314
1382630662.789143085479736
1382630663.179122924804688
1382630663.576318025588989
1382630663.905510902404785
1382630664.116311073303223
1382630664.326072931289673
1382630664.602083921432495
1382630664.871175050735474
1382630665.205785989761353
1382630665.629837036132812
1382630666.006377935409546
1382630666.401017904281616
1382630666.620107889175415
1382630666.945278882980347
1382630667.330008029937744
1382630667.736099958419800
1382630668.129606962203979
1382630668.541999101638794
1382630668.785078048706055
1382630669.001857995986938
1382630669.342647075653076
1382630669.735208034515381
1382630670.076926946640015
1382630670.402352094650269
1382630670.801119089126587
1382630671.149110078811646
1382630671.584175109863281
1382630672.024048089981079
1382630672.477447986602783
1382630672.695637941360474
1382630672.931513071060181
1382630673.152713060379028
1382630673.393654108047485
1382630673.747419118881226
1382630674.128083944320679
1382630674.581999063491821
1382630675.029819011688232
1382630675.326715946197510
1382630675.733033895492554
1382630676.121961116790771
1382630676.526086091995239
1382630676.806426048278809
1382630677.051089048385620
1382630677.290384054183960
1382630677.532788038253784
1382630677.756839036941528
1382630678.231569051742554
1382630678.639825105667114
1382630679.091387987136841
1382630679.543088912963867
1382630679.827018022537231
1382630680.191297054290771
1382630680.528584957122803
1382630680.919821023941040
1382630681.310298919677734
1382630681.576852083206177
1382630681.794105052947998
1382630682.036547899246216
1382630683.133984088897705
1382630683.190994977951050
1382630683.251610994338989
1382630683.311960935592651
1382630683.370871067047119
1382630683.429712057113647
1382630683.488358020782471
1382630683.557282924652100
1382630683.618005037307739
1382630683.676966905593872
1382630683.739542007446289
1382630683.800621032714844
1382630683.871711969375610
1382630683.931457996368408
1382630683.997592926025391
1382630684.064785957336426
1382630684.124481916427612
1382630684.183810949325562
1382630684.244105100631714
1382630684.305968999862671
1382630684.372517108917236
1382630684.434825897216797
1382630684.500847101211548
1382630684.567075014114380
1382630684.638533115386963
1382630684.715187072753906
1382630684.780028104782104
1382630684.846499919891357
1382630684.913440942764282
1382630684.979775905609131
1382630685.045372009277344
1382630685.114444971084595
1382630685.179903030395508
1382630685.244154930114746
1382630685.309541940689087
1382630685.376631021499634
1382630685.445575952529907
1382630685.519251108169556
1382630685.588026046752930
1382630685.663778066635132
1382630685.733958959579468
1382630685.804841041564941
1382630685.876293897628784
1382630685.952702045440674
1382630686.029896020889282
1382630686.097162008285522
1382630686.161672115325928
1382630686.226011991500854
1382630686.292201042175293
1382630686.361928939819336
1382630686.449419021606445
1382630686.521495103836060
1382630686.597779035568237
1382630686.670768976211548
1382630686.742157936096191
1382630686.821834087371826
1382630686.898137092590332
1382630686.972790002822876
1382630687.052405118942261
1382630687.128402948379517
1382630687.200167894363403
1382630687.274039030075073
1382630687.342248916625977
1382630687.434441089630127
1382630687.514082908630371
1382630687.600227117538452
1382630687.678201913833618
1382630687.760102033615112
1382630687.842055082321167
1382630687.921390056610107
1382630688.002784013748169
1382630688.092017889022827
1382630688.160947084426880
1382630688.232899904251099
1382630688.307229995727539
1382630688.377052068710327
1382630688.466424942016602
1382630688.554563045501709
1382630688.645193099975586
1382630688.726985931396484
1382630688.809416055679321
1382630688.893340110778809
1382630688.972414016723633
1382630689.070918083190918
1382630689.162518978118896
1382630689.247155904769897
1382630689.330984115600586
1382630689.409193992614746
1382630689.494672060012817
1382630689.586213111877441
1382630689.672404050827026
1382630689.771908044815063
1382630689.858747005462646
1382630689.949105978012085
1382630690.031656980514526
1382630690.129010915756226
1382630690.207978963851929
1382630690.290628910064697
1382630690.381160020828247
1382630690.454068899154663
1382630690.541407108306885
1382630690.631992101669312
1382630690.726169109344482
1382630690.818196058273315
1382630690.920353889465332
1382630691.014965057373047
1382630691.109469890594482
1382630691.195813894271851
1382630691.295644998550415
1382630691.390422105789185
1382630691.484982967376709
1382630691.580957889556885
1382630691.675797939300537
1382630691.770144939422607
1382630691.863739967346191
1382630691.959512948989868
1382630692.061280965805054
1382630692.158246994018555
1382630692.263111114501953
1382630692.362962961196899
1382630692.446932077407837
1382630692.535765886306763
1382630692.637042999267578
1382630692.737698078155518
1382630692.834747076034546
1382630692.931056022644043
1382630693.049621105194092
1382630693.151551961898804
1382630693.252440929412842
1382630693.345043897628784
1382630693.437017917633057
1382630693.520694017410278
1382630693.606765031814575
1382630693.701333045959473
1382630693.794991970062256
1382630693.898634910583496
1382630694.007147073745728
1382630694.109554052352905
1382630694.204181909561157
1382630694.309191942214966
1382630694.399815082550049
1382630694.479448080062866
1382630694.567186117172241
1382630694.654994010925293
1382630694.751583099365234
1382630694.853935956954956
1382630694.964627981185913
1382630695.086230039596558
1382630695.191179037094116
1382630695.304876089096069
1382630695.420519113540649
1382630695.534051895141602
1382630695.630374908447266
1382630695.712996959686279
1382630695.814793109893799
1382630695.939899921417236
1382630696.040024995803833
1382630696.148406982421875
1382630696.256333112716675
1382630696.367011070251465
1382630696.476098060607910
1382630696.581588029861450
1382630696.675107955932617
1382630696.764686107635498
1382630696.866101026535034
1382630696.971590995788574
1382630697.083230018615723
1382630697.195403099060059
1382630697.329627037048340
1382630697.442054986953735
1382630697.547857046127319
1382630697.642055988311768
1382630697.736413955688477
1382630697.821949005126953
1382630697.930222988128662
1382630698.033898115158081
1382630698.159008979797363
1382630698.291094064712524
1382630698.410576105117798
1382630698.545921087265015
1382630698.657385110855103
1382630698.743089914321899
1382630698.838186979293823
1382630698.954963922500610
1382630699.071049928665161
1382630699.193639993667603
1382630699.300750970840454
1382630699.408766031265259
1382630699.529093980789185
1382630699.657921075820923
1382630699.766563892364502
1382630699.863831043243408
1382630699.979259014129639
1382630700.121735095977783
1382630700.234339952468872
1382630700.390403985977173
1382630700.548324108123779
1382630700.659106969833374
1382630700.758093118667603
1382630700.847919940948486
1382630700.961930036544800
1382630701.095570087432861
1382630701.233753919601440
1382630701.361830949783325
1382630701.479587078094482
1382630701.616250991821289
1382630701.731865882873535
1382630701.828073024749756
1382630701.924318075180054
1382630702.044276952743530
1382630702.170480012893677
1382630702.318861961364746
1382630702.451378107070923
1382630702.579807996749878
1382630702.714761972427368
1382630702.806097030639648
1382630702.898328065872192
1382630702.990089893341064
1382630703.116616964340210
1382630703.271344900131226
1382630703.426894903182983
1382630703.569935083389282
1382630703.708662033081055
1382630703.843831062316895
1382630703.942219018936157
1382630704.035082101821899
1382630704.155879020690918
1382630704.307914972305298
1382630704.431173086166382
1382630704.550302982330322
1382630704.669702053070068
1382630704.789094924926758
1382630704.915025949478149
1382630705.009274959564209
1382630705.121804952621460
1382630705.264226913452148
1382630705.384840011596680
1382630705.532681941986084
1382630705.656481981277466
1382630705.808926105499268
1382630705.960668087005615
1382630706.072325944900513
1382630706.176899909973145
1382630706.317671060562134
1382630706.472141027450562
1382630706.620361089706421
1382630706.756766080856323
1382630706.908642053604126
1382630707.016206026077271
1382630707.119940996170044
1382630707.242683887481689
1382630707.397655963897705
1382630707.546297073364258
1382630707.700115919113159
1382630707.826462030410767
1382630707.980536937713623
1382630708.078330993652344
1382630708.177938938140869
1382630708.300337076187134
1382630708.443998098373413
1382630708.611910104751587
1382630708.775824069976807
1382630708.921107053756714
1382630709.080065965652466
1382630709.195976018905640
1382630709.318202018737793
1382630709.504882097244263
1382630709.690057039260864
1382630709.830322027206421
1382630709.968151092529297
1382630710.074958086013794
1382630710.175746917724609
1382630710.278436899185181
1382630710.381114006042480
1382630710.519403934478760
1382630710.651459932327271
1382630710.810976028442383
1382630710.965584993362427
1382630711.143404006958008
1382630711.277081012725830
1382630711.382092952728271
1382630711.536367893218994
1382630711.695488929748535
1382630711.841455936431885
1382630712.000691890716553
1382630712.170485019683838
1382630712.287220954895020
1382630712.393373012542725
1382630712.529560089111328
1382630712.696986913681030
1382630712.858686923980713
1382630713.005963087081909
1382630713.158021926879883
1382630713.265163898468018
1382630713.384398937225342
1382630713.522291898727417
1382630713.701659917831421
1382630713.858660936355591
1382630714.014892101287842
1382630714.176350116729736
1382630714.283508062362671
1382630714.398572921752930
1382630714.505176067352295
1382630714.689078092575073
1382630714.894943952560425
1382630715.090368032455444
1382630715.285006999969482
1382630715.409982919692993
1382630715.546957969665527
1382630715.705228090286255
1382630715.867436885833740
1382630716.019751071929932
1382630716.185360908508301
1382630716.297096967697144
1382630716.411514043807983
1382630716.521864891052246
1382630716.672019958496094
1382630716.826679944992065
1382630716.986929893493652
1382630717.149141073226929
1382630717.337925910949707
1382630717.452889919281006
1382630717.597845077514648
1382630717.790641069412231
1382630718.004144906997681
1382630718.191138029098511
1382630718.310939073562622
1382630718.423356056213379
1382630718.538464069366455
1382630718.671772003173828
1382630718.865705013275146
1382630719.055154085159302
1382630719.232181072235107
1382630719.390419960021973
1382630719.516134977340698
1382630719.627959966659546
1382630719.750291109085083
1382630719.921078920364380
1382630720.118007898330688
1382630720.285422086715698
1382630720.483196020126343
1382630720.626383066177368
1382630720.739382028579712
1382630720.925651073455811
1382630721.096817016601562
1382630721.286304950714111
1382630721.456976890563965
1382630721.574708938598633
1382630721.703712940216064
1382630721.871715068817139
1382630722.065413951873779
1382630722.249910116195679
1382630722.467180967330933
1382630722.602550029754639
1382630722.716113090515137
1382630722.854990959167480
1382630723.073265075683594
1382630723.268686056137085
1382630723.425105094909668
1382630723.575166940689087
1382630723.691481113433838
1382630723.807812929153442
1382630723.962088108062744
1382630724.186273097991943
1382630724.381467103958130
1382630724.536943912506104
1382630724.696873903274536
1382630724.817689895629883
1382630724.936516046524048
1382630725.111192941665649
1382630725.327994108200073
1382630725.534039974212646
1382630725.695568084716797
1382630725.812696933746338
1382630725.937738895416260
1382630726.107393980026245
1382630726.299573898315430
1382630726.509350061416626
1382630726.706852912902832
1382630726.827056884765625
1382630726.952317953109741
1382630727.148231029510498
1382630727.348654031753540
1382630727.522726058959961
1382630727.704370021820068
1382630727.875519037246704
1382630727.997167110443115
1382630728.230982065200806
1382630728.440443038940430
1382630728.689409971237183
1382630728.808485984802246
1382630728.931339025497437
1382630729.052505970001221
1382630729.255682945251465
1382630729.441178083419800
1382630729.606342077255249
1382630729.781944990158081
1382630729.967968940734863
1382630730.091861963272095
1382630730.283185958862305
1382630730.473113059997559
1382630730.678297996520996
1382630730.905164957046509
1382630731.031497001647949
1382630731.197601079940796
1382630731.393985986709595
1382630731.604943037033081
1382630731.797665119171143
1382630731.980520963668823
1382630732.102648973464966
1382630732.257380008697510
1382630732.468029022216797
1382630732.676764965057373
1382630732.870707035064697
1382630733.072535037994385
1382630733.206001996994019
1382630733.433731079101562
1382630733.680603981018066
1382630733.851368904113770
1382630733.995199918746948
1382630734.139529943466187
1382630734.274627923965454
1382630734.455575942993164
1382630734.658149003982544
1382630734.870850086212158
1382630735.118652105331421
1382630735.244286060333252
1382630735.379909038543701
1382630735.557584047317505
1382630735.770782947540283
1382630736.022773027420044
1382630736.198707103729248
1382630736.344543933868408
1382630736.491883993148804
1382630736.680485010147095
1382630736.920834064483643
1382630737.159847021102905
1382630737.335907936096191
1382630737.467412948608398
1382630737.602900028228760
1382630737.791744947433472
1382630738.000356912612915
1382630738.200427055358887
1382630738.382777929306030
1382630738.575372934341431
1382630738.745713949203491
1382630739.007812976837158
1382630739.264900922775269
1382630739.483509063720703
1382630739.614698886871338
1382630739.769661903381348
1382630739.984370946884155
1382630740.163475036621094
1382630740.403604984283447
1382630740.534945964813232
1382630740.698456048965454
1382630740.855988025665283
1382630741.086527109146118
1382630741.291376113891602
1382630741.501632928848267
1382630741.662285089492798
1382630741.796782970428467
1382630741.936247110366821
1382630742.153213024139404
1382630742.364365100860596
1382630742.601233959197998
1382630742.801970005035400
1382630742.948899984359741
1382630743.145330905914307
1382630743.364593029022217
1382630743.576250076293945
1382630743.761111974716187
1382630743.891104936599731
1382630744.045156955718994
1382630744.254431009292603
1382630744.485934972763062
1382630744.712912082672119
1382630744.913490056991577
1382630745.078639030456543
1382630745.295265913009644
1382630745.542140960693359
1382630745.743674039840698
1382630745.878571033477783
1382630746.015809059143066
1382630746.193298101425171
1382630746.414457082748413
1382630746.670569896697998
1382630746.914676904678345
1382630747.059525012969971
1382630747.208111047744751
1382630747.429526090621948
1382630747.700522899627686
1382630747.917970895767212
1382630748.061310052871704
1382630748.200745105743408
1382630748.429363012313843
1382630748.665671110153198
1382630748.893174886703491
1382630749.059032917022705
1382630749.218547105789185
1382630749.415261983871460
1382630749.726197957992554
1382630750.001190900802612
1382630750.209361076354980
1382630750.356435060501099
1382630750.573316097259521
1382630750.831882953643799
1382630751.027210950851440
1382630751.167385101318359
1382630751.320573091506958
1382630751.464916944503784
1382630751.670547962188721
1382630751.925652027130127
1382630752.157280921936035
1382630752.383488893508911
1382630752.551974058151245
1382630752.801073074340820
1382630753.031117916107178
1382630753.265913963317871
1382630753.434226036071777
1382630753.585131883621216
1382630753.800873041152954
1382630754.021157979965210
1382630754.301664113998413
1382630754.517959117889404
1382630754.668184995651245
1382630754.906452894210815
1382630755.208817958831787
1382630755.413198947906494
1382630755.573563098907471
1382630755.716675043106079
1382630755.929095029830933
1382630756.135039091110229
1382630756.356523036956787
1382630756.591702938079834
1382630756.805308103561401
1382630757.049997091293335
1382630757.292494058609009
1382630757.533015012741089
1382630757.678076028823853
1382630757.867661952972412
1382630758.104336023330688
1382630758.387006044387817
1382630758.628827095031738
1382630758.775633096694946
1382630758.933959960937500
1382630759.146295070648193
1382630759.393531084060669
1382630759.635958909988403
1382630759.781420946121216
1382630759.977664947509766
1382630760.288513898849487
1382630760.595719099044800
1382630760.809704065322876
1382630760.958139896392822
1382630761.172399997711182
1382630761.384777069091797
1382630761.639096021652222
1382630761.816221952438354
1382630762.005687952041626
1382630762.286199092864990
1382630762.594659090042114
1382630762.744731903076172
1382630762.894088983535767
1382630763.073040008544922
1382630763.298192977905273
1382630763.548027038574219
1382630763.835042953491211
1382630764.001384019851685
1382630764.188292980194092
1382630764.508882999420166
1382630764.790433883666992
1382630764.946023941040039
1382630765.100174903869629
1382630765.293626070022583
1382630765.576980113983154
1382630765.835189104080200
1382630766.055475950241089
1382630766.227169036865234
1382630766.390634059906006
1382630766.618854999542236
1382630766.896745920181274
1382630767.222750902175903
1382630767.375868082046509
1382630767.601331949234009
1382630767.887536048889160
1382630768.112896919250488
1382630768.267601966857910
1382630768.457554101943970
1382630768.711846113204956
1382630769.017530918121338
1382630769.251332044601440
1382630769.417452096939087
1382630769.636786937713623
1382630769.894077062606812
1382630770.155203104019165
1382630770.319406986236572
1382630770.487766981124878
1382630770.687804937362671
1382630770.961358070373535
1382630771.260934114456177
1382630771.572293996810913
1382630771.767951965332031
1382630772.092699050903320
1382630772.332499027252197
1382630772.487879037857056
1382630772.644675970077515
1382630772.850228071212769
1382630773.097722053527832
1382630773.443376064300537
1382630773.678272962570190
1382630773.878051042556763
1382630774.225096940994263
1382630774.462544918060303
1382630774.630537986755371
1382630774.786895036697388
1382630774.989824056625366
1382630775.369340896606445
1382630775.690160989761353
1382630775.862612009048462
1382630776.056210041046143
1382630776.324431896209717
1382630776.655528068542480
1382630776.820596933364868
1382630777.020740032196045
1382630777.345685958862305
1382630777.667206048965454
1382630777.850373029708862
1382630778.021478891372681
1382630778.199886083602905
1382630778.450273990631104
1382630778.731215000152588
1382630779.087824106216431
1382630779.319072961807251
1382630779.645905017852783
1382630779.918185949325562
1382630780.097177982330322
1382630780.268642902374268
1382630780.545520067214966
1382630780.852493047714233
1382630781.059664964675903
1382630781.234066963195801
1382630781.455800056457520
1382630781.716928958892822
1382630781.999140977859497
1382630782.240144014358521
1382630782.410836935043335
1382630782.642952919006348
1382630782.929766893386841
1382630783.223381042480469
1382630783.460844993591309
1382630783.634017944335938
1382630783.796581983566284
1382630783.968966007232666
1382630784.152960062026978
1382630784.322607040405273
1382630784.489844083786011
1382630784.763556957244873
1382630785.044425010681152
1382630785.353048086166382
1382630785.675270080566406
1382630785.997488975524902
1382630786.239887952804565
1382630786.406747102737427
1382630786.608930110931396
1382630786.874572038650513
1382630787.241005897521973
1382630787.570270061492920
1382630787.866806030273438
1382630788.081429004669189
1382630788.252715110778809
1382630788.432981967926025
1382630788.613504886627197
1382630788.817384958267212
1382630789.105365037918091
1382630789.352607011795044
1382630789.673818111419678
1382630789.950932979583740
1382630790.233084917068481
1382630790.546633958816528
1382630790.738969087600708
1382630790.908376932144165
1382630791.167907953262329
1382630791.468316078186035
1382630791.784073114395142
1382630792.040564060211182
1382630792.319617986679077
1382630792.612656116485596
1382630792.804436922073364
1382630793.011569023132324
1382630793.305769920349121
1382630793.568001031875610
1382630793.908135890960693
1382630794.205239057540894
1382630794.520870923995972
1382630794.692490100860596
1382630794.871220111846924
1382630795.069782018661499
1382630795.371069908142090
1382630795.654176950454712
1382630795.998328924179077
1382630796.251368999481201
1382630796.541960000991821
1382630796.755996942520142
1382630796.934942960739136
1382630797.133076906204224
1382630797.332678079605103
1382630797.604057073593140
1382630797.919928073883057
1382630798.183840990066528
1382630798.562582969665527
1382630798.894859075546265
1382630799.166383981704712
1382630799.339112043380737
1382630799.608272075653076
1382630799.940723896026611
1382630800.307590961456299
1382630800.600908994674683
1382630800.834867954254150
1382630801.011997938156128
1382630801.205049037933350
1382630801.382965087890625
1382630801.565073013305664
1382630801.910101890563965
1382630802.247359991073608
1382630802.603024005889893
1382630802.966617107391357
1382630803.228893041610718
1382630803.412781000137329
1382630803.591165065765381
1382630803.787341117858887
1382630804.050280094146729
1382630804.392339944839478
1382630804.744573116302490
1382630805.064528942108154
1382630805.369837999343872
1382630805.556206941604614
1382630805.732589006423950
1382630805.935456991195679
1382630806.312695026397705
1382630806.634500026702881
1382630806.935405015945435
1382630807.236377000808716
1382630807.556179046630859
1382630807.742470979690552
1382630807.924175977706909
1382630808.102411985397339
1382630808.379293918609619
1382630808.640158891677856
1382630808.942919969558716
1382630809.305315971374512
1382630809.619564056396484
1382630809.896096944808960
1382630810.114571094512939
1382630810.294154882431030
1382630810.558554887771606
1382630810.925357103347778
1382630811.252777099609375
1382630811.624659061431885
1382630811.953777074813843
1382630812.134701967239380
1382630812.327018022537231
1382630812.568885087966919
1382630812.895811080932617
1382630813.185324907302856
1382630813.464809894561768
1382630813.826649904251099
1382630814.164088010787964
1382630814.410406112670898
1382630814.591799974441528
1382630814.901581048965454
1382630815.313709020614624
1382630815.637346982955933
1382630815.962577104568481
1382630816.148365020751953
1382630816.330651998519897
1382630816.516926050186157
1382630816.709080934524536
1382630816.937804937362671
1382630817.298825979232788
1382630817.579992055892944
1382630817.917678117752075
1382630818.200145959854126
1382630818.639153003692627
1382630818.919967889785767
1382630819.109255075454712
1382630819.392672061920166
1382630819.716254949569702
1382630820.143937110900879
1382630820.509823083877563
1382630820.696332931518555
1382630820.894606113433838
1382630821.081422090530396
1382630821.284120082855225
1382630821.628722906112671
1382630821.961652040481567
1382630822.354157924652100
1382630822.726514101028442
1382630823.031546115875244
1382630823.231069087982178
1382630823.542993068695068
1382630823.876813888549805
1382630824.270929098129272
1382630824.601783990859985
1382630824.880106925964355
1382630825.076328039169312
1382630825.268435001373291
1382630825.464154958724976
1382630825.702351093292236
1382630826.154361963272095
1382630826.492604970932007
1382630826.793876886367798
1382630827.126502990722656
1382630827.335628032684326
1382630827.539134979248047
1382630827.778409957885742
1382630828.116075992584229
1382630828.464015960693359
1382630828.763695955276489
1382630829.113049983978271
1382630829.396507978439331
1382630829.597651958465576
1382630829.789220094680786
1382630829.993029117584229
1382630830.294154882431030
1382630830.686075925827026
1382630831.077042102813721
1382630831.421638965606689
1382630831.747298955917358
1382630832.071291923522949
1382630832.277033090591431
1382630832.581861972808838
1382630832.971774101257324
1382630833.394222021102905
1382630833.773344039916992
1382630833.965172052383423
1382630834.166155099868774
1382630834.369450092315674
1382630834.711751937866211
1382630835.051229000091553
1382630835.462280988693237
1382630835.814122915267944
1382630836.078906059265137
1382630836.279601097106934
1382630836.496834039688110
1382630836.706224918365479
1382630837.006928920745850
1382630837.309293985366821
1382630837.607862949371338
1382630837.960333108901978
1382630838.360712051391602
1382630838.733793020248413
1382630839.008024930953979
1382630839.468522071838379
1382630839.776273965835571
1382630840.130458116531372
1382630840.483051061630249
1382630840.680898904800415
1382630840.877249002456665
1382630841.237647056579590
1382630841.688225984573364
1382630842.030230998992920
1382630842.386859893798828
1382630842.591813087463379
1382630842.808408021926880
1382630843.026644945144653
1382630843.284564971923828
1382630843.747843027114868
1382630844.250189065933228
1382630844.571389913558960
1382630844.775623083114624
1382630844.976726055145264
1382630845.205465078353882
1382630845.403997898101807
1382630845.709814071655273
1382630846.144485950469971
1382630846.557734966278076
1382630846.951879024505615
1382630847.160628080368042
1382630847.359057903289795
1382630847.562176942825317
1382630847.973699092864990
1382630848.284184932708740
1382630848.639642000198364
1382630849.013648986816406
1382630849.351438999176025
1382630849.569878101348877
1382630849.850641965866089
1382630850.215079069137573
1382630850.666448116302490
1382630851.021965026855469
1382630851.387213945388794
1382630851.589051008224487
1382630851.790425062179565
1382630852.048432111740112
1382630852.412821054458618
1382630852.775980949401855
1382630853.139823913574219
1382630853.563751935958862
1382630853.776916027069092
1382630853.981031894683838
1382630854.303769111633301
1382630854.694668054580688
1382630855.059592962265015
1382630855.425028085708618
1382630855.694444894790649
1382630855.921386003494263
1382630856.145853996276855
1382630856.362236976623535
1382630856.663392066955566
1382630857.078808069229126
1382630857.486841917037964
1382630857.934406995773315
1382630858.249680995941162
1382630858.460598945617676
1382630858.903006076812744
1382630859.309319019317627
1382630859.802700996398926
1382630860.017632007598877
1382630860.227607011795044
1382630860.451246976852417
1382630860.687402009963989
1382630861.066720008850098
1382630861.440431118011475
1382630861.887907981872559
1382630862.226126909255981
1382630862.557312965393066
1382630862.789761066436768
1382630863.001290082931519
1382630863.331073045730591
1382630863.653573036193848
1382630863.994467973709106
1382630864.394675970077515
1382630864.834882974624634
1382630865.119141101837158
1382630865.445034027099609
1382630865.887056112289429
1382630866.315566062927246
1382630866.662085056304932
1382630866.889219045639038
1382630867.119508981704712
1382630867.342421054840088
1382630867.729681015014648
1382630868.229190111160278
1382630868.695053100585938
1382630869.021236896514893
1382630869.235411882400513
1382630869.451540946960449
1382630869.669465065002441
1382630870.002643108367920
1382630870.336462020874023
1382630870.788136005401611
1382630871.217336893081665
1382630871.581151008605957
1382630871.802486896514893
1382630872.122248888015747
1382630872.576287984848022
1382630873.007927894592285
1382630873.344413042068481
1382630873.580626964569092
1382630873.826163053512573
1382630874.071872949600220
1382630874.522011041641235
1382630874.968844890594482
1382630875.406167984008789
1382630875.737180948257446
1382630875.952029943466187
1382630876.181319952011108
1382630876.415579080581665
1382630876.791368007659912
1382630877.280426979064941
1382630877.724538087844849
1382630878.071419954299927
1382630878.290215969085693
1382630878.514691114425659
1382630878.956764936447144
1382630879.529942989349365
1382630879.876789093017578
1382630880.106362104415894
1382630880.336394071578979
1382630880.576786994934082
1382630880.863796949386597
1382630881.326873064041138
1382630881.747656106948853
1382630882.084135055541992
1382630882.477488994598389
1382630882.793437957763672
1382630883.074376106262207
1382630883.601152896881104
1382630884.054687976837158
1382630884.386858940124512
1382630884.630778074264526
1382630884.858575105667114
1382630885.077646017074585
1382630885.320151090621948
1382630885.712704896926880
1382630886.165395975112915
1382630886.685054063796997
1382630887.048697948455811
